1 0.087373 0.767449 0.018063 0.024186
1 0.187095 0.760093 0.018063 0.024186
1 0.286804 0.729822 0.018063 0.024186
1 0.386525 0.612246 0.018063 0.024186
1 0.486234 0.562805 0.018063 0.024186
1 0.585956 0.557314 0.018063 0.024186
1 0.685665 0.559466 0.018063 0.024186
1 0.785386 0.563975 0.018063 0.024186
1 0.885095 0.537347 0.018063 0.024186
1 0.984816 0.460110 0.018063 0.024186
7 0.087373 0.393771 0.018063 0.024186
7 0.151475 0.328331 0.018063 0.024186
7 0.215589 0.329263 0.018063 0.024186
7 0.279690 0.383839 0.018063 0.024186
7 0.343791 0.258263 0.018063 0.024186
7 0.407892 0.308890 0.018063 0.024186
7 0.471994 0.257568 0.018063 0.024186
7 0.536095 0.205500 0.018063 0.024186
7 0.600196 0.110890 0.018063 0.024186
7 0.664297 0.040449 0.018063 0.024186
7 0.728399 0.108415 0.018063 0.024186
7 0.792500 0.110822 0.018063 0.024186
7 0.856601 0.055534 0.018063 0.024186
7 0.920715 0.032212 0.018063 0.024186
7 0.984816 0.032636 0.018063 0.024186
2 0.087373 0.728737 0.018063 0.024186
2 0.151475 0.672636 0.018063 0.024186
2 0.215589 0.567517 0.018063 0.024186
2 0.279690 0.483449 0.018063 0.024186
2 0.343791 0.429297 0.018063 0.024186
2 0.407892 0.361364 0.018063 0.024186
2 0.471994 0.374568 0.018063 0.024186
2 0.536095 0.337534 0.018063 0.024186
2 0.600196 0.329822 0.018063 0.024186
2 0.664297 0.247636 0.018063 0.024186
2 0.728399 0.215602 0.018063 0.024186
2 0.792500 0.212314 0.018063 0.024186
2 0.856601 0.153008 0.018063 0.024186
2 0.920715 0.206856 0.018063 0.024186
2 0.984816 0.172534 0.018063 0.024186
6 0.087373 0.839195 0.018063 0.024186
6 0.162158 0.747212 0.018063 0.024186
6 0.236956 0.647415 0.018063 0.024186
6 0.311741 0.589110 0.018063 0.024186
6 0.386525 0.585754 0.018063 0.024186
6 0.461310 0.534958 0.018063 0.024186
6 0.536095 0.552331 0.018063 0.024186
6 0.610880 0.473805 0.018063 0.024186
6 0.685665 0.395449 0.018063 0.024186
6 0.760449 0.380008 0.018063 0.024186
6 0.835234 0.358161 0.018063 0.024186
6 0.910032 0.353229 0.018063 0.024186
6 0.984816 0.334941 0.018063 0.024186
4 0.087373 0.739144 0.018063 0.024186
4 0.151475 0.674602 0.018063 0.024186
4 0.215589 0.666195 0.018063 0.024186
4 0.279690 0.635449 0.018063 0.024186
4 0.343791 0.634992 0.018063 0.024186
4 0.407892 0.645314 0.018063 0.024186
4 0.471994 0.458042 0.018063 0.024186
4 0.536095 0.449432 0.018063 0.024186
4 0.600196 0.396551 0.018063 0.024186
4 0.664297 0.277517 0.018063 0.024186
4 0.728399 0.271466 0.018063 0.024186
4 0.792500 0.180686 0.018063 0.024186
4 0.856601 0.173025 0.018063 0.024186
4 0.920715 0.153975 0.018063 0.024186
4 0.984816 0.221619 0.018063 0.024186
5 0.087373 0.592703 0.018063 0.024186
5 0.215589 0.627466 0.018063 0.024186
5 0.343791 0.649992 0.018063 0.024186
5 0.471994 0.628771 0.018063 0.024186
5 0.600196 0.700619 0.018063 0.024186
5 0.728399 0.615415 0.018063 0.024186
5 0.856601 0.668822 0.018063 0.024186
5 0.984816 0.679585 0.018063 0.024186