3 0.087380 0.862051 0.013241 0.017729
3 0.177114 0.772186 0.013241 0.017729
3 0.266861 0.815186 0.013241 0.017729
3 0.356608 0.705542 0.013241 0.017729
3 0.446354 0.922068 0.013241 0.017729
3 0.536089 0.710390 0.013241 0.017729
3 0.625835 0.657390 0.013241 0.017729
3 0.715582 0.515831 0.013241 0.017729
3 0.805316 0.475356 0.013241 0.017729
3 0.895063 0.330119 0.013241 0.017729
3 0.984810 0.507119 0.013241 0.017729
2 0.087380 0.738237 0.013241 0.017729
2 0.215582 0.646186 0.013241 0.017729
2 0.343785 0.445831 0.013241 0.017729
2 0.471987 0.482339 0.013241 0.017729
2 0.600190 0.286898 0.013241 0.017729
2 0.728405 0.364441 0.013241 0.017729
2 0.856608 0.367593 0.013241 0.017729
2 0.984810 0.102034 0.013241 0.017729
4 0.087380 0.797847 0.013241 0.017729
4 0.199557 0.599932 0.013241 0.017729
4 0.311734 0.705949 0.013241 0.017729
4 0.423911 0.486847 0.013241 0.017729
4 0.536089 0.321881 0.013241 0.017729
4 0.648266 0.381424 0.013241 0.017729
4 0.760456 0.349661 0.013241 0.017729
4 0.872633 0.334644 0.013241 0.017729
4 0.984810 0.425966 0.013241 0.017729
7 0.087380 0.536763 0.013241 0.017729
7 0.187089 0.651712 0.013241 0.017729
7 0.286810 0.510169 0.013241 0.017729
7 0.386519 0.595559 0.013241 0.017729
7 0.486241 0.492814 0.013241 0.017729
7 0.585949 0.235322 0.013241 0.017729
7 0.685658 0.335068 0.013241 0.017729
7 0.785380 0.176831 0.013241 0.017729
7 0.885089 0.283458 0.013241 0.017729
7 0.984810 0.413169 0.013241 0.017729
5 0.087380 0.699051 0.013241 0.017729
5 0.187089 0.768847 0.013241 0.017729
5 0.286810 0.599627 0.013241 0.017729
5 0.386519 0.556508 0.013241 0.017729
5 0.486241 0.577390 0.013241 0.017729
5 0.585949 0.366390 0.013241 0.017729
5 0.685658 0.158288 0.013241 0.017729
5 0.785380 0.258797 0.013241 0.017729
5 0.885089 0.285373 0.013241 0.017729
5 0.984810 0.190949 0.013241 0.017729
0 0.087380 0.724153 0.013241 0.017729
0 0.177114 0.690034 0.013241 0.017729
0 0.266861 0.738864 0.013241 0.017729
0 0.356608 0.573729 0.013241 0.017729
0 0.446354 0.447220 0.013241 0.017729
0 0.536089 0.536373 0.013241 0.017729
0 0.625835 0.325814 0.013241 0.017729
0 0.715582 0.418797 0.013241 0.017729
0 0.805316 0.466678 0.013241 0.017729
0 0.895063 0.315339 0.013241 0.017729
0 0.984810 0.409898 0.013241 0.017729