4 0.130306 0.772684 0.024815 0.033299
4 0.200866 0.719128 0.024815 0.033299
4 0.271414 0.627761 0.024815 0.033299
4 0.341975 0.589812 0.024815 0.033299
4 0.412535 0.575744 0.024815 0.033299
4 0.483096 0.482889 0.024815 0.033299
4 0.553643 0.528017 0.024815 0.033299
4 0.624204 0.436051 0.024815 0.033299
4 0.694764 0.408547 0.024815 0.033299
4 0.765312 0.415214 0.024815 0.033299
4 0.835873 0.369504 0.024815 0.033299
4 0.906433 0.405009 0.024815 0.033299
4 0.976994 0.308650 0.024815 0.033299
5 0.130306 0.642359 0.024815 0.033299
5 0.214968 0.637556 0.024815 0.033299
5 0.299643 0.552103 0.024815 0.033299
5 0.384306 0.567829 0.024815 0.033299
5 0.468981 0.527778 0.024815 0.033299
5 0.553643 0.457829 0.024815 0.033299
5 0.638318 0.310342 0.024815 0.033299
5 0.722981 0.323846 0.024815 0.033299
5 0.807656 0.180291 0.024815 0.033299
5 0.892318 0.296427 0.024815 0.033299
5 0.976994 0.150085 0.024815 0.033299
3 0.130306 0.756564 0.024815 0.033299
3 0.214968 0.663521 0.024815 0.033299
3 0.299643 0.593675 0.024815 0.033299
3 0.384306 0.489179 0.024815 0.033299
3 0.468981 0.446325 0.024815 0.033299
3 0.553643 0.357402 0.024815 0.033299
3 0.638318 0.352923 0.024815 0.033299
3 0.722981 0.318821 0.024815 0.033299
3 0.807656 0.310068 0.024815 0.033299
3 0.892318 0.276786 0.024815 0.033299
3 0.976994 0.245333 0.024815 0.033299
2 0.130306 0.825128 0.024815 0.033299
2 0.200866 0.696974 0.024815 0.033299
2 0.271414 0.529453 0.024815 0.033299
2 0.341975 0.474974 0.024815 0.033299
2 0.412535 0.427248 0.024815 0.033299
2 0.483096 0.371333 0.024815 0.033299
2 0.553643 0.320325 0.024815 0.033299
2 0.624204 0.320342 0.024815 0.033299
2 0.694764 0.303333 0.024815 0.033299
2 0.765312 0.248000 0.024815 0.033299
2 0.835873 0.273316 0.024815 0.033299
2 0.906433 0.210462 0.024815 0.033299
2 0.976994 0.274991 0.024815 0.033299