5 0.130299 0.779239 0.016599 0.022274
5 0.190783 0.753991 0.016599 0.022274
5 0.251255 0.612726 0.016599 0.022274
5 0.311739 0.540949 0.016599 0.022274
5 0.372210 0.596795 0.016599 0.022274
5 0.432694 0.439855 0.016599 0.022274
5 0.493166 0.436162 0.016599 0.022274
5 0.553650 0.527684 0.016599 0.022274
5 0.614121 0.423769 0.016599 0.022274
5 0.674605 0.366556 0.016599 0.022274
5 0.735076 0.180316 0.016599 0.022274
5 0.795561 0.256197 0.016599 0.022274
5 0.856032 0.374624 0.016599 0.022274
5 0.916516 0.230197 0.016599 0.022274
5 0.976987 0.362778 0.016599 0.022274
1 0.130299 0.273752 0.016599 0.022274
1 0.236146 0.384128 0.016599 0.022274
1 0.341981 0.356675 0.016599 0.022274
1 0.447815 0.254863 0.016599 0.022274
1 0.553650 0.440829 0.016599 0.022274
1 0.659484 0.448179 0.016599 0.022274
1 0.765318 0.389598 0.016599 0.022274
1 0.871153 0.273342 0.016599 0.022274
1 0.976987 0.455359 0.016599 0.022274