3 0.087373 0.442839 0.016215 0.021712
3 0.199551 0.459924 0.016215 0.021712
3 0.311728 0.500466 0.016215 0.021712
3 0.423918 0.501076 0.016215 0.021712
3 0.536095 0.588754 0.016215 0.021712
3 0.648272 0.758314 0.016215 0.021712
3 0.760449 0.680839 0.016215 0.021712
3 0.872627 0.716992 0.016215 0.021712
3 0.984804 0.774669 0.016215 0.021712
1 0.087373 0.714703 0.016215 0.021712
1 0.156411 0.657093 0.016215 0.021712
1 0.225437 0.618449 0.016215 0.021712
1 0.294475 0.599703 0.016215 0.021712
1 0.363513 0.669297 0.016215 0.021712
1 0.432538 0.463449 0.016215 0.021712
1 0.501576 0.440042 0.016215 0.021712
1 0.570614 0.399619 0.016215 0.021712
1 0.639639 0.486839 0.016215 0.021712
1 0.708677 0.444331 0.016215 0.021712
1 0.777703 0.256805 0.016215 0.021712
1 0.846741 0.319110 0.016215 0.021712
1 0.915778 0.245178 0.016215 0.021712
1 0.984804 0.278653 0.016215 0.021712
5 0.087373 0.819195 0.016215 0.021712
5 0.162158 0.745839 0.016215 0.021712
5 0.236943 0.850568 0.016215 0.021712
5 0.311728 0.792754 0.016215 0.021712
5 0.386525 0.817619 0.016215 0.021712
5 0.461310 0.787669 0.016215 0.021712
5 0.536095 0.737619 0.016215 0.021712
5 0.610880 0.643686 0.016215 0.021712
5 0.685665 0.635551 0.016215 0.021712
5 0.760449 0.441042 0.016215 0.021712
5 0.835234 0.552212 0.016215 0.021712
5 0.910019 0.457500 0.016215 0.021712
5 0.984804 0.448924 0.016215 0.021712
0 0.087373 0.686686 0.016215 0.021712
0 0.168956 0.684754 0.016215 0.021712
0 0.250551 0.538144 0.016215 0.021712
0 0.332133 0.660771 0.016215 0.021712
0 0.413715 0.467347 0.016215 0.021712
0 0.495297 0.369483 0.016215 0.021712
0 0.576880 0.388737 0.016215 0.021712
0 0.658475 0.277483 0.016215 0.021712
0 0.740057 0.368076 0.016215 0.021712
0 0.821639 0.194822 0.016215 0.021712
0 0.903222 0.104873 0.016215 0.021712
0 0.984804 0.290008 0.016215 0.021712