6 0.130299 0.641462 0.022764 0.030547
6 0.223076 0.651530 0.022764 0.030547
6 0.315841 0.663957 0.022764 0.030547
6 0.408618 0.658299 0.022764 0.030547
6 0.501382 0.782897 0.022764 0.030547
6 0.594159 0.688179 0.022764 0.030547
6 0.686924 0.642744 0.022764 0.030547
6 0.779688 0.639120 0.022764 0.030547
6 0.872465 0.732350 0.022764 0.030547
6 0.965229 0.637821 0.022764 0.030547
2 0.130299 0.698590 0.022764 0.030547
2 0.213803 0.549308 0.022764 0.030547
2 0.297293 0.555530 0.022764 0.030547
2 0.380783 0.581496 0.022764 0.030547
2 0.464274 0.341923 0.022764 0.030547
2 0.547764 0.478299 0.022764 0.030547
2 0.631268 0.261530 0.022764 0.030547
2 0.714758 0.206607 0.022764 0.030547
2 0.798248 0.294009 0.022764 0.030547
2 0.881739 0.129222 0.022764 0.030547
2 0.965229 0.235974 0.022764 0.030547
0 0.130299 0.281838 0.022764 0.030547
0 0.234669 0.283855 0.022764 0.030547
0 0.339038 0.311889 0.022764 0.030547
0 0.443408 0.244744 0.022764 0.030547
0 0.547764 0.245991 0.022764 0.030547
0 0.652134 0.426915 0.022764 0.030547
0 0.756503 0.212846 0.022764 0.030547
0 0.860873 0.452333 0.022764 0.030547
0 0.965229 0.547496 0.022764 0.030547
7 0.130299 0.621923 0.022764 0.030547
7 0.206210 0.773598 0.022764 0.030547
7 0.282108 0.715017 0.022764 0.030547
7 0.358006 0.747342 0.022764 0.030547
7 0.433917 0.657530 0.022764 0.030547
7 0.509815 0.627017 0.022764 0.030547
7 0.585726 0.504658 0.022764 0.030547
7 0.661624 0.420897 0.022764 0.030547
7 0.737522 0.375308 0.022764 0.030547
7 0.813433 0.485291 0.022764 0.030547
7 0.889331 0.441034 0.022764 0.030547
7 0.965229 0.534128 0.022764 0.030547