2 0.087373 0.670619 0.017684 0.023678
2 0.236956 0.629585 0.017684 0.023678
2 0.386525 0.502059 0.017684 0.023678
2 0.536095 0.351941 0.017684 0.023678
2 0.685665 0.217992 0.017684 0.023678
2 0.835234 0.179432 0.017684 0.023678
2 0.984816 0.164873 0.017684 0.023678
3 0.087373 0.794517 0.017684 0.023678
3 0.168968 0.828551 0.017684 0.023678
3 0.250551 0.788890 0.017684 0.023678
3 0.332133 0.767331 0.017684 0.023678
3 0.413715 0.771331 0.017684 0.023678
3 0.495297 0.699059 0.017684 0.023678
3 0.576892 0.654110 0.017684 0.023678
3 0.658475 0.595280 0.017684 0.023678
3 0.740057 0.510297 0.017684 0.023678
3 0.821639 0.426568 0.017684 0.023678
3 0.903222 0.406025 0.017684 0.023678
3 0.984816 0.373771 0.017684 0.023678