3 0.087380 0.778153 0.015468 0.020712
3 0.177127 0.716136 0.015468 0.020712
3 0.266861 0.742136 0.015468 0.020712
3 0.356608 0.748237 0.015468 0.020712
3 0.446354 0.706051 0.015468 0.020712
3 0.536089 0.637746 0.015468 0.020712
3 0.625835 0.571831 0.015468 0.020712
3 0.715582 0.523017 0.015468 0.020712
3 0.805329 0.477000 0.015468 0.020712
3 0.895063 0.448102 0.015468 0.020712
3 0.984810 0.453492 0.015468 0.020712
2 0.087380 0.808153 0.015468 0.020712
2 0.199557 0.771288 0.015468 0.020712
2 0.311734 0.632339 0.015468 0.020712
2 0.423911 0.599559 0.015468 0.020712
2 0.536089 0.546661 0.015468 0.020712
2 0.648278 0.448424 0.015468 0.020712
2 0.760456 0.359915 0.015468 0.020712
2 0.872633 0.341898 0.015468 0.020712
2 0.984810 0.406153 0.015468 0.020712
1 0.087380 0.835288 0.015468 0.020712
1 0.187089 0.597661 0.015468 0.020712
1 0.286810 0.549542 0.015468 0.020712
1 0.386519 0.430102 0.015468 0.020712
1 0.486241 0.333237 0.015468 0.020712
1 0.585949 0.341373 0.015468 0.020712
1 0.685671 0.263169 0.015468 0.020712
1 0.785380 0.290644 0.015468 0.020712
1 0.885101 0.242102 0.015468 0.020712
1 0.984810 0.191610 0.015468 0.020712
6 0.087380 0.800542 0.015468 0.020712
6 0.168962 0.717576 0.015468 0.020712
6 0.250544 0.726000 0.015468 0.020712
6 0.332127 0.688169 0.015468 0.020712
6 0.413722 0.674203 0.015468 0.020712
6 0.495304 0.589237 0.015468 0.020712
6 0.576886 0.578644 0.015468 0.020712
6 0.658468 0.529288 0.015468 0.020712
6 0.740051 0.435831 0.015468 0.020712
6 0.821646 0.357475 0.015468 0.020712
6 0.903228 0.330390 0.015468 0.020712
6 0.984810 0.300407 0.015468 0.020712
5 0.087380 0.798068 0.015468 0.020712
5 0.168962 0.840492 0.015468 0.020712
5 0.250544 0.912695 0.015468 0.020712
5 0.332127 0.836017 0.015468 0.020712
5 0.413722 0.924949 0.015468 0.020712
5 0.495304 0.924949 0.015468 0.020712
5 0.576886 0.924949 0.015468 0.020712
5 0.658468 0.924949 0.015468 0.020712
5 0.740051 0.924949 0.015468 0.020712
5 0.821646 0.924949 0.015468 0.020712
5 0.903228 0.924949 0.015468 0.020712
5 0.984810 0.924949 0.015468 0.020712