0 0.130299 0.461769 0.024013 0.032222
0 0.207280 0.515752 0.024013 0.032222
0 0.284248 0.562829 0.024013 0.032222
0 0.361217 0.617581 0.024013 0.032222
0 0.438185 0.686556 0.024013 0.032222
0 0.515166 0.735957 0.024013 0.032222
0 0.592134 0.766111 0.024013 0.032222
0 0.669102 0.826983 0.024013 0.032222
0 0.746070 0.883051 0.024013 0.032222
0 0.823051 0.883051 0.024013 0.032222
0 0.900019 0.883051 0.024013 0.032222
0 0.976987 0.883051 0.024013 0.032222
2 0.130299 0.726043 0.024013 0.032222
2 0.271420 0.640265 0.024013 0.032222
2 0.412529 0.580368 0.024013 0.032222
2 0.553650 0.479103 0.024013 0.032222
2 0.694758 0.399462 0.024013 0.032222
2 0.835879 0.336231 0.024013 0.032222
2 0.976987 0.235085 0.024013 0.032222
4 0.130299 0.778675 0.024013 0.032222
4 0.236146 0.609632 0.024013 0.032222
4 0.341981 0.467325 0.024013 0.032222
4 0.447815 0.370658 0.024013 0.032222
4 0.553650 0.301308 0.024013 0.032222
4 0.659484 0.282863 0.024013 0.032222
4 0.765318 0.233359 0.024013 0.032222
4 0.871153 0.224436 0.024013 0.032222
4 0.976987 0.210248 0.024013 0.032222
3 0.130299 0.753581 0.024013 0.032222
3 0.224376 0.700795 0.024013 0.032222
3 0.318452 0.676949 0.024013 0.032222
3 0.412529 0.594966 0.024013 0.032222
3 0.506605 0.554726 0.024013 0.032222
3 0.600682 0.541068 0.024013 0.032222
3 0.694758 0.494897 0.024013 0.032222
3 0.788834 0.462880 0.024013 0.032222
3 0.882911 0.437701 0.024013 0.032222
3 0.976987 0.421991 0.024013 0.032222