2 0.130306 0.703573 0.023032 0.030906
2 0.186752 0.745538 0.023032 0.030906
2 0.243197 0.694872 0.023032 0.030906
2 0.299643 0.624547 0.023032 0.030906
2 0.356089 0.763026 0.023032 0.030906
2 0.412535 0.663368 0.023032 0.030906
2 0.468981 0.698393 0.023032 0.030906
2 0.525427 0.529111 0.023032 0.030906
2 0.581873 0.678068 0.023032 0.030906
2 0.638318 0.553538 0.023032 0.030906
2 0.694764 0.423231 0.023032 0.030906
2 0.751210 0.272530 0.023032 0.030906
2 0.807656 0.326855 0.023032 0.030906
2 0.864102 0.308376 0.023032 0.030906
2 0.920548 0.092068 0.023032 0.030906
2 0.976994 0.298017 0.023032 0.030906
6 0.130306 0.883060 0.023032 0.030906
6 0.236140 0.729812 0.023032 0.030906
6 0.341987 0.764940 0.023032 0.030906
6 0.447822 0.741846 0.023032 0.030906
6 0.553656 0.525556 0.023032 0.030906
6 0.659490 0.451009 0.023032 0.030906
6 0.765325 0.418325 0.023032 0.030906
6 0.871159 0.412103 0.023032 0.030906
6 0.976994 0.228239 0.023032 0.030906