5 0.130306 0.778821 0.026369 0.035385
5 0.251261 0.619880 0.026369 0.035385
5 0.372217 0.533248 0.026369 0.035385
5 0.493172 0.443709 0.026369 0.035385
5 0.614127 0.393248 0.026369 0.035385
5 0.735083 0.339282 0.026369 0.035385
5 0.856038 0.288598 0.026369 0.035385
5 0.976994 0.302821 0.026369 0.035385
4 0.130306 0.535487 0.026369 0.035385
4 0.207287 0.577949 0.026369 0.035385
4 0.284255 0.614684 0.026369 0.035385
4 0.361223 0.630188 0.026369 0.035385
4 0.438191 0.610239 0.026369 0.035385
4 0.515172 0.676974 0.026369 0.035385
4 0.592140 0.655949 0.026369 0.035385
4 0.669108 0.702222 0.026369 0.035385
4 0.746076 0.802872 0.026369 0.035385
4 0.823045 0.738444 0.026369 0.035385
4 0.900025 0.762051 0.026369 0.035385
4 0.976994 0.855624 0.026369 0.035385
6 0.130306 0.749111 0.026369 0.035385
6 0.251261 0.634479 0.026369 0.035385
6 0.372217 0.483368 0.026369 0.035385
6 0.493172 0.446462 0.026369 0.035385
6 0.614127 0.402838 0.026369 0.035385
6 0.735083 0.306872 0.026369 0.035385
6 0.856038 0.264274 0.026369 0.035385
6 0.976994 0.249675 0.026369 0.035385
2 0.130306 0.692581 0.026369 0.035385
2 0.200866 0.661265 0.026369 0.035385
2 0.271427 0.631692 0.026369 0.035385
2 0.341987 0.633333 0.026369 0.035385
2 0.412535 0.609470 0.026369 0.035385
2 0.483096 0.615043 0.026369 0.035385
2 0.553656 0.512444 0.026369 0.035385
2 0.624204 0.546188 0.026369 0.035385
2 0.694764 0.426718 0.026369 0.035385
2 0.765325 0.339385 0.026369 0.035385
2 0.835885 0.308274 0.026369 0.035385
2 0.906433 0.288684 0.026369 0.035385
2 0.976994 0.269333 0.026369 0.035385
1 0.130306 0.727128 0.026369 0.035385
1 0.214981 0.729966 0.026369 0.035385
1 0.299643 0.640991 0.026369 0.035385
1 0.384318 0.558171 0.026369 0.035385
1 0.468981 0.446325 0.026369 0.035385
1 0.553656 0.431077 0.026369 0.035385
1 0.638318 0.439863 0.026369 0.035385
1 0.722994 0.382701 0.026369 0.035385
1 0.807656 0.364667 0.026369 0.035385
1 0.892331 0.343316 0.026369 0.035385
1 0.976994 0.261846 0.026369 0.035385
3 0.130306 0.454120 0.026369 0.035385
3 0.251261 0.372957 0.026369 0.035385
3 0.372217 0.426000 0.026369 0.035385
3 0.493172 0.441812 0.026369 0.035385
3 0.614127 0.522444 0.026369 0.035385
3 0.735083 0.536479 0.026369 0.035385
3 0.856038 0.607453 0.026369 0.035385
3 0.976994 0.600222 0.026369 0.035385