4 0.087373 0.733585 0.013886 0.018593
4 0.176297 0.733941 0.013886 0.018593
4 0.265209 0.804636 0.013886 0.018593
4 0.354133 0.699992 0.013886 0.018593
4 0.443057 0.673805 0.013886 0.018593
4 0.531968 0.560042 0.013886 0.018593
4 0.620892 0.357398 0.013886 0.018593
4 0.709804 0.354856 0.013886 0.018593
4 0.798728 0.294229 0.013886 0.018593
4 0.887639 0.186297 0.013886 0.018593
4 0.976563 0.164839 0.013886 0.018593
6 0.087373 0.771958 0.013886 0.018593
6 0.186171 0.764907 0.013886 0.018593
6 0.284968 0.710127 0.013886 0.018593
6 0.383766 0.830551 0.013886 0.018593
6 0.482576 0.769873 0.013886 0.018593
6 0.581373 0.822331 0.013886 0.018593
6 0.680171 0.762958 0.013886 0.018593
6 0.778968 0.793127 0.013886 0.018593
6 0.877766 0.608686 0.013886 0.018593
6 0.976563 0.205076 0.013886 0.018593
5 0.087373 0.358975 0.013886 0.018593
5 0.186171 0.361144 0.013886 0.018593
5 0.284968 0.442907 0.013886 0.018593
5 0.383766 0.393771 0.013886 0.018593
5 0.482576 0.422653 0.013886 0.018593
5 0.581373 0.443280 0.013886 0.018593
5 0.680171 0.403178 0.013886 0.018593
5 0.778968 0.400720 0.013886 0.018593
5 0.877766 0.251568 0.013886 0.018593
5 0.976563 0.032212 0.013886 0.018593
3 0.087373 0.839873 0.013886 0.018593
3 0.176297 0.809161 0.013886 0.018593
3 0.265209 0.749246 0.013886 0.018593
3 0.354133 0.708924 0.013886 0.018593
3 0.443057 0.847737 0.013886 0.018593
3 0.531968 0.858754 0.013886 0.018593
3 0.620892 0.716534 0.013886 0.018593
3 0.709804 0.769246 0.013886 0.018593
3 0.798728 0.796636 0.013886 0.018593
3 0.887639 0.630737 0.013886 0.018593
3 0.976563 0.391822 0.013886 0.018593
1 0.087373 0.743178 0.013886 0.018593
1 0.198525 0.676500 0.013886 0.018593
1 0.309677 0.562415 0.013886 0.018593
1 0.420816 0.515992 0.013886 0.018593
1 0.531968 0.360805 0.013886 0.018593
1 0.643120 0.319483 0.013886 0.018593
1 0.754259 0.230331 0.013886 0.018593
1 0.865411 0.251924 0.013886 0.018593
1 0.976563 0.223466 0.013886 0.018593