0 0.087373 0.431992 0.017430 0.023339
0 0.139677 0.405297 0.017430 0.023339
0 0.191981 0.411229 0.017430 0.023339
0 0.244285 0.415398 0.017430 0.023339
0 0.296589 0.467619 0.017430 0.023339
0 0.348892 0.509483 0.017430 0.023339
0 0.401209 0.452246 0.017430 0.023339
0 0.453513 0.399551 0.017430 0.023339
0 0.505816 0.384720 0.017430 0.023339
0 0.558120 0.410449 0.017430 0.023339
0 0.610424 0.420856 0.017430 0.023339
0 0.662728 0.422127 0.017430 0.023339
0 0.715032 0.455636 0.017430 0.023339
0 0.767335 0.434110 0.017430 0.023339
0 0.819639 0.350076 0.017430 0.023339
0 0.871943 0.401297 0.017430 0.023339
0 0.924247 0.164449 0.017430 0.023339
0 0.976551 0.032195 0.017430 0.023339
1 0.087373 0.700449 0.017430 0.023339
1 0.139677 0.790229 0.017430 0.023339
1 0.191981 0.696500 0.017430 0.023339
1 0.244285 0.721975 0.017430 0.023339
1 0.296589 0.716381 0.017430 0.023339
1 0.348892 0.616890 0.017430 0.023339
1 0.401209 0.544161 0.017430 0.023339
1 0.453513 0.568941 0.017430 0.023339
1 0.505816 0.549314 0.017430 0.023339
1 0.558120 0.455805 0.017430 0.023339
1 0.610424 0.421347 0.017430 0.023339
1 0.662728 0.369805 0.017430 0.023339
1 0.715032 0.333568 0.017430 0.023339
1 0.767335 0.356110 0.017430 0.023339
1 0.819639 0.272551 0.017430 0.023339
1 0.871943 0.326280 0.017430 0.023339
1 0.924247 0.342331 0.017430 0.023339
1 0.976551 0.386331 0.017430 0.023339
6 0.087373 0.797754 0.017430 0.023339
6 0.155778 0.800534 0.017430 0.023339
6 0.224171 0.751551 0.017430 0.023339
6 0.292576 0.770347 0.017430 0.023339
6 0.360968 0.832381 0.017430 0.023339
6 0.429373 0.781297 0.017430 0.023339
6 0.497766 0.762381 0.017430 0.023339
6 0.566158 0.729822 0.017430 0.023339
6 0.634563 0.753178 0.017430 0.023339
6 0.702956 0.754483 0.017430 0.023339
6 0.771361 0.766805 0.017430 0.023339
6 0.839753 0.699314 0.017430 0.023339
6 0.908158 0.487381 0.017430 0.023339
6 0.976551 0.283941 0.017430 0.023339
7 0.087373 0.356314 0.017430 0.023339
7 0.176297 0.372297 0.017430 0.023339
7 0.265209 0.328788 0.017430 0.023339
7 0.354133 0.296636 0.017430 0.023339
7 0.443044 0.365669 0.017430 0.023339
7 0.531968 0.433432 0.017430 0.023339
7 0.620880 0.358822 0.017430 0.023339
7 0.709804 0.309432 0.017430 0.023339
7 0.798715 0.328127 0.017430 0.023339
7 0.887639 0.360551 0.017430 0.023339
7 0.976551 0.565805 0.017430 0.023339