4 0.130312 0.782111 0.017338 0.023265
4 0.214975 0.683667 0.017338 0.023265
4 0.299650 0.690385 0.017338 0.023265
4 0.384312 0.446077 0.017338 0.023265
4 0.468987 0.456812 0.017338 0.023265
4 0.553650 0.416145 0.017338 0.023265
4 0.638312 0.135564 0.017338 0.023265
4 0.722987 0.309085 0.017338 0.023265
4 0.807650 0.356641 0.017338 0.023265
4 0.892325 0.310658 0.017338 0.023265
4 0.976987 0.179393 0.017338 0.023265
3 0.130312 0.286111 0.017338 0.023265
3 0.251268 0.306060 0.017338 0.023265
3 0.372223 0.050436 0.017338 0.023265
3 0.493178 0.069513 0.017338 0.023265
3 0.614121 0.050436 0.017338 0.023265
3 0.735076 0.050436 0.017338 0.023265
3 0.856032 0.050436 0.017338 0.023265
3 0.976987 0.050436 0.017338 0.023265
2 0.130312 0.759256 0.017338 0.023265
2 0.214975 0.553308 0.017338 0.023265
2 0.299650 0.467427 0.017338 0.023265
2 0.384312 0.478556 0.017338 0.023265
2 0.468987 0.401359 0.017338 0.023265
2 0.553650 0.235017 0.017338 0.023265
2 0.638312 0.297342 0.017338 0.023265
2 0.722987 0.276009 0.017338 0.023265
2 0.807650 0.295752 0.017338 0.023265
2 0.892325 0.182675 0.017338 0.023265
2 0.976987 0.054726 0.017338 0.023265
0 0.130312 0.696538 0.017338 0.023265
0 0.180108 0.622248 0.017338 0.023265
0 0.229917 0.526812 0.017338 0.023265
0 0.279726 0.636915 0.017338 0.023265
0 0.329522 0.602573 0.017338 0.023265
0 0.379331 0.714299 0.017338 0.023265
0 0.429140 0.611530 0.017338 0.023265
0 0.478936 0.659085 0.017338 0.023265
0 0.528745 0.579000 0.017338 0.023265
0 0.578554 0.568231 0.017338 0.023265
0 0.628363 0.471786 0.017338 0.023265
0 0.678159 0.618863 0.017338 0.023265
0 0.727968 0.640590 0.017338 0.023265
0 0.777777 0.653598 0.017338 0.023265
0 0.827573 0.696299 0.017338 0.023265
0 0.877382 0.650556 0.017338 0.023265
0 0.927191 0.699427 0.017338 0.023265
0 0.976987 0.669940 0.017338 0.023265
6 0.130312 0.488624 0.017338 0.023265
6 0.200860 0.701274 0.017338 0.023265
6 0.271420 0.594880 0.017338 0.023265
6 0.341981 0.629017 0.017338 0.023265
6 0.412541 0.778231 0.017338 0.023265
6 0.483089 0.883051 0.017338 0.023265
6 0.553650 0.883051 0.017338 0.023265
6 0.624210 0.817598 0.017338 0.023265
6 0.694758 0.883051 0.017338 0.023265
6 0.765318 0.883051 0.017338 0.023265
6 0.835879 0.883051 0.017338 0.023265
6 0.906439 0.883051 0.017338 0.023265
6 0.976987 0.883051 0.017338 0.023265