6 0.130312 0.634538 0.018535 0.024872
6 0.249586 0.650197 0.018535 0.024872
6 0.368860 0.599564 0.018535 0.024872
6 0.488134 0.487188 0.018535 0.024872
6 0.607408 0.386060 0.018535 0.024872
6 0.726682 0.324726 0.018535 0.024872
6 0.845955 0.282521 0.018535 0.024872
6 0.965242 0.216094 0.018535 0.024872
0 0.130312 0.715171 0.018535 0.024872
0 0.297293 0.746470 0.018535 0.024872
0 0.464274 0.719786 0.018535 0.024872
0 0.631268 0.789838 0.018535 0.024872
0 0.798248 0.735650 0.018535 0.024872
0 0.965242 0.551479 0.018535 0.024872
2 0.130312 0.768778 0.018535 0.024872
2 0.223076 0.791137 0.018535 0.024872
2 0.315854 0.784197 0.018535 0.024872
2 0.408618 0.799735 0.018535 0.024872
2 0.501382 0.788880 0.018535 0.024872
2 0.594159 0.774009 0.018535 0.024872
2 0.686924 0.809564 0.018535 0.024872
2 0.779701 0.749650 0.018535 0.024872
2 0.872465 0.650214 0.018535 0.024872
2 0.965242 0.397274 0.018535 0.024872
1 0.130312 0.415786 0.018535 0.024872
1 0.269459 0.451615 0.018535 0.024872
1 0.408618 0.433154 0.018535 0.024872
1 0.547777 0.493154 0.018535 0.024872
1 0.686924 0.439632 0.018535 0.024872
1 0.826083 0.513239 0.018535 0.024872
1 0.965242 0.538709 0.018535 0.024872