0 0.087373 0.666754 0.017354 0.023237
0 0.198525 0.636432 0.017354 0.023237
0 0.309677 0.727229 0.017354 0.023237
0 0.420816 0.699212 0.017354 0.023237
0 0.531968 0.691161 0.017354 0.023237
0 0.643120 0.738517 0.017354 0.023237
0 0.754259 0.666941 0.017354 0.023237
0 0.865411 0.751619 0.017354 0.023237
0 0.976563 0.913771 0.017354 0.023237
4 0.087373 0.758331 0.017354 0.023237
4 0.214399 0.771076 0.017354 0.023237
4 0.341424 0.741517 0.017354 0.023237
4 0.468462 0.749381 0.017354 0.023237
4 0.595487 0.755110 0.017354 0.023237
4 0.722513 0.766059 0.017354 0.023237
4 0.849538 0.691432 0.017354 0.023237
4 0.976563 0.154178 0.017354 0.023237
3 0.087373 0.713263 0.017354 0.023237
3 0.186171 0.666924 0.017354 0.023237
3 0.284968 0.729771 0.017354 0.023237
3 0.383766 0.621619 0.017354 0.023237
3 0.482576 0.589212 0.017354 0.023237
3 0.581373 0.497822 0.017354 0.023237
3 0.680171 0.360686 0.017354 0.023237
3 0.778968 0.200280 0.017354 0.023237
3 0.877766 0.152669 0.017354 0.023237
3 0.976563 0.147398 0.017354 0.023237
5 0.087373 0.845737 0.017354 0.023237
5 0.186171 0.795246 0.017354 0.023237
5 0.284968 0.776432 0.017354 0.023237
5 0.383766 0.781195 0.017354 0.023237
5 0.482576 0.857432 0.017354 0.023237
5 0.581373 0.821059 0.017354 0.023237
5 0.680171 0.787127 0.017354 0.023237
5 0.778968 0.743754 0.017354 0.023237
5 0.877766 0.708331 0.017354 0.023237
5 0.976563 0.226720 0.017354 0.023237