3 0.087373 0.702483 0.018342 0.024559
3 0.187095 0.666263 0.018342 0.024559
3 0.286804 0.640059 0.018342 0.024559
3 0.386525 0.655636 0.018342 0.024559
3 0.486234 0.582534 0.018342 0.024559
3 0.585956 0.521551 0.018342 0.024559
3 0.685665 0.419686 0.018342 0.024559
3 0.785373 0.319686 0.018342 0.024559
3 0.885095 0.243297 0.018342 0.024559
3 0.984804 0.180415 0.018342 0.024559
4 0.087373 0.382686 0.018342 0.024559
4 0.177120 0.421025 0.018342 0.024559
4 0.266867 0.477483 0.018342 0.024559
4 0.356601 0.532280 0.018342 0.024559
4 0.446348 0.593178 0.018342 0.024559
4 0.536095 0.641347 0.018342 0.024559
4 0.625842 0.676737 0.018342 0.024559
4 0.715576 0.732347 0.018342 0.024559
4 0.805323 0.803585 0.018342 0.024559
4 0.895070 0.842229 0.018342 0.024559
4 0.984804 0.886297 0.018342 0.024559