7 0.087373 0.265432 0.016848 0.022559
7 0.168209 0.286466 0.016848 0.022559
7 0.249044 0.294636 0.016848 0.022559
7 0.329880 0.267178 0.016848 0.022559
7 0.410715 0.241381 0.016848 0.022559
7 0.491551 0.265975 0.016848 0.022559
7 0.572386 0.373754 0.016848 0.022559
7 0.653222 0.352110 0.016848 0.022559
7 0.734057 0.324992 0.016848 0.022559
7 0.814892 0.287737 0.016848 0.022559
7 0.895728 0.201568 0.016848 0.022559
7 0.976563 0.032212 0.016848 0.022559
3 0.087373 0.683415 0.016848 0.022559
3 0.161475 0.698483 0.016848 0.022559
3 0.235576 0.661161 0.016848 0.022559
3 0.309677 0.645008 0.016848 0.022559
3 0.383766 0.566178 0.016848 0.022559
3 0.457867 0.512568 0.016848 0.022559
3 0.531968 0.428975 0.016848 0.022559
3 0.606070 0.292720 0.016848 0.022559
3 0.680171 0.323331 0.016848 0.022559
3 0.754259 0.157093 0.016848 0.022559
3 0.828361 0.218110 0.016848 0.022559
3 0.902462 0.217602 0.016848 0.022559
3 0.976563 0.249771 0.016848 0.022559
5 0.087373 0.748890 0.016848 0.022559
5 0.214399 0.760042 0.016848 0.022559
5 0.341424 0.664890 0.016848 0.022559
5 0.468449 0.480093 0.016848 0.022559
5 0.595487 0.497737 0.016848 0.022559
5 0.722513 0.399958 0.016848 0.022559
5 0.849538 0.445619 0.016848 0.022559
5 0.976563 0.410093 0.016848 0.022559
1 0.087373 0.333805 0.016848 0.022559
1 0.198525 0.424398 0.016848 0.022559
1 0.309677 0.332229 0.016848 0.022559
1 0.420816 0.373958 0.016848 0.022559
1 0.531968 0.421941 0.016848 0.022559
1 0.643120 0.376636 0.016848 0.022559
1 0.754259 0.362280 0.016848 0.022559
1 0.865411 0.360398 0.016848 0.022559
1 0.976563 0.291873 0.016848 0.022559