0 0.130306 0.764068 0.020076 0.026940
0 0.214981 0.611829 0.020076 0.026940
0 0.299643 0.609812 0.020076 0.026940
0 0.384318 0.621265 0.020076 0.026940
0 0.468981 0.544581 0.020076 0.026940
0 0.553656 0.632188 0.020076 0.026940
0 0.638318 0.480068 0.020076 0.026940
0 0.722994 0.448325 0.020076 0.026940
0 0.807656 0.324889 0.020076 0.026940
0 0.892318 0.356137 0.020076 0.026940
0 0.976994 0.352513 0.020076 0.026940
6 0.130306 0.725504 0.020076 0.026940
6 0.224382 0.534940 0.020076 0.026940
6 0.318459 0.525214 0.020076 0.026940
6 0.412535 0.395538 0.020076 0.026940
6 0.506611 0.404564 0.020076 0.026940
6 0.600688 0.462581 0.020076 0.026940
6 0.694764 0.237795 0.020076 0.026940
6 0.788841 0.185453 0.020076 0.026940
6 0.882917 0.193521 0.020076 0.026940
6 0.976994 0.339368 0.020076 0.026940
2 0.130306 0.584342 0.020076 0.026940
2 0.186752 0.673299 0.020076 0.026940
2 0.243197 0.372923 0.020076 0.026940
2 0.299643 0.503863 0.020076 0.026940
2 0.356089 0.292444 0.020076 0.026940
2 0.412535 0.270222 0.020076 0.026940
2 0.468981 0.357675 0.020076 0.026940
2 0.525427 0.329932 0.020076 0.026940
2 0.581873 0.179761 0.020076 0.026940
2 0.638318 0.220718 0.020076 0.026940
2 0.694764 0.108821 0.020076 0.026940
2 0.751210 0.106291 0.020076 0.026940
2 0.807656 0.154632 0.020076 0.026940
2 0.864102 0.142376 0.020076 0.026940
2 0.920548 0.050427 0.020076 0.026940
2 0.976994 0.050427 0.020076 0.026940
4 0.130306 0.735607 0.020076 0.026940
4 0.224382 0.617179 0.020076 0.026940
4 0.318459 0.532547 0.020076 0.026940
4 0.412535 0.561299 0.020076 0.026940
4 0.506611 0.478496 0.020076 0.026940
4 0.600688 0.338889 0.020076 0.026940
4 0.694764 0.414427 0.020076 0.026940
4 0.788841 0.267453 0.020076 0.026940
4 0.882917 0.225590 0.020076 0.026940
4 0.976994 0.207111 0.020076 0.026940