1 0.087380 0.360729 0.016835 0.022542
1 0.146658 0.373390 0.016835 0.022542
1 0.205937 0.373068 0.016835 0.022542
1 0.265215 0.421475 0.016835 0.022542
1 0.324494 0.488356 0.016835 0.022542
1 0.383772 0.414831 0.016835 0.022542
1 0.443051 0.471729 0.016835 0.022542
1 0.502329 0.346881 0.016835 0.022542
1 0.561608 0.431678 0.016835 0.022542
1 0.620886 0.482966 0.016835 0.022542
1 0.680165 0.444949 0.016835 0.022542
1 0.739443 0.389712 0.016835 0.022542
1 0.798722 0.464407 0.016835 0.022542
1 0.858000 0.486949 0.016835 0.022542
1 0.917278 0.416729 0.016835 0.022542
1 0.976557 0.451881 0.016835 0.022542
0 0.087380 0.706017 0.016835 0.022542
0 0.176291 0.687390 0.016835 0.022542
0 0.265215 0.607220 0.016835 0.022542
0 0.354127 0.692661 0.016835 0.022542
0 0.443051 0.634983 0.016835 0.022542
0 0.531962 0.523983 0.016835 0.022542
0 0.620886 0.434373 0.016835 0.022542
0 0.709797 0.357525 0.016835 0.022542
0 0.798722 0.246085 0.016835 0.022542
0 0.887633 0.279271 0.016835 0.022542
0 0.976557 0.348797 0.016835 0.022542
5 0.087380 0.789271 0.016835 0.022542
5 0.161468 0.863576 0.016835 0.022542
5 0.235570 0.789220 0.016835 0.022542
5 0.309671 0.809644 0.016835 0.022542
5 0.383772 0.763441 0.016835 0.022542
5 0.457873 0.850305 0.016835 0.022542
5 0.531962 0.748475 0.016835 0.022542
5 0.606063 0.671542 0.016835 0.022542
5 0.680165 0.793847 0.016835 0.022542
5 0.754266 0.747339 0.016835 0.022542
5 0.828354 0.690017 0.016835 0.022542
5 0.902456 0.632475 0.016835 0.022542
5 0.976557 0.265627 0.016835 0.022542
3 0.087380 0.647780 0.016835 0.022542
3 0.146658 0.627881 0.016835 0.022542
3 0.205937 0.674458 0.016835 0.022542
3 0.265215 0.587898 0.016835 0.022542
3 0.324494 0.518153 0.016835 0.022542
3 0.383772 0.405339 0.016835 0.022542
3 0.443051 0.397627 0.016835 0.022542
3 0.502329 0.262542 0.016835 0.022542
3 0.561608 0.442458 0.016835 0.022542
3 0.620886 0.284593 0.016835 0.022542
3 0.680165 0.310390 0.016835 0.022542
3 0.739443 0.139559 0.016835 0.022542
3 0.798722 0.352644 0.016835 0.022542
3 0.858000 0.345864 0.016835 0.022542
3 0.917278 0.321610 0.016835 0.022542
3 0.976557 0.432780 0.016835 0.022542
2 0.087380 0.724949 0.016835 0.022542
2 0.139684 0.739932 0.016835 0.022542
2 0.191987 0.667339 0.016835 0.022542
2 0.244291 0.647237 0.016835 0.022542
2 0.296595 0.523153 0.016835 0.022542
2 0.348899 0.581458 0.016835 0.022542
2 0.401203 0.680475 0.016835 0.022542
2 0.453506 0.682186 0.016835 0.022542
2 0.505810 0.546949 0.016835 0.022542
2 0.558114 0.645119 0.016835 0.022542
2 0.610418 0.359644 0.016835 0.022542
2 0.662734 0.354593 0.016835 0.022542
2 0.715038 0.421068 0.016835 0.022542
2 0.767342 0.457424 0.016835 0.022542
2 0.819646 0.172610 0.016835 0.022542
2 0.871949 0.237949 0.016835 0.022542
2 0.924253 0.098847 0.016835 0.022542
2 0.976557 0.284373 0.016835 0.022542