1 0.087380 0.324780 0.016886 0.022610
1 0.155772 0.286814 0.016886 0.022610
1 0.224177 0.316373 0.016886 0.022610
1 0.292570 0.312610 0.016886 0.022610
1 0.360975 0.307220 0.016886 0.022610
1 0.429367 0.313610 0.016886 0.022610
1 0.497772 0.292780 0.016886 0.022610
1 0.566165 0.321898 0.016886 0.022610
1 0.634570 0.311305 0.016886 0.022610
1 0.702962 0.321831 0.016886 0.022610
1 0.771367 0.323847 0.016886 0.022610
1 0.839759 0.293220 0.016886 0.022610
1 0.908165 0.196492 0.016886 0.022610
1 0.976557 0.032203 0.016886 0.022610
3 0.087380 0.796559 0.016886 0.022610
3 0.186177 0.805542 0.016886 0.022610
3 0.284975 0.788881 0.016886 0.022610
3 0.383772 0.806780 0.016886 0.022610
3 0.482570 0.778237 0.016886 0.022610
3 0.581367 0.786610 0.016886 0.022610
3 0.680165 0.804712 0.016886 0.022610
3 0.778962 0.780441 0.016886 0.022610
3 0.877759 0.715000 0.016886 0.022610
3 0.976557 0.366983 0.016886 0.022610
2 0.087380 0.770949 0.016886 0.022610
2 0.186177 0.811441 0.016886 0.022610
2 0.284975 0.786390 0.016886 0.022610
2 0.383772 0.789847 0.016886 0.022610
2 0.482570 0.779322 0.016886 0.022610
2 0.581367 0.784678 0.016886 0.022610
2 0.680165 0.793627 0.016886 0.022610
2 0.778962 0.764017 0.016886 0.022610
2 0.877759 0.611864 0.016886 0.022610
2 0.976557 0.186458 0.016886 0.022610
5 0.087380 0.676051 0.016886 0.022610
5 0.155772 0.652373 0.016886 0.022610
5 0.224177 0.677085 0.016886 0.022610
5 0.292570 0.685237 0.016886 0.022610
5 0.360975 0.695373 0.016886 0.022610
5 0.429367 0.699017 0.016886 0.022610
5 0.497772 0.696237 0.016886 0.022610
5 0.566165 0.672831 0.016886 0.022610
5 0.634570 0.669390 0.016886 0.022610
5 0.702962 0.694068 0.016886 0.022610
5 0.771367 0.656102 0.016886 0.022610
5 0.839759 0.645508 0.016886 0.022610
5 0.908165 0.522322 0.016886 0.022610
5 0.976557 0.032203 0.016886 0.022610