0 0.087380 0.459559 0.014734 0.019729
0 0.161468 0.436729 0.014734 0.019729
0 0.235570 0.435136 0.014734 0.019729
0 0.309671 0.453915 0.014734 0.019729
0 0.383772 0.413390 0.014734 0.019729
0 0.457873 0.477254 0.014734 0.019729
0 0.531962 0.442322 0.014734 0.019729
0 0.606063 0.432525 0.014734 0.019729
0 0.680165 0.418186 0.014734 0.019729
0 0.754266 0.413271 0.014734 0.019729
0 0.828354 0.494475 0.014734 0.019729
0 0.902456 0.564797 0.014734 0.019729
0 0.976557 0.713186 0.014734 0.019729
1 0.087380 0.775271 0.014734 0.019729
1 0.168215 0.816102 0.014734 0.019729
1 0.249051 0.729220 0.014734 0.019729
1 0.329873 0.783458 0.014734 0.019729
1 0.410709 0.743254 0.014734 0.019729
1 0.491544 0.785220 0.014734 0.019729
1 0.572380 0.709661 0.014734 0.019729
1 0.653215 0.719831 0.014734 0.019729
1 0.734051 0.788373 0.014734 0.019729
1 0.814886 0.705237 0.014734 0.019729
1 0.895722 0.554271 0.014734 0.019729
1 0.976557 0.179441 0.014734 0.019729
3 0.087380 0.817966 0.014734 0.019729
3 0.186177 0.711661 0.014734 0.019729
3 0.284975 0.623254 0.014734 0.019729
3 0.383772 0.623339 0.014734 0.019729
3 0.482570 0.480983 0.014734 0.019729
3 0.581367 0.407831 0.014734 0.019729
3 0.680165 0.267729 0.014734 0.019729
3 0.778962 0.187339 0.014734 0.019729
3 0.877759 0.134780 0.014734 0.019729
3 0.976557 0.177186 0.014734 0.019729
7 0.087380 0.726288 0.014734 0.019729
7 0.235570 0.839966 0.014734 0.019729
7 0.383772 0.852186 0.014734 0.019729
7 0.531962 0.789847 0.014734 0.019729
7 0.680165 0.771576 0.014734 0.019729
7 0.828354 0.752627 0.014734 0.019729
7 0.976557 0.410627 0.014734 0.019729
5 0.087380 0.791186 0.014734 0.019729
5 0.235570 0.837119 0.014734 0.019729
5 0.383772 0.762525 0.014734 0.019729
5 0.531962 0.773864 0.014734 0.019729
5 0.680165 0.821051 0.014734 0.019729
5 0.828354 0.759678 0.014734 0.019729
5 0.976557 0.314119 0.014734 0.019729
6 0.087380 0.790186 0.014734 0.019729
6 0.161468 0.751746 0.014734 0.019729
6 0.235570 0.825068 0.014734 0.019729
6 0.309671 0.768780 0.014734 0.019729
6 0.383772 0.807864 0.014734 0.019729
6 0.457873 0.817763 0.014734 0.019729
6 0.531962 0.791814 0.014734 0.019729
6 0.606063 0.826678 0.014734 0.019729
6 0.680165 0.807525 0.014734 0.019729
6 0.754266 0.827475 0.014734 0.019729
6 0.828354 0.688017 0.014734 0.019729
6 0.902456 0.676220 0.014734 0.019729
6 0.976557 0.442237 0.014734 0.019729