2 0.087373 0.426246 0.012190 0.016322
2 0.139690 0.449500 0.012190 0.016322
2 0.191994 0.420941 0.012190 0.016322
2 0.244297 0.435636 0.012190 0.016322
2 0.296601 0.444636 0.012190 0.016322
2 0.348905 0.436076 0.012190 0.016322
2 0.401209 0.414568 0.012190 0.016322
2 0.453513 0.437144 0.012190 0.016322
2 0.505816 0.425873 0.012190 0.016322
2 0.558120 0.439568 0.012190 0.016322
2 0.610424 0.420720 0.012190 0.016322
2 0.662728 0.421381 0.012190 0.016322
2 0.715032 0.405992 0.012190 0.016322
2 0.767348 0.429280 0.012190 0.016322
2 0.819652 0.412144 0.012190 0.016322
2 0.871956 0.400127 0.012190 0.016322
2 0.924259 0.328246 0.012190 0.016322
2 0.976563 0.185805 0.012190 0.016322
5 0.087373 0.778449 0.012190 0.016322
5 0.146665 0.790280 0.012190 0.016322
5 0.205943 0.788636 0.012190 0.016322
5 0.265222 0.786669 0.012190 0.016322
5 0.324500 0.784653 0.012190 0.016322
5 0.383778 0.789297 0.012190 0.016322
5 0.443057 0.785110 0.012190 0.016322
5 0.502335 0.767924 0.012190 0.016322
5 0.561614 0.775280 0.012190 0.016322
5 0.620892 0.776398 0.012190 0.016322
5 0.680171 0.791907 0.012190 0.016322
5 0.739449 0.793381 0.012190 0.016322
5 0.798728 0.756703 0.012190 0.016322
5 0.858006 0.713958 0.012190 0.016322
5 0.917285 0.579347 0.012190 0.016322
5 0.976563 0.350551 0.012190 0.016322
3 0.087373 0.722161 0.012190 0.016322
3 0.168209 0.734619 0.012190 0.016322
3 0.249044 0.709449 0.012190 0.016322
3 0.329880 0.675398 0.012190 0.016322
3 0.410715 0.665907 0.012190 0.016322
3 0.491551 0.607669 0.012190 0.016322
3 0.572386 0.554178 0.012190 0.016322
3 0.653222 0.466890 0.012190 0.016322
3 0.734057 0.398975 0.012190 0.016322
3 0.814892 0.305958 0.012190 0.016322
3 0.895728 0.285483 0.012190 0.016322
3 0.976563 0.210229 0.012190 0.016322
0 0.087373 0.785636 0.012190 0.016322
0 0.146665 0.725703 0.012190 0.016322
0 0.205943 0.696941 0.012190 0.016322
0 0.265222 0.654805 0.012190 0.016322
0 0.324500 0.583195 0.012190 0.016322
0 0.383778 0.545958 0.012190 0.016322
0 0.443057 0.438839 0.012190 0.016322
0 0.502335 0.378008 0.012190 0.016322
0 0.561614 0.329839 0.012190 0.016322
0 0.620892 0.261364 0.012190 0.016322
0 0.680171 0.250720 0.012190 0.016322
0 0.739449 0.219127 0.012190 0.016322
0 0.798728 0.196958 0.012190 0.016322
0 0.858006 0.182805 0.012190 0.016322
0 0.917285 0.180720 0.012190 0.016322
0 0.976563 0.146297 0.012190 0.016322