7 0.130306 0.394803 0.022318 0.029949
7 0.199885 0.259880 0.022318 0.029949
7 0.269465 0.250906 0.022318 0.029949
7 0.339045 0.400308 0.022318 0.029949
7 0.408611 0.393009 0.022318 0.029949
7 0.478191 0.383162 0.022318 0.029949
7 0.547771 0.458650 0.022318 0.029949
7 0.617350 0.428274 0.022318 0.029949
7 0.686930 0.433744 0.022318 0.029949
7 0.756497 0.414137 0.022318 0.029949
7 0.826076 0.349009 0.022318 0.029949
7 0.895656 0.269419 0.022318 0.029949
7 0.965236 0.050427 0.022318 0.029949
1 0.130306 0.831966 0.022318 0.029949
1 0.206204 0.691077 0.022318 0.029949
1 0.282115 0.776222 0.022318 0.029949
1 0.358013 0.764530 0.022318 0.029949
1 0.433911 0.713060 0.022318 0.029949
1 0.509822 0.840752 0.022318 0.029949
1 0.585720 0.733624 0.022318 0.029949
1 0.661618 0.747949 0.022318 0.029949
1 0.737529 0.719402 0.022318 0.029949
1 0.813427 0.705932 0.022318 0.029949
1 0.889338 0.424085 0.022318 0.029949
1 0.965236 0.321111 0.022318 0.029949
5 0.130306 0.460735 0.022318 0.029949
5 0.213796 0.467282 0.022318 0.029949
5 0.297287 0.462462 0.022318 0.029949
5 0.380790 0.468291 0.022318 0.029949
5 0.464280 0.338513 0.022318 0.029949
5 0.547771 0.322068 0.022318 0.029949
5 0.631261 0.463607 0.022318 0.029949
5 0.714752 0.482479 0.022318 0.029949
5 0.798255 0.391641 0.022318 0.029949
5 0.881745 0.475778 0.022318 0.029949
5 0.965236 0.463470 0.022318 0.029949
3 0.130306 0.323556 0.022318 0.029949
3 0.213796 0.445675 0.022318 0.029949
3 0.297287 0.228000 0.022318 0.029949
3 0.380790 0.210359 0.022318 0.029949
3 0.464280 0.381521 0.022318 0.029949
3 0.547771 0.365538 0.022318 0.029949
3 0.631261 0.317795 0.022318 0.029949
3 0.714752 0.315128 0.022318 0.029949
3 0.798255 0.297026 0.022318 0.029949
3 0.881745 0.232103 0.022318 0.029949
3 0.965236 0.583829 0.022318 0.029949