7 0.087373 0.739619 0.013380 0.017915
7 0.162171 0.754653 0.013380 0.017915
7 0.236956 0.674636 0.013380 0.017915
7 0.311741 0.702246 0.013380 0.017915
7 0.386525 0.668314 0.013380 0.017915
7 0.461310 0.632703 0.013380 0.017915
7 0.536095 0.557297 0.013380 0.017915
7 0.610880 0.521483 0.013380 0.017915
7 0.685665 0.492280 0.013380 0.017915
7 0.760449 0.341297 0.013380 0.017915
7 0.835247 0.306941 0.013380 0.017915
7 0.910032 0.245432 0.013380 0.017915
7 0.984816 0.163619 0.013380 0.017915
3 0.087373 0.314178 0.013380 0.017915
3 0.215589 0.301127 0.013380 0.017915
3 0.343791 0.230500 0.013380 0.017915
3 0.471994 0.117568 0.013380 0.017915
3 0.600196 0.113873 0.013380 0.017915
3 0.728399 0.032212 0.013380 0.017915
3 0.856614 0.032212 0.013380 0.017915
3 0.984816 0.032212 0.013380 0.017915
1 0.087373 0.768602 0.013380 0.017915
1 0.168968 0.718602 0.013380 0.017915
1 0.250551 0.626076 0.013380 0.017915
1 0.332133 0.597720 0.013380 0.017915
1 0.413715 0.582059 0.013380 0.017915
1 0.495297 0.581602 0.013380 0.017915
1 0.576892 0.504975 0.013380 0.017915
1 0.658475 0.495551 0.013380 0.017915
1 0.740057 0.454669 0.013380 0.017915
1 0.821639 0.382466 0.013380 0.017915
1 0.903234 0.316398 0.013380 0.017915
1 0.984816 0.342975 0.013380 0.017915
6 0.087373 0.415941 0.013380 0.017915
6 0.236956 0.295517 0.013380 0.017915
6 0.386525 0.209093 0.013380 0.017915
6 0.536095 0.220534 0.013380 0.017915
6 0.685665 0.144686 0.013380 0.017915
6 0.835247 0.081331 0.013380 0.017915
6 0.984816 0.054263 0.013380 0.017915
5 0.087373 0.772619 0.013380 0.017915
5 0.147209 0.732805 0.013380 0.017915
5 0.207032 0.650415 0.013380 0.017915
5 0.266867 0.645398 0.013380 0.017915
5 0.326690 0.579127 0.013380 0.017915
5 0.386525 0.491042 0.013380 0.017915
5 0.446348 0.493975 0.013380 0.017915
5 0.506184 0.378890 0.013380 0.017915
5 0.566006 0.429280 0.013380 0.017915
5 0.625842 0.377788 0.013380 0.017915
5 0.685665 0.326093 0.013380 0.017915
5 0.745500 0.394110 0.013380 0.017915
5 0.805323 0.387653 0.013380 0.017915
5 0.865158 0.361229 0.013380 0.017915
5 0.924981 0.239008 0.013380 0.017915
5 0.984816 0.294568 0.013380 0.017915