4 0.130306 0.719692 0.025682 0.034462
4 0.182497 0.760667 0.025682 0.034462
4 0.234675 0.795897 0.025682 0.034462
4 0.286854 0.744615 0.025682 0.034462
4 0.339045 0.753949 0.025682 0.034462
4 0.391223 0.782342 0.025682 0.034462
4 0.443401 0.758530 0.025682 0.034462
4 0.495592 0.774684 0.025682 0.034462
4 0.547771 0.756906 0.025682 0.034462
4 0.599962 0.737197 0.025682 0.034462
4 0.652140 0.703709 0.025682 0.034462
4 0.704318 0.801966 0.025682 0.034462
4 0.756510 0.675675 0.025682 0.034462
4 0.808688 0.800667 0.025682 0.034462
4 0.860866 0.677419 0.025682 0.034462
4 0.913057 0.501761 0.025682 0.034462
4 0.965236 0.275043 0.025682 0.034462
3 0.130306 0.682872 0.025682 0.034462
3 0.199885 0.634239 0.025682 0.034462
3 0.269465 0.596359 0.025682 0.034462
3 0.339045 0.538786 0.025682 0.034462
3 0.408624 0.419966 0.025682 0.034462
3 0.478191 0.372752 0.025682 0.034462
3 0.547771 0.356427 0.025682 0.034462
3 0.617350 0.260427 0.025682 0.034462
3 0.686930 0.254974 0.025682 0.034462
3 0.756510 0.220274 0.025682 0.034462
3 0.826076 0.216598 0.025682 0.034462
3 0.895656 0.262376 0.025682 0.034462
3 0.965236 0.249282 0.025682 0.034462
5 0.130306 0.729077 0.025682 0.034462
5 0.223083 0.697214 0.025682 0.034462
5 0.315847 0.662667 0.025682 0.034462
5 0.408624 0.585932 0.025682 0.034462
5 0.501389 0.474530 0.025682 0.034462
5 0.594153 0.487504 0.025682 0.034462
5 0.686930 0.413590 0.025682 0.034462
5 0.779694 0.421761 0.025682 0.034462
5 0.872471 0.412838 0.025682 0.034462
5 0.965236 0.361385 0.025682 0.034462
2 0.130306 0.669043 0.025682 0.034462
2 0.189949 0.653145 0.025682 0.034462
2 0.249580 0.611692 0.025682 0.034462
2 0.309223 0.623761 0.025682 0.034462
2 0.368866 0.556239 0.025682 0.034462
2 0.428497 0.538496 0.025682 0.034462
2 0.488140 0.458325 0.025682 0.034462
2 0.547771 0.418342 0.025682 0.034462
2 0.607414 0.361214 0.025682 0.034462
2 0.667045 0.304513 0.025682 0.034462
2 0.726688 0.325966 0.025682 0.034462
2 0.786318 0.202530 0.025682 0.034462
2 0.845962 0.299214 0.025682 0.034462
2 0.905605 0.297880 0.025682 0.034462
2 0.965236 0.208000 0.025682 0.034462