2 0.087380 0.521695 0.013063 0.017492
2 0.168215 0.430169 0.013063 0.017492
2 0.249051 0.440593 0.013063 0.017492
2 0.329886 0.500373 0.013063 0.017492
2 0.410722 0.432475 0.013063 0.017492
2 0.491544 0.487119 0.013063 0.017492
2 0.572380 0.466271 0.013063 0.017492
2 0.653215 0.318864 0.013063 0.017492
2 0.734051 0.341814 0.013063 0.017492
2 0.814886 0.529475 0.013063 0.017492
2 0.895722 0.305407 0.013063 0.017492
2 0.976557 0.032203 0.013063 0.017492
7 0.087380 0.874593 0.013063 0.017492
7 0.265215 0.725966 0.013063 0.017492
7 0.443051 0.671593 0.013063 0.017492
7 0.620886 0.871814 0.013063 0.017492
7 0.798722 0.824525 0.013063 0.017492
7 0.976557 0.156949 0.013063 0.017492
6 0.087380 0.425576 0.013063 0.017492
6 0.235570 0.404424 0.013063 0.017492
6 0.383772 0.420356 0.013063 0.017492
6 0.531962 0.416627 0.013063 0.017492
6 0.680165 0.547644 0.013063 0.017492
6 0.828367 0.395407 0.013063 0.017492
6 0.976557 0.913763 0.013063 0.017492
5 0.087380 0.474424 0.013063 0.017492
5 0.186177 0.460373 0.013063 0.017492
5 0.284975 0.572780 0.013063 0.017492
5 0.383772 0.418220 0.013063 0.017492
5 0.482570 0.413847 0.013063 0.017492
5 0.581367 0.461695 0.013063 0.017492
5 0.680165 0.371390 0.013063 0.017492
5 0.778962 0.476695 0.013063 0.017492
5 0.877759 0.370746 0.013063 0.017492
5 0.976557 0.196017 0.013063 0.017492