6 0.130306 0.851128 0.017121 0.022974
6 0.207287 0.703521 0.017121 0.022974
6 0.284255 0.589761 0.017121 0.022974
6 0.361223 0.555675 0.017121 0.022974
6 0.438191 0.508171 0.017121 0.022974
6 0.515172 0.457487 0.017121 0.022974
6 0.592140 0.461897 0.017121 0.022974
6 0.669108 0.425521 0.017121 0.022974
6 0.746076 0.425658 0.017121 0.022974
6 0.823057 0.389145 0.017121 0.022974
6 0.900025 0.332974 0.017121 0.022974
6 0.976994 0.291590 0.017121 0.022974
7 0.130306 0.769077 0.017121 0.022974
7 0.224382 0.674068 0.017121 0.022974
7 0.318459 0.570821 0.017121 0.022974
7 0.412535 0.477761 0.017121 0.022974
7 0.506611 0.491897 0.017121 0.022974
7 0.600688 0.473966 0.017121 0.022974
7 0.694764 0.371949 0.017121 0.022974
7 0.788841 0.363231 0.017121 0.022974
7 0.882917 0.310991 0.017121 0.022974
7 0.976994 0.276103 0.017121 0.022974
5 0.130306 0.780274 0.017121 0.022974
5 0.214981 0.619026 0.017121 0.022974
5 0.299643 0.580564 0.017121 0.022974
5 0.384318 0.515197 0.017121 0.022974
5 0.468981 0.447812 0.017121 0.022974
5 0.553656 0.463521 0.017121 0.022974
5 0.638318 0.346051 0.017121 0.022974
5 0.722994 0.352325 0.017121 0.022974
5 0.807656 0.297436 0.017121 0.022974
5 0.892331 0.335778 0.017121 0.022974
5 0.976994 0.332872 0.017121 0.022974
0 0.130306 0.672325 0.017121 0.022974
0 0.186752 0.679009 0.017121 0.022974
0 0.243197 0.711453 0.017121 0.022974
0 0.299643 0.691761 0.017121 0.022974
0 0.356089 0.595744 0.017121 0.022974
0 0.412535 0.647128 0.017121 0.022974
0 0.468981 0.509829 0.017121 0.022974
0 0.525427 0.562171 0.017121 0.022974
0 0.581873 0.470291 0.017121 0.022974
0 0.638318 0.472410 0.017121 0.022974
0 0.694764 0.413009 0.017121 0.022974
0 0.751210 0.434222 0.017121 0.022974
0 0.807656 0.406444 0.017121 0.022974
0 0.864102 0.389385 0.017121 0.022974
0 0.920548 0.420000 0.017121 0.022974
0 0.976994 0.353419 0.017121 0.022974