2 0.087380 0.789017 0.016481 0.022068
2 0.142949 0.787153 0.016481 0.022068
2 0.198532 0.769983 0.016481 0.022068
2 0.254101 0.839475 0.016481 0.022068
2 0.309671 0.765441 0.016481 0.022068
2 0.365253 0.890000 0.016481 0.022068
2 0.420823 0.811610 0.016481 0.022068
2 0.476392 0.806220 0.016481 0.022068
2 0.531975 0.763729 0.016481 0.022068
2 0.587544 0.786407 0.016481 0.022068
2 0.643114 0.839119 0.016481 0.022068
2 0.698696 0.819305 0.016481 0.022068
2 0.754266 0.762373 0.016481 0.022068
2 0.809835 0.735763 0.016481 0.022068
2 0.865418 0.651525 0.016481 0.022068
2 0.920987 0.428542 0.016481 0.022068
2 0.976557 0.166729 0.016481 0.022068
5 0.087380 0.683593 0.016481 0.022068
5 0.142949 0.654102 0.016481 0.022068
5 0.198532 0.551000 0.016481 0.022068
5 0.254101 0.664034 0.016481 0.022068
5 0.309671 0.652966 0.016481 0.022068
5 0.365253 0.523051 0.016481 0.022068
5 0.420823 0.547254 0.016481 0.022068
5 0.476392 0.504424 0.016481 0.022068
5 0.531975 0.496576 0.016481 0.022068
5 0.587544 0.456373 0.016481 0.022068
5 0.643114 0.370492 0.016481 0.022068
5 0.698696 0.389119 0.016481 0.022068
5 0.754266 0.378712 0.016481 0.022068
5 0.809835 0.459186 0.016481 0.022068
5 0.865418 0.445339 0.016481 0.022068
5 0.920987 0.506525 0.016481 0.022068
5 0.976557 0.428119 0.016481 0.022068
4 0.087380 0.433966 0.016481 0.022068
4 0.198532 0.450593 0.016481 0.022068
4 0.309671 0.478492 0.016481 0.022068
4 0.420823 0.470966 0.016481 0.022068
4 0.531975 0.496203 0.016481 0.022068
4 0.643114 0.462932 0.016481 0.022068
4 0.754266 0.446661 0.016481 0.022068
4 0.865418 0.585949 0.016481 0.022068
4 0.976557 0.913763 0.016481 0.022068
3 0.087380 0.752610 0.016481 0.022068
3 0.186177 0.803508 0.016481 0.022068
3 0.284975 0.761356 0.016481 0.022068
3 0.383772 0.681492 0.016481 0.022068
3 0.482570 0.791763 0.016481 0.022068
3 0.581367 0.772814 0.016481 0.022068
3 0.680165 0.814525 0.016481 0.022068
3 0.778962 0.771831 0.016481 0.022068
3 0.877759 0.702966 0.016481 0.022068
3 0.976557 0.412593 0.016481 0.022068
1 0.087380 0.826356 0.016481 0.022068
1 0.168215 0.780034 0.016481 0.022068
1 0.249051 0.732593 0.016481 0.022068
1 0.329886 0.770881 0.016481 0.022068
1 0.410722 0.751475 0.016481 0.022068
1 0.491557 0.796746 0.016481 0.022068
1 0.572392 0.759254 0.016481 0.022068
1 0.653228 0.776017 0.016481 0.022068
1 0.734063 0.817000 0.016481 0.022068
1 0.814899 0.740559 0.016481 0.022068
1 0.895722 0.658695 0.016481 0.022068
1 0.976557 0.304203 0.016481 0.022068