2 0.130306 0.646427 0.020535 0.027556
2 0.189949 0.652718 0.020535 0.027556
2 0.249580 0.653282 0.020535 0.027556
2 0.309223 0.636444 0.020535 0.027556
2 0.368866 0.628222 0.020535 0.027556
2 0.428497 0.650325 0.020535 0.027556
2 0.488140 0.637350 0.020535 0.027556
2 0.547771 0.667470 0.020535 0.027556
2 0.607414 0.649624 0.020535 0.027556
2 0.667045 0.642855 0.020535 0.027556
2 0.726688 0.652444 0.020535 0.027556
2 0.786318 0.649761 0.020535 0.027556
2 0.845962 0.635385 0.020535 0.027556
2 0.905605 0.582291 0.020535 0.027556
2 0.965236 0.432444 0.020535 0.027556
4 0.130306 0.753077 0.020535 0.027556
4 0.223083 0.733658 0.020535 0.027556
4 0.315847 0.681897 0.020535 0.027556
4 0.408624 0.611897 0.020535 0.027556
4 0.501389 0.567556 0.020535 0.027556
4 0.594153 0.447282 0.020535 0.027556
4 0.686930 0.365436 0.020535 0.027556
4 0.779694 0.285556 0.020535 0.027556
4 0.872471 0.272855 0.020535 0.027556
4 0.965236 0.245812 0.020535 0.027556
7 0.130306 0.657709 0.020535 0.027556
7 0.199885 0.684615 0.020535 0.027556
7 0.269465 0.650274 0.020535 0.027556
7 0.339045 0.656821 0.020535 0.027556
7 0.408624 0.653368 0.020535 0.027556
7 0.478191 0.612872 0.020535 0.027556
7 0.547771 0.684034 0.020535 0.027556
7 0.617350 0.638821 0.020535 0.027556
7 0.686930 0.662154 0.020535 0.027556
7 0.756510 0.653077 0.020535 0.027556
7 0.826089 0.646462 0.020535 0.027556
7 0.895656 0.601932 0.020535 0.027556
7 0.965236 0.376154 0.020535 0.027556