4 0.130306 0.681162 0.024790 0.033265
4 0.206217 0.677795 0.024790 0.033265
4 0.282115 0.686872 0.024790 0.033265
4 0.358013 0.705436 0.024790 0.033265
4 0.433924 0.677350 0.024790 0.033265
4 0.509822 0.646530 0.024790 0.033265
4 0.585720 0.665846 0.024790 0.033265
4 0.661631 0.675573 0.024790 0.033265
4 0.737529 0.679590 0.024790 0.033265
4 0.813427 0.682256 0.024790 0.033265
4 0.889338 0.708274 0.024790 0.033265
4 0.965236 0.879453 0.024790 0.033265
0 0.130306 0.747829 0.024790 0.033265
0 0.213796 0.752547 0.024790 0.033265
0 0.297299 0.752513 0.024790 0.033265
0 0.380790 0.755829 0.024790 0.033265
0 0.464280 0.760769 0.024790 0.033265
0 0.547771 0.752923 0.024790 0.033265
0 0.631261 0.753214 0.024790 0.033265
0 0.714752 0.760188 0.024790 0.033265
0 0.798255 0.736786 0.024790 0.033265
0 0.881745 0.589265 0.024790 0.033265
0 0.965236 0.219949 0.024790 0.033265
1 0.130306 0.802325 0.024790 0.033265
1 0.223083 0.799094 0.024790 0.033265
1 0.315847 0.767709 0.024790 0.033265
1 0.408611 0.745470 0.024790 0.033265
1 0.501389 0.700786 0.024790 0.033265
1 0.594153 0.629692 0.024790 0.033265
1 0.686930 0.540632 0.024790 0.033265
1 0.779694 0.420701 0.024790 0.033265
1 0.872471 0.376137 0.024790 0.033265
1 0.965236 0.313624 0.024790 0.033265
2 0.130306 0.687675 0.024790 0.033265
2 0.199885 0.705915 0.024790 0.033265
2 0.269465 0.688547 0.024790 0.033265
2 0.339045 0.666786 0.024790 0.033265
2 0.408611 0.686205 0.024790 0.033265
2 0.478191 0.683726 0.024790 0.033265
2 0.547771 0.701385 0.024790 0.033265
2 0.617350 0.693795 0.024790 0.033265
2 0.686930 0.691043 0.024790 0.033265
2 0.756510 0.690872 0.024790 0.033265
2 0.826076 0.674342 0.024790 0.033265
2 0.895656 0.694051 0.024790 0.033265
2 0.965236 0.765504 0.024790 0.033265