1 0.087373 0.645161 0.016696 0.022356
1 0.161475 0.632432 0.016696 0.022356
1 0.235576 0.578449 0.016696 0.022356
1 0.309677 0.540229 0.016696 0.022356
1 0.383766 0.582873 0.016696 0.022356
1 0.457867 0.608144 0.016696 0.022356
1 0.531968 0.596381 0.016696 0.022356
1 0.606070 0.643771 0.016696 0.022356
1 0.680171 0.574517 0.016696 0.022356
1 0.754259 0.567873 0.016696 0.022356
1 0.828361 0.636127 0.016696 0.022356
1 0.902462 0.719653 0.016696 0.022356
1 0.976563 0.913771 0.016696 0.022356
0 0.087373 0.708093 0.016696 0.022356
0 0.161475 0.690839 0.016696 0.022356
0 0.235576 0.603517 0.016696 0.022356
0 0.309677 0.683076 0.016696 0.022356
0 0.383766 0.672686 0.016696 0.022356
0 0.457867 0.661432 0.016696 0.022356
0 0.531968 0.577737 0.016696 0.022356
0 0.606070 0.573653 0.016696 0.022356
0 0.680171 0.548653 0.016696 0.022356
0 0.754259 0.433975 0.016696 0.022356
0 0.828361 0.397381 0.016696 0.022356
0 0.902462 0.449788 0.016696 0.022356
0 0.976563 0.481669 0.016696 0.022356
3 0.087373 0.749771 0.016696 0.022356
3 0.155778 0.813703 0.016696 0.022356
3 0.224171 0.757958 0.016696 0.022356
3 0.292576 0.862263 0.016696 0.022356
3 0.360968 0.754110 0.016696 0.022356
3 0.429373 0.833585 0.016696 0.022356
3 0.497766 0.760195 0.016696 0.022356
3 0.566171 0.787212 0.016696 0.022356
3 0.634563 0.823551 0.016696 0.022356
3 0.702968 0.801890 0.016696 0.022356
3 0.771361 0.756483 0.016696 0.022356
3 0.839766 0.761805 0.016696 0.022356
3 0.908158 0.679737 0.016696 0.022356
3 0.976563 0.427059 0.016696 0.022356