2 0.130312 0.756504 0.017006 0.022821
2 0.251268 0.655991 0.017006 0.022821
2 0.372210 0.629957 0.017006 0.022821
2 0.493166 0.540009 0.017006 0.022821
2 0.614121 0.482983 0.017006 0.022821
2 0.735076 0.441855 0.017006 0.022821
2 0.856032 0.448316 0.017006 0.022821
2 0.976987 0.379889 0.017006 0.022821
1 0.130312 0.508282 0.017006 0.022821
1 0.207280 0.574094 0.017006 0.022821
1 0.284248 0.701889 0.017006 0.022821
1 0.361217 0.674778 0.017006 0.022821
1 0.438197 0.654641 0.017006 0.022821
1 0.515166 0.799513 0.017006 0.022821
1 0.592134 0.865735 0.017006 0.022821
1 0.669102 0.879496 0.017006 0.022821
1 0.746070 0.883051 0.017006 0.022821
1 0.823051 0.883051 0.017006 0.022821
1 0.900019 0.883051 0.017006 0.022821
1 0.976987 0.883051 0.017006 0.022821
7 0.130312 0.545376 0.017006 0.022821
7 0.251268 0.646573 0.017006 0.022821
7 0.372210 0.704470 0.017006 0.022821
7 0.493166 0.754863 0.017006 0.022821
7 0.614121 0.835513 0.017006 0.022821
7 0.735076 0.883051 0.017006 0.022821
7 0.856032 0.883051 0.017006 0.022821
7 0.976987 0.883051 0.017006 0.022821
4 0.130312 0.685581 0.017006 0.022821
4 0.207280 0.676504 0.017006 0.022821
4 0.284248 0.668966 0.017006 0.022821
4 0.361217 0.595803 0.017006 0.022821
4 0.438197 0.603308 0.017006 0.022821
4 0.515166 0.589547 0.017006 0.022821
4 0.592134 0.505701 0.017006 0.022821
4 0.669102 0.429769 0.017006 0.022821
4 0.746070 0.347376 0.017006 0.022821
4 0.823051 0.338128 0.017006 0.022821
4 0.900019 0.369855 0.017006 0.022821
4 0.976987 0.238812 0.017006 0.022821
3 0.130312 0.753222 0.017006 0.022821
3 0.251268 0.767222 0.017006 0.022821
3 0.372210 0.868214 0.017006 0.022821
3 0.493166 0.883051 0.017006 0.022821
3 0.614121 0.883051 0.017006 0.022821
3 0.735076 0.883051 0.017006 0.022821
3 0.856032 0.883051 0.017006 0.022821
3 0.976987 0.883051 0.017006 0.022821