6 0.130306 0.761846 0.020994 0.028171
6 0.224382 0.626171 0.020994 0.028171
6 0.318459 0.539812 0.020994 0.028171
6 0.412535 0.432615 0.020994 0.028171
6 0.506611 0.376034 0.020994 0.028171
6 0.600688 0.342974 0.020994 0.028171
6 0.694764 0.315538 0.020994 0.028171
6 0.788841 0.270085 0.020994 0.028171
6 0.882917 0.251282 0.020994 0.028171
6 0.976994 0.227333 0.020994 0.028171
0 0.130306 0.381538 0.020994 0.028171
0 0.180115 0.441641 0.020994 0.028171
0 0.229911 0.462923 0.020994 0.028171
0 0.279720 0.502479 0.020994 0.028171
0 0.329529 0.531846 0.020994 0.028171
0 0.379325 0.588222 0.020994 0.028171
0 0.429134 0.600496 0.020994 0.028171
0 0.478943 0.683744 0.020994 0.028171
0 0.528752 0.685949 0.020994 0.028171
0 0.578548 0.744752 0.020994 0.028171
0 0.628357 0.772410 0.020994 0.028171
0 0.678166 0.822222 0.020994 0.028171
0 0.727962 0.850154 0.020994 0.028171
0 0.777771 0.883043 0.020994 0.028171
0 0.827580 0.883043 0.020994 0.028171
0 0.877376 0.883043 0.020994 0.028171
0 0.927185 0.883043 0.020994 0.028171
0 0.976994 0.883043 0.020994 0.028171