0 0.130306 0.698342 0.020076 0.026940
0 0.223083 0.641863 0.020076 0.026940
0 0.315847 0.642530 0.020076 0.026940
0 0.408624 0.561761 0.020076 0.026940
0 0.501389 0.473043 0.020076 0.026940
0 0.594153 0.386222 0.020076 0.026940
0 0.686930 0.320496 0.020076 0.026940
0 0.779694 0.271949 0.020076 0.026940
0 0.872471 0.242684 0.020076 0.026940
0 0.965236 0.230752 0.020076 0.026940
1 0.130306 0.608752 0.020076 0.026940
1 0.206217 0.593983 0.020076 0.026940
1 0.282115 0.626769 0.020076 0.026940
1 0.358013 0.636393 0.020076 0.026940
1 0.433924 0.621197 0.020076 0.026940
1 0.509822 0.589590 0.020076 0.026940
1 0.585720 0.629556 0.020076 0.026940
1 0.661631 0.600034 0.020076 0.026940
1 0.737529 0.596479 0.020076 0.026940
1 0.813427 0.606342 0.020076 0.026940
1 0.889338 0.504632 0.020076 0.026940
1 0.965236 0.050427 0.020076 0.026940
6 0.130306 0.736991 0.020076 0.026940
6 0.206217 0.734906 0.020076 0.026940
6 0.282115 0.739385 0.020076 0.026940
6 0.358013 0.744513 0.020076 0.026940
6 0.433924 0.740188 0.020076 0.026940
6 0.509822 0.746991 0.020076 0.026940
6 0.585720 0.732068 0.020076 0.026940
6 0.661631 0.741487 0.020076 0.026940
6 0.737529 0.729094 0.020076 0.026940
6 0.813427 0.747504 0.020076 0.026940
6 0.889338 0.710308 0.020076 0.026940
6 0.965236 0.625094 0.020076 0.026940
4 0.130306 0.789556 0.020076 0.026940
4 0.234675 0.728803 0.020076 0.026940
4 0.339045 0.659385 0.020076 0.026940
4 0.443414 0.601470 0.020076 0.026940
4 0.547771 0.473231 0.020076 0.026940
4 0.652140 0.414120 0.020076 0.026940
4 0.756510 0.382632 0.020076 0.026940
4 0.860866 0.351966 0.020076 0.026940
4 0.965236 0.333915 0.020076 0.026940
2 0.130306 0.693641 0.020076 0.026940
2 0.234675 0.669829 0.020076 0.026940
2 0.339045 0.651009 0.020076 0.026940
2 0.443414 0.577350 0.020076 0.026940
2 0.547771 0.516752 0.020076 0.026940
2 0.652140 0.426000 0.020076 0.026940
2 0.756510 0.382684 0.020076 0.026940
2 0.860866 0.351197 0.020076 0.026940
2 0.965236 0.313350 0.020076 0.026940
7 0.130306 0.415077 0.020076 0.026940
7 0.223083 0.420786 0.020076 0.026940
7 0.315847 0.440940 0.020076 0.026940
7 0.408624 0.431744 0.020076 0.026940
7 0.501389 0.413624 0.020076 0.026940
7 0.594153 0.426239 0.020076 0.026940
7 0.686930 0.399897 0.020076 0.026940
7 0.779694 0.418444 0.020076 0.026940
7 0.872471 0.387744 0.020076 0.026940
7 0.965236 0.137538 0.020076 0.026940