4 0.087380 0.777559 0.013418 0.017966
4 0.198519 0.788441 0.013418 0.017966
4 0.309671 0.790136 0.013418 0.017966
4 0.420823 0.792305 0.013418 0.017966
4 0.531962 0.772847 0.013418 0.017966
4 0.643114 0.794678 0.013418 0.017966
4 0.754266 0.776831 0.013418 0.017966
4 0.865405 0.690339 0.013418 0.017966
4 0.976557 0.282983 0.013418 0.017966
3 0.087380 0.730814 0.013418 0.017966
3 0.198519 0.696525 0.013418 0.017966
3 0.309671 0.673847 0.013418 0.017966
3 0.420823 0.613220 0.013418 0.017966
3 0.531962 0.538068 0.013418 0.017966
3 0.643114 0.404254 0.013418 0.017966
3 0.754266 0.328085 0.013418 0.017966
3 0.865405 0.225627 0.013418 0.017966
3 0.976557 0.230763 0.013418 0.017966
5 0.087380 0.782356 0.013418 0.017966
5 0.214405 0.781847 0.013418 0.017966
5 0.341430 0.797847 0.013418 0.017966
5 0.468456 0.782458 0.013418 0.017966
5 0.595481 0.771390 0.013418 0.017966
5 0.722506 0.811373 0.013418 0.017966
5 0.849532 0.723492 0.013418 0.017966
5 0.976557 0.353966 0.013418 0.017966
7 0.087380 0.799983 0.013418 0.017966
7 0.186177 0.767305 0.013418 0.017966
7 0.284975 0.795153 0.013418 0.017966
7 0.383772 0.802610 0.013418 0.017966
7 0.482570 0.790271 0.013418 0.017966
7 0.581367 0.761407 0.013418 0.017966
7 0.680165 0.807932 0.013418 0.017966
7 0.778962 0.778525 0.013418 0.017966
7 0.877759 0.614085 0.013418 0.017966
7 0.976557 0.205492 0.013418 0.017966
6 0.087380 0.756068 0.013418 0.017966
6 0.198519 0.755661 0.013418 0.017966
6 0.309671 0.682983 0.013418 0.017966
6 0.420823 0.631932 0.013418 0.017966
6 0.531962 0.555203 0.013418 0.017966
6 0.643114 0.472034 0.013418 0.017966
6 0.754266 0.377237 0.013418 0.017966
6 0.865405 0.324746 0.013418 0.017966
6 0.976557 0.290203 0.013418 0.017966