5 0.087373 0.895856 0.012089 0.016186
5 0.214411 0.696178 0.012089 0.016186
5 0.341437 0.709534 0.012089 0.016186
5 0.468462 0.639449 0.012089 0.016186
5 0.595487 0.552144 0.012089 0.016186
5 0.722513 0.603822 0.012089 0.016186
5 0.849538 0.668941 0.012089 0.016186
5 0.976563 0.171941 0.012089 0.016186
3 0.087373 0.593381 0.012089 0.016186
3 0.235576 0.783364 0.012089 0.016186
3 0.383778 0.786771 0.012089 0.016186
3 0.531968 0.789551 0.012089 0.016186
3 0.680171 0.770703 0.012089 0.016186
3 0.828361 0.753941 0.012089 0.016186
3 0.976563 0.329890 0.012089 0.016186
4 0.087373 0.829161 0.012089 0.016186
4 0.150892 0.790314 0.012089 0.016186
4 0.214411 0.828890 0.012089 0.016186
4 0.277918 0.841703 0.012089 0.016186
4 0.341437 0.779788 0.012089 0.016186
4 0.404943 0.807093 0.012089 0.016186
4 0.468462 0.674144 0.012089 0.016186
4 0.531968 0.913771 0.012089 0.016186
4 0.595487 0.704839 0.012089 0.016186
4 0.658994 0.691737 0.012089 0.016186
4 0.722513 0.913771 0.012089 0.016186
4 0.786019 0.787347 0.012089 0.016186
4 0.849538 0.723025 0.012089 0.016186
4 0.913044 0.611890 0.012089 0.016186
4 0.976563 0.285500 0.012089 0.016186
7 0.087373 0.393754 0.012089 0.016186
7 0.186171 0.177432 0.012089 0.016186
7 0.284981 0.239127 0.012089 0.016186
7 0.383778 0.213754 0.012089 0.016186
7 0.482576 0.255314 0.012089 0.016186
7 0.581373 0.395178 0.012089 0.016186
7 0.680171 0.349686 0.012089 0.016186
7 0.778968 0.274585 0.012089 0.016186
7 0.877766 0.415585 0.012089 0.016186
7 0.976563 0.359788 0.012089 0.016186