6 0.087373 0.723568 0.017000 0.022763
6 0.156411 0.695042 0.017000 0.022763
6 0.225437 0.624280 0.017000 0.022763
6 0.294475 0.693331 0.017000 0.022763
6 0.363513 0.784212 0.017000 0.022763
6 0.432538 0.717720 0.017000 0.022763
6 0.501576 0.924958 0.017000 0.022763
6 0.570601 0.730703 0.017000 0.022763
6 0.639639 0.924958 0.017000 0.022763
6 0.708677 0.888178 0.017000 0.022763
6 0.777703 0.924958 0.017000 0.022763
6 0.846741 0.924958 0.017000 0.022763
6 0.915778 0.834381 0.017000 0.022763
6 0.984804 0.924958 0.017000 0.022763
7 0.087373 0.646500 0.017000 0.022763
7 0.187095 0.611703 0.017000 0.022763
7 0.286804 0.506720 0.017000 0.022763
7 0.386513 0.472449 0.017000 0.022763
7 0.486234 0.511602 0.017000 0.022763
7 0.585943 0.272297 0.017000 0.022763
7 0.685665 0.321415 0.017000 0.022763
7 0.785373 0.337856 0.017000 0.022763
7 0.885095 0.186602 0.017000 0.022763
7 0.984804 0.032195 0.017000 0.022763
5 0.087373 0.732347 0.017000 0.022763
5 0.162158 0.725042 0.017000 0.022763
5 0.236943 0.641415 0.017000 0.022763
5 0.311728 0.568636 0.017000 0.022763
5 0.386513 0.325415 0.017000 0.022763
5 0.461310 0.404669 0.017000 0.022763
5 0.536095 0.358398 0.017000 0.022763
5 0.610880 0.276500 0.017000 0.022763
5 0.685665 0.306686 0.017000 0.022763
5 0.760449 0.319110 0.017000 0.022763
5 0.835234 0.292636 0.017000 0.022763
5 0.910019 0.264788 0.017000 0.022763
5 0.984804 0.246686 0.017000 0.022763