0 0.087380 0.815695 0.013392 0.017932
0 0.156405 0.745525 0.013392 0.017932
0 0.225443 0.677492 0.013392 0.017932
0 0.294468 0.656932 0.013392 0.017932
0 0.363506 0.409237 0.013392 0.017932
0 0.432544 0.510729 0.013392 0.017932
0 0.501570 0.352000 0.013392 0.017932
0 0.570608 0.292932 0.013392 0.017932
0 0.639646 0.301661 0.013392 0.017932
0 0.708671 0.383712 0.013392 0.017932
0 0.777709 0.295831 0.013392 0.017932
0 0.846747 0.307644 0.013392 0.017932
0 0.915772 0.356627 0.013392 0.017932
0 0.984810 0.246644 0.013392 0.017932
4 0.087380 0.860542 0.013392 0.017932
4 0.168962 0.667373 0.013392 0.017932
4 0.250544 0.772983 0.013392 0.017932
4 0.332127 0.687644 0.013392 0.017932
4 0.413709 0.628610 0.013392 0.017932
4 0.495304 0.597644 0.013392 0.017932
4 0.576886 0.447169 0.013392 0.017932
4 0.658468 0.443085 0.013392 0.017932
4 0.740051 0.268661 0.013392 0.017932
4 0.821633 0.386746 0.013392 0.017932
4 0.903228 0.240610 0.013392 0.017932
4 0.984810 0.081695 0.013392 0.017932
5 0.087380 0.506186 0.013392 0.017932
5 0.156405 0.460576 0.013392 0.017932
5 0.225443 0.348458 0.013392 0.017932
5 0.294468 0.353119 0.013392 0.017932
5 0.363506 0.319102 0.013392 0.017932
5 0.432544 0.287559 0.013392 0.017932
5 0.501570 0.255508 0.013392 0.017932
5 0.570608 0.198237 0.013392 0.017932
5 0.639646 0.230864 0.013392 0.017932
5 0.708671 0.259746 0.013392 0.017932
5 0.777709 0.168898 0.013392 0.017932
5 0.846747 0.054051 0.013392 0.017932
5 0.915772 0.188661 0.013392 0.017932
5 0.984810 0.232153 0.013392 0.017932
7 0.087380 0.712695 0.013392 0.017932
7 0.151481 0.698695 0.013392 0.017932
7 0.215582 0.766085 0.013392 0.017932
7 0.279684 0.460508 0.013392 0.017932
7 0.343785 0.504441 0.013392 0.017932
7 0.407886 0.419000 0.013392 0.017932
7 0.471987 0.343966 0.013392 0.017932
7 0.536089 0.319305 0.013392 0.017932
7 0.600190 0.250119 0.013392 0.017932
7 0.664291 0.313254 0.013392 0.017932
7 0.728392 0.220322 0.013392 0.017932
7 0.792506 0.262542 0.013392 0.017932
7 0.856608 0.172119 0.013392 0.017932
7 0.920709 0.169898 0.013392 0.017932
7 0.984810 0.278881 0.013392 0.017932