7 0.130306 0.751795 0.018140 0.024342
7 0.213796 0.733248 0.018140 0.024342
7 0.297287 0.804974 0.018140 0.024342
7 0.380777 0.807932 0.018140 0.024342
7 0.464280 0.742462 0.018140 0.024342
7 0.547771 0.750410 0.018140 0.024342
7 0.631261 0.751778 0.018140 0.024342
7 0.714752 0.746598 0.018140 0.024342
7 0.798242 0.771949 0.018140 0.024342
7 0.881745 0.674051 0.018140 0.024342
7 0.965236 0.399214 0.018140 0.024342
0 0.130306 0.786410 0.018140 0.024342
0 0.189949 0.694735 0.018140 0.024342
0 0.249580 0.744188 0.018140 0.024342
0 0.309223 0.803350 0.018140 0.024342
0 0.368854 0.737692 0.018140 0.024342
0 0.428497 0.795641 0.018140 0.024342
0 0.488127 0.733043 0.018140 0.024342
0 0.547771 0.719812 0.018140 0.024342
0 0.607401 0.790034 0.018140 0.024342
0 0.667045 0.726256 0.018140 0.024342
0 0.726688 0.744342 0.018140 0.024342
0 0.786318 0.724325 0.018140 0.024342
0 0.845962 0.666205 0.018140 0.024342
0 0.905592 0.673812 0.018140 0.024342
0 0.965236 0.502068 0.018140 0.024342
6 0.130306 0.792632 0.018140 0.024342
6 0.189949 0.790000 0.018140 0.024342
6 0.249580 0.763761 0.018140 0.024342
6 0.309223 0.748906 0.018140 0.024342
6 0.368854 0.751179 0.018140 0.024342
6 0.428497 0.731624 0.018140 0.024342
6 0.488127 0.760513 0.018140 0.024342
6 0.547771 0.709197 0.018140 0.024342
6 0.607401 0.769761 0.018140 0.024342
6 0.667045 0.661915 0.018140 0.024342
6 0.726688 0.729692 0.018140 0.024342
6 0.786318 0.758256 0.018140 0.024342
6 0.845962 0.684410 0.018140 0.024342
6 0.905592 0.417197 0.018140 0.024342
6 0.965236 0.206564 0.018140 0.024342
5 0.130306 0.327880 0.018140 0.024342
5 0.182484 0.336427 0.018140 0.024342
5 0.234675 0.355829 0.018140 0.024342
5 0.286854 0.383333 0.018140 0.024342
5 0.339032 0.407060 0.018140 0.024342
5 0.391223 0.369111 0.018140 0.024342
5 0.443401 0.322803 0.018140 0.024342
5 0.495580 0.345607 0.018140 0.024342
5 0.547771 0.397436 0.018140 0.024342
5 0.599949 0.346872 0.018140 0.024342
5 0.652140 0.338889 0.018140 0.024342
5 0.704318 0.382530 0.018140 0.024342
5 0.756497 0.341094 0.018140 0.024342
5 0.808688 0.330000 0.018140 0.024342
5 0.860866 0.326906 0.018140 0.024342
5 0.913045 0.128821 0.018140 0.024342
5 0.965236 0.050427 0.018140 0.024342