5 0.130312 0.509650 0.020395 0.027368
5 0.223076 0.528487 0.020395 0.027368
5 0.315854 0.473274 0.020395 0.027368
5 0.408618 0.541684 0.020395 0.027368
5 0.501382 0.467325 0.020395 0.027368
5 0.594159 0.530658 0.020395 0.027368
5 0.686924 0.522983 0.020395 0.027368
5 0.779701 0.557632 0.020395 0.027368
5 0.872465 0.595085 0.020395 0.027368
5 0.965242 0.879462 0.020395 0.027368
6 0.130312 0.742709 0.020395 0.027368
6 0.213803 0.726265 0.020395 0.027368
6 0.297293 0.742470 0.020395 0.027368
6 0.380783 0.800231 0.020395 0.027368
6 0.464287 0.772761 0.020395 0.027368
6 0.547777 0.788675 0.020395 0.027368
6 0.631268 0.713291 0.020395 0.027368
6 0.714758 0.800675 0.020395 0.027368
6 0.798248 0.711376 0.020395 0.027368
6 0.881739 0.625068 0.020395 0.027368
6 0.965242 0.278419 0.020395 0.027368
3 0.130312 0.775581 0.020395 0.027368
3 0.213803 0.735718 0.020395 0.027368
3 0.297293 0.679957 0.020395 0.027368
3 0.380783 0.782966 0.020395 0.027368
3 0.464287 0.815547 0.020395 0.027368
3 0.547777 0.827735 0.020395 0.027368
3 0.631268 0.735103 0.020395 0.027368
3 0.714758 0.824111 0.020395 0.027368
3 0.798248 0.750556 0.020395 0.027368
3 0.881739 0.610966 0.020395 0.027368
3 0.965242 0.278778 0.020395 0.027368
2 0.130312 0.745906 0.020395 0.027368
2 0.213803 0.753137 0.020395 0.027368
2 0.297293 0.715581 0.020395 0.027368
2 0.380783 0.794863 0.020395 0.027368
2 0.464287 0.785068 0.020395 0.027368
2 0.547777 0.788350 0.020395 0.027368
2 0.631268 0.730709 0.020395 0.027368
2 0.714758 0.723872 0.020395 0.027368
2 0.798248 0.713154 0.020395 0.027368
2 0.881739 0.544590 0.020395 0.027368
2 0.965242 0.276265 0.020395 0.027368