0 0.087380 0.661678 0.012810 0.017153
0 0.214405 0.676610 0.012810 0.017153
0 0.341430 0.660017 0.012810 0.017153
0 0.468456 0.512644 0.012810 0.017153
0 0.595481 0.413559 0.012810 0.017153
0 0.722506 0.214203 0.012810 0.017153
0 0.849532 0.225390 0.012810 0.017153
0 0.976557 0.255864 0.012810 0.017153
7 0.087380 0.645763 0.012810 0.017153
7 0.198532 0.715441 0.012810 0.017153
7 0.309671 0.615186 0.012810 0.017153
7 0.420823 0.611746 0.012810 0.017153
7 0.531975 0.509983 0.012810 0.017153
7 0.643114 0.331763 0.012810 0.017153
7 0.754266 0.241881 0.012810 0.017153
7 0.865418 0.149424 0.012810 0.017153
7 0.976557 0.176797 0.012810 0.017153
5 0.087380 0.913763 0.012810 0.017153
5 0.176291 0.820525 0.012810 0.017153
5 0.265215 0.727847 0.012810 0.017153
5 0.354127 0.810305 0.012810 0.017153
5 0.443051 0.806441 0.012810 0.017153
5 0.531975 0.713220 0.012810 0.017153
5 0.620886 0.841102 0.012810 0.017153
5 0.709810 0.901085 0.012810 0.017153
5 0.798722 0.779288 0.012810 0.017153
5 0.887646 0.704797 0.012810 0.017153
5 0.976557 0.397797 0.012810 0.017153
2 0.087380 0.823746 0.012810 0.017153
2 0.176291 0.760729 0.012810 0.017153
2 0.265215 0.775356 0.012810 0.017153
2 0.354127 0.710797 0.012810 0.017153
2 0.443051 0.531576 0.012810 0.017153
2 0.531975 0.602441 0.012810 0.017153
2 0.620886 0.447542 0.012810 0.017153
2 0.709810 0.404542 0.012810 0.017153
2 0.798722 0.350475 0.012810 0.017153
2 0.887646 0.278102 0.012810 0.017153
2 0.976557 0.238847 0.012810 0.017153
6 0.087380 0.756000 0.012810 0.017153
6 0.214405 0.549915 0.012810 0.017153
6 0.341430 0.677458 0.012810 0.017153
6 0.468456 0.513508 0.012810 0.017153
6 0.595481 0.359559 0.012810 0.017153
6 0.722506 0.246322 0.012810 0.017153
6 0.849532 0.218492 0.012810 0.017153
6 0.976557 0.125356 0.012810 0.017153
3 0.087380 0.913763 0.012810 0.017153
3 0.186177 0.913763 0.012810 0.017153
3 0.284975 0.825305 0.012810 0.017153
3 0.383772 0.704915 0.012810 0.017153
3 0.482570 0.906102 0.012810 0.017153
3 0.581367 0.913763 0.012810 0.017153
3 0.680165 0.742644 0.012810 0.017153
3 0.778962 0.753949 0.012810 0.017153
3 0.877759 0.759864 0.012810 0.017153
3 0.976557 0.374271 0.012810 0.017153