2 0.130312 0.710179 0.016293 0.021863
2 0.185968 0.722590 0.016293 0.021863
2 0.241637 0.807650 0.016293 0.021863
2 0.297293 0.738932 0.016293 0.021863
2 0.352962 0.713803 0.016293 0.021863
2 0.408618 0.747274 0.016293 0.021863
2 0.464287 0.722248 0.016293 0.021863
2 0.519943 0.689479 0.016293 0.021863
2 0.575599 0.724470 0.016293 0.021863
2 0.631268 0.751547 0.016293 0.021863
2 0.686924 0.721786 0.016293 0.021863
2 0.742592 0.748692 0.016293 0.021863
2 0.798248 0.735974 0.016293 0.021863
2 0.853917 0.694863 0.016293 0.021863
2 0.909573 0.477325 0.016293 0.021863
2 0.965242 0.310368 0.016293 0.021863
6 0.130312 0.322145 0.016293 0.021863
6 0.189943 0.358829 0.016293 0.021863
6 0.249586 0.426316 0.016293 0.021863
6 0.309229 0.363530 0.016293 0.021863
6 0.368860 0.451205 0.016293 0.021863
6 0.428503 0.354368 0.016293 0.021863
6 0.488134 0.345137 0.016293 0.021863
6 0.547777 0.397632 0.016293 0.021863
6 0.607408 0.372145 0.016293 0.021863
6 0.667051 0.306897 0.016293 0.021863
6 0.726682 0.393598 0.016293 0.021863
6 0.786325 0.410607 0.016293 0.021863
6 0.845968 0.310487 0.016293 0.021863
6 0.905599 0.256641 0.016293 0.021863
6 0.965242 0.189239 0.016293 0.021863