0 0.130312 0.400470 0.020318 0.027265
0 0.223076 0.403513 0.020318 0.027265
0 0.315854 0.392795 0.020318 0.027265
0 0.408618 0.385684 0.020318 0.027265
0 0.501382 0.399376 0.020318 0.027265
0 0.594159 0.384162 0.020318 0.027265
0 0.686924 0.379821 0.020318 0.027265
0 0.779701 0.409752 0.020318 0.027265
0 0.872465 0.423376 0.020318 0.027265
0 0.965242 0.527923 0.020318 0.027265
7 0.130312 0.757393 0.020318 0.027265
7 0.206210 0.767239 0.020318 0.027265
7 0.282108 0.745017 0.020318 0.027265
7 0.358019 0.756009 0.020318 0.027265
7 0.433917 0.760556 0.020318 0.027265
7 0.509828 0.777974 0.020318 0.027265
7 0.585726 0.776316 0.020318 0.027265
7 0.661624 0.756162 0.020318 0.027265
7 0.737535 0.778111 0.020318 0.027265
7 0.813433 0.706658 0.020318 0.027265
7 0.889331 0.569171 0.020318 0.027265
7 0.965242 0.201906 0.020318 0.027265
3 0.130312 0.552504 0.020318 0.027265
3 0.213803 0.581991 0.020318 0.027265
3 0.297293 0.581085 0.020318 0.027265
3 0.380783 0.568043 0.020318 0.027265
3 0.464287 0.559650 0.020318 0.027265
3 0.547777 0.599171 0.020318 0.027265
3 0.631268 0.600556 0.020318 0.027265
3 0.714758 0.584419 0.020318 0.027265
3 0.798248 0.555342 0.020318 0.027265
3 0.881739 0.462932 0.020318 0.027265
3 0.965242 0.050436 0.020318 0.027265