1 0.087373 0.779737 0.015506 0.020763
1 0.265209 0.792076 0.015506 0.020763
1 0.443044 0.796178 0.015506 0.020763
1 0.620892 0.764347 0.015506 0.020763
1 0.798728 0.748161 0.015506 0.020763
1 0.976563 0.489331 0.015506 0.020763
4 0.087373 0.448805 0.015506 0.020763
4 0.176297 0.437432 0.015506 0.020763
4 0.265209 0.514008 0.015506 0.020763
4 0.354133 0.484297 0.015506 0.020763
4 0.443044 0.375415 0.015506 0.020763
4 0.531968 0.364941 0.015506 0.020763
4 0.620892 0.436737 0.015506 0.020763
4 0.709804 0.407042 0.015506 0.020763
4 0.798728 0.426517 0.015506 0.020763
4 0.887639 0.381551 0.015506 0.020763
4 0.976563 0.831686 0.015506 0.020763
7 0.087373 0.454297 0.015506 0.020763
7 0.198525 0.485568 0.015506 0.020763
7 0.309677 0.510161 0.015506 0.020763
7 0.420816 0.441771 0.015506 0.020763
7 0.531968 0.478059 0.015506 0.020763
7 0.643120 0.503364 0.015506 0.020763
7 0.754259 0.475466 0.015506 0.020763
7 0.865411 0.506076 0.015506 0.020763
7 0.976563 0.543212 0.015506 0.020763
6 0.087373 0.375771 0.015506 0.020763
6 0.186171 0.409381 0.015506 0.020763
6 0.284968 0.353161 0.015506 0.020763
6 0.383766 0.406161 0.015506 0.020763
6 0.482563 0.441636 0.015506 0.020763
6 0.581361 0.351602 0.015506 0.020763
6 0.680171 0.389314 0.015506 0.020763
6 0.778968 0.452907 0.015506 0.020763
6 0.877766 0.452144 0.015506 0.020763
6 0.976563 0.719958 0.015506 0.020763