1 0.130299 0.429667 0.024344 0.032667
1 0.206210 0.407940 0.024344 0.032667
1 0.282108 0.440726 0.024344 0.032667
1 0.358019 0.485154 0.024344 0.032667
1 0.433917 0.410863 0.024344 0.032667
1 0.509815 0.488385 0.024344 0.032667
1 0.585726 0.422744 0.024344 0.032667
1 0.661624 0.468214 0.024344 0.032667
1 0.737522 0.345188 0.024344 0.032667
1 0.813433 0.363154 0.024344 0.032667
1 0.889331 0.283667 0.024344 0.032667
1 0.965229 0.050419 0.024344 0.032667
0 0.130299 0.401051 0.024344 0.032667
0 0.185968 0.351667 0.024344 0.032667
0 0.241624 0.363889 0.024344 0.032667
0 0.297293 0.361598 0.024344 0.032667
0 0.352949 0.325769 0.024344 0.032667
0 0.408618 0.344949 0.024344 0.032667
0 0.464274 0.360709 0.024344 0.032667
0 0.519943 0.429752 0.024344 0.032667
0 0.575599 0.405017 0.024344 0.032667
0 0.631268 0.375103 0.024344 0.032667
0 0.686924 0.366846 0.024344 0.032667
0 0.742580 0.408316 0.024344 0.032667
0 0.798248 0.275684 0.024344 0.032667
0 0.853904 0.284299 0.024344 0.032667
0 0.909573 0.237564 0.024344 0.032667
0 0.965229 0.050419 0.024344 0.032667