4 0.130306 0.763248 0.016790 0.022530
4 0.189949 0.760359 0.016790 0.022530
4 0.249580 0.754752 0.016790 0.022530
4 0.309223 0.761863 0.016790 0.022530
4 0.368866 0.755265 0.016790 0.022530
4 0.428497 0.760256 0.016790 0.022530
4 0.488140 0.784393 0.016790 0.022530
4 0.547771 0.772034 0.016790 0.022530
4 0.607414 0.762256 0.016790 0.022530
4 0.667045 0.773607 0.016790 0.022530
4 0.726688 0.747436 0.016790 0.022530
4 0.786318 0.719060 0.016790 0.022530
4 0.845962 0.662479 0.016790 0.022530
4 0.905605 0.505915 0.016790 0.022530
4 0.965236 0.221658 0.016790 0.022530
7 0.130306 0.648650 0.016790 0.022530
7 0.206217 0.636632 0.016790 0.022530
7 0.282115 0.610171 0.016790 0.022530
7 0.358013 0.559897 0.016790 0.022530
7 0.433924 0.494923 0.016790 0.022530
7 0.509822 0.407009 0.016790 0.022530
7 0.585720 0.322615 0.016790 0.022530
7 0.661631 0.250786 0.016790 0.022530
7 0.737529 0.190632 0.016790 0.022530
7 0.813427 0.145179 0.016790 0.022530
7 0.889338 0.125658 0.016790 0.022530
7 0.965236 0.141436 0.016790 0.022530
0 0.130306 0.639179 0.016790 0.022530
0 0.189949 0.597863 0.016790 0.022530
0 0.249580 0.625128 0.016790 0.022530
0 0.309223 0.611590 0.016790 0.022530
0 0.368866 0.622786 0.016790 0.022530
0 0.428497 0.630274 0.016790 0.022530
0 0.488140 0.602530 0.016790 0.022530
0 0.547771 0.599949 0.016790 0.022530
0 0.607414 0.615812 0.016790 0.022530
0 0.667045 0.639795 0.016790 0.022530
0 0.726688 0.616068 0.016790 0.022530
0 0.786318 0.606803 0.016790 0.022530
0 0.845962 0.635829 0.016790 0.022530
0 0.905605 0.641709 0.016790 0.022530
0 0.965236 0.739368 0.016790 0.022530
1 0.130306 0.740291 0.016790 0.022530
1 0.234675 0.729043 0.016790 0.022530
1 0.339045 0.706718 0.016790 0.022530
1 0.443401 0.613436 0.016790 0.022530
1 0.547771 0.521111 0.016790 0.022530
1 0.652140 0.387231 0.016790 0.022530
1 0.756510 0.281043 0.016790 0.022530
1 0.860866 0.198051 0.016790 0.022530
1 0.965236 0.161607 0.016790 0.022530