3 0.087373 0.760331 0.017304 0.023169
3 0.186171 0.785873 0.017304 0.023169
3 0.284968 0.760144 0.017304 0.023169
3 0.383766 0.790873 0.017304 0.023169
3 0.482563 0.784805 0.017304 0.023169
3 0.581361 0.862924 0.017304 0.023169
3 0.680158 0.750161 0.017304 0.023169
3 0.778968 0.751517 0.017304 0.023169
3 0.877766 0.591144 0.017304 0.023169
3 0.976563 0.333737 0.017304 0.023169
2 0.087373 0.708924 0.017304 0.023169
2 0.186171 0.793093 0.017304 0.023169
2 0.284968 0.745958 0.017304 0.023169
2 0.383766 0.827110 0.017304 0.023169
2 0.482563 0.764669 0.017304 0.023169
2 0.581361 0.827534 0.017304 0.023169
2 0.680158 0.810686 0.017304 0.023169
2 0.778968 0.710025 0.017304 0.023169
2 0.877766 0.753720 0.017304 0.023169
2 0.976563 0.522280 0.017304 0.023169
6 0.087373 0.689534 0.017304 0.023169
6 0.198525 0.682602 0.017304 0.023169
6 0.309677 0.654839 0.017304 0.023169
6 0.420816 0.580093 0.017304 0.023169
6 0.531968 0.419636 0.017304 0.023169
6 0.643120 0.436958 0.017304 0.023169
6 0.754259 0.376195 0.017304 0.023169
6 0.865411 0.316212 0.017304 0.023169
6 0.976563 0.300619 0.017304 0.023169
5 0.087373 0.742975 0.017304 0.023169
5 0.176297 0.763703 0.017304 0.023169
5 0.265209 0.831008 0.017304 0.023169
5 0.354133 0.726110 0.017304 0.023169
5 0.443044 0.831110 0.017304 0.023169
5 0.531968 0.776246 0.017304 0.023169
5 0.620880 0.815415 0.017304 0.023169
5 0.709804 0.784568 0.017304 0.023169
5 0.798728 0.740364 0.017304 0.023169
5 0.887639 0.584754 0.017304 0.023169
5 0.976563 0.206636 0.017304 0.023169