3 0.087373 0.673178 0.013380 0.017915
3 0.155778 0.740025 0.013380 0.017915
3 0.224171 0.703432 0.013380 0.017915
3 0.292576 0.634263 0.013380 0.017915
3 0.360968 0.613297 0.013380 0.017915
3 0.429373 0.742585 0.013380 0.017915
3 0.497766 0.630381 0.013380 0.017915
3 0.566171 0.432331 0.013380 0.017915
3 0.634563 0.476839 0.013380 0.017915
3 0.702968 0.479686 0.013380 0.017915
3 0.771361 0.524195 0.013380 0.017915
3 0.839766 0.490907 0.013380 0.017915
3 0.908158 0.554331 0.013380 0.017915
3 0.976563 0.404398 0.013380 0.017915
4 0.087373 0.589127 0.013380 0.017915
4 0.155778 0.616941 0.013380 0.017915
4 0.224171 0.549042 0.013380 0.017915
4 0.292576 0.516398 0.013380 0.017915
4 0.360968 0.385737 0.013380 0.017915
4 0.429373 0.658144 0.013380 0.017915
4 0.497766 0.456297 0.013380 0.017915
4 0.566171 0.470398 0.013380 0.017915
4 0.634563 0.602873 0.013380 0.017915
4 0.702968 0.528958 0.013380 0.017915
4 0.771361 0.580178 0.013380 0.017915
4 0.839766 0.536873 0.013380 0.017915
4 0.908158 0.458771 0.013380 0.017915
4 0.976563 0.617381 0.013380 0.017915
6 0.087373 0.625178 0.013380 0.017915
6 0.198525 0.696127 0.013380 0.017915
6 0.309677 0.775754 0.013380 0.017915
6 0.420829 0.679364 0.013380 0.017915
6 0.531968 0.572483 0.013380 0.017915
6 0.643120 0.779381 0.013380 0.017915
6 0.754272 0.747093 0.013380 0.017915
6 0.865411 0.691602 0.013380 0.017915
6 0.976563 0.913771 0.013380 0.017915
1 0.087373 0.847720 0.013380 0.017915
1 0.150892 0.819839 0.013380 0.017915
1 0.214411 0.891025 0.013380 0.017915
1 0.277918 0.861432 0.013380 0.017915
1 0.341437 0.734669 0.013380 0.017915
1 0.404943 0.886619 0.013380 0.017915
1 0.468462 0.908534 0.013380 0.017915
1 0.531968 0.835314 0.013380 0.017915
1 0.595487 0.732042 0.013380 0.017915
1 0.658994 0.800924 0.013380 0.017915
1 0.722513 0.816314 0.013380 0.017915
1 0.786019 0.760144 0.013380 0.017915
1 0.849538 0.833703 0.013380 0.017915
1 0.913044 0.484890 0.013380 0.017915
1 0.976563 0.210907 0.013380 0.017915