1 0.087380 0.345627 0.017266 0.023119
1 0.199557 0.402729 0.017266 0.023119
1 0.311734 0.478186 0.017266 0.023119
1 0.423911 0.570237 0.017266 0.023119
1 0.536089 0.644864 0.017266 0.023119
1 0.648266 0.741932 0.017266 0.023119
1 0.760456 0.805390 0.017266 0.023119
1 0.872633 0.880305 0.017266 0.023119
1 0.984810 0.924356 0.017266 0.023119
6 0.087380 0.599932 0.017266 0.023119
6 0.177114 0.501203 0.017266 0.023119
6 0.266861 0.441288 0.017266 0.023119
6 0.356608 0.384542 0.017266 0.023119
6 0.446342 0.299814 0.017266 0.023119
6 0.536089 0.251610 0.017266 0.023119
6 0.625835 0.185508 0.017266 0.023119
6 0.715582 0.125271 0.017266 0.023119
6 0.805316 0.043102 0.017266 0.023119
6 0.895063 0.032203 0.017266 0.023119
6 0.984810 0.032203 0.017266 0.023119
7 0.087380 0.814237 0.017266 0.023119
7 0.177114 0.714763 0.017266 0.023119
7 0.266861 0.648525 0.017266 0.023119
7 0.356608 0.575169 0.017266 0.023119
7 0.446342 0.503153 0.017266 0.023119
7 0.536089 0.476746 0.017266 0.023119
7 0.625835 0.429864 0.017266 0.023119
7 0.715582 0.392542 0.017266 0.023119
7 0.805316 0.351254 0.017266 0.023119
7 0.895063 0.363678 0.017266 0.023119
7 0.984810 0.319322 0.017266 0.023119
2 0.087380 0.805729 0.017266 0.023119
2 0.177114 0.762898 0.017266 0.023119
2 0.266861 0.732525 0.017266 0.023119
2 0.356608 0.669017 0.017266 0.023119
2 0.446342 0.527695 0.017266 0.023119
2 0.536089 0.421966 0.017266 0.023119
2 0.625835 0.319559 0.017266 0.023119
2 0.715582 0.231220 0.017266 0.023119
2 0.805316 0.173661 0.017266 0.023119
2 0.895063 0.148814 0.017266 0.023119
2 0.984810 0.152644 0.017266 0.023119
3 0.087380 0.729390 0.017266 0.023119
3 0.187089 0.672881 0.017266 0.023119
3 0.286810 0.596864 0.017266 0.023119
3 0.386519 0.506695 0.017266 0.023119
3 0.486228 0.375831 0.017266 0.023119
3 0.585949 0.276542 0.017266 0.023119
3 0.685658 0.205220 0.017266 0.023119
3 0.785380 0.168186 0.017266 0.023119
3 0.885089 0.167220 0.017266 0.023119
3 0.984810 0.147424 0.017266 0.023119
4 0.087380 0.791576 0.017266 0.023119
4 0.199557 0.658525 0.017266 0.023119
4 0.311734 0.570492 0.017266 0.023119
4 0.423911 0.490220 0.017266 0.023119
4 0.536089 0.434949 0.017266 0.023119
4 0.648266 0.365898 0.017266 0.023119
4 0.760456 0.336373 0.017266 0.023119
4 0.872633 0.318271 0.017266 0.023119
4 0.984810 0.261542 0.017266 0.023119