5 0.130312 0.724402 0.019783 0.026547
5 0.249586 0.703803 0.019783 0.026547
5 0.368860 0.678641 0.019783 0.026547
5 0.488134 0.556094 0.019783 0.026547
5 0.607408 0.584453 0.019783 0.026547
5 0.726682 0.475855 0.019783 0.026547
5 0.845968 0.446949 0.019783 0.026547
5 0.965242 0.379000 0.019783 0.026547
6 0.130312 0.552316 0.019783 0.026547
6 0.206210 0.488094 0.019783 0.026547
6 0.282121 0.466316 0.019783 0.026547
6 0.358019 0.490299 0.019783 0.026547
6 0.433917 0.504915 0.019783 0.026547
6 0.509828 0.550077 0.019783 0.026547
6 0.585726 0.545000 0.019783 0.026547
6 0.661624 0.470077 0.019783 0.026547
6 0.737535 0.484470 0.019783 0.026547
6 0.813433 0.501222 0.019783 0.026547
6 0.889331 0.448897 0.019783 0.026547
6 0.965242 0.154983 0.019783 0.026547