4 0.087380 0.792203 0.014000 0.018746
4 0.214405 0.799203 0.014000 0.018746
4 0.341430 0.843695 0.014000 0.018746
4 0.468456 0.815017 0.014000 0.018746
4 0.595481 0.804949 0.014000 0.018746
4 0.722506 0.743881 0.014000 0.018746
4 0.849532 0.721390 0.014000 0.018746
4 0.976557 0.408271 0.014000 0.018746
6 0.087380 0.420661 0.014000 0.018746
6 0.168215 0.447458 0.014000 0.018746
6 0.249051 0.458475 0.014000 0.018746
6 0.329886 0.409797 0.014000 0.018746
6 0.410722 0.393949 0.014000 0.018746
6 0.491557 0.397712 0.014000 0.018746
6 0.572392 0.464576 0.014000 0.018746
6 0.653228 0.444441 0.014000 0.018746
6 0.734063 0.419627 0.014000 0.018746
6 0.814899 0.391949 0.014000 0.018746
6 0.895722 0.429102 0.014000 0.018746
6 0.976557 0.323017 0.014000 0.018746
0 0.087380 0.829627 0.014000 0.018746
0 0.214405 0.833034 0.014000 0.018746
0 0.341430 0.757136 0.014000 0.018746
0 0.468456 0.736576 0.014000 0.018746
0 0.595481 0.790305 0.014000 0.018746
0 0.722506 0.746441 0.014000 0.018746
0 0.849532 0.727508 0.014000 0.018746
0 0.976557 0.398559 0.014000 0.018746
3 0.087380 0.750780 0.014000 0.018746
3 0.186177 0.699119 0.014000 0.018746
3 0.284975 0.744119 0.014000 0.018746
3 0.383772 0.655898 0.014000 0.018746
3 0.482570 0.765051 0.014000 0.018746
3 0.581367 0.560356 0.014000 0.018746
3 0.680165 0.496051 0.014000 0.018746
3 0.778962 0.422847 0.014000 0.018746
3 0.877759 0.342610 0.014000 0.018746
3 0.976557 0.380780 0.014000 0.018746
5 0.087380 0.750017 0.014000 0.018746
5 0.186177 0.681576 0.014000 0.018746
5 0.284975 0.560576 0.014000 0.018746
5 0.383772 0.524136 0.014000 0.018746
5 0.482570 0.409186 0.014000 0.018746
5 0.581367 0.288322 0.014000 0.018746
5 0.680165 0.159339 0.014000 0.018746
5 0.778962 0.137305 0.014000 0.018746
5 0.877759 0.146271 0.014000 0.018746
5 0.976557 0.095051 0.014000 0.018746
1 0.087380 0.784169 0.014000 0.018746
1 0.214405 0.751237 0.014000 0.018746
1 0.341430 0.814356 0.014000 0.018746
1 0.468456 0.800169 0.014000 0.018746
1 0.595481 0.802153 0.014000 0.018746
1 0.722506 0.836356 0.014000 0.018746
1 0.849532 0.688814 0.014000 0.018746
1 0.976557 0.226373 0.014000 0.018746