1 0.130312 0.712692 0.020446 0.027436
1 0.213803 0.676282 0.020446 0.027436
1 0.297293 0.879462 0.020446 0.027436
1 0.380783 0.738316 0.020446 0.027436
1 0.464287 0.796846 0.020446 0.027436
1 0.547777 0.766744 0.020446 0.027436
1 0.631268 0.735821 0.020446 0.027436
1 0.714758 0.792487 0.020446 0.027436
1 0.798248 0.789325 0.020446 0.027436
1 0.881739 0.644624 0.020446 0.027436
1 0.965242 0.399821 0.020446 0.027436
3 0.130312 0.788453 0.020446 0.027436
3 0.213803 0.654761 0.020446 0.027436
3 0.297293 0.769615 0.020446 0.027436
3 0.380783 0.614675 0.020446 0.027436
3 0.464287 0.588470 0.020446 0.027436
3 0.547777 0.688761 0.020446 0.027436
3 0.631268 0.552453 0.020446 0.027436
3 0.714758 0.363479 0.020446 0.027436
3 0.798248 0.476333 0.020446 0.027436
3 0.881739 0.412778 0.020446 0.027436
3 0.965242 0.331325 0.020446 0.027436