6 0.087380 0.828288 0.017873 0.023932
6 0.168215 0.715610 0.017873 0.023932
6 0.249051 0.836203 0.017873 0.023932
6 0.329886 0.780678 0.017873 0.023932
6 0.410722 0.749763 0.017873 0.023932
6 0.491557 0.835203 0.017873 0.023932
6 0.572392 0.780661 0.017873 0.023932
6 0.653215 0.751356 0.017873 0.023932
6 0.734051 0.781831 0.017873 0.023932
6 0.814886 0.650492 0.017873 0.023932
6 0.895722 0.710966 0.017873 0.023932
6 0.976557 0.282864 0.017873 0.023932
4 0.087380 0.794356 0.017873 0.023932
4 0.161481 0.758661 0.017873 0.023932
4 0.235570 0.771153 0.017873 0.023932
4 0.309671 0.815525 0.017873 0.023932
4 0.383772 0.779169 0.017873 0.023932
4 0.457873 0.858000 0.017873 0.023932
4 0.531975 0.764915 0.017873 0.023932
4 0.606063 0.776000 0.017873 0.023932
4 0.680165 0.761119 0.017873 0.023932
4 0.754266 0.735949 0.017873 0.023932
4 0.828367 0.720593 0.017873 0.023932
4 0.902456 0.570051 0.017873 0.023932
4 0.976557 0.284932 0.017873 0.023932
5 0.087380 0.682542 0.017873 0.023932
5 0.161481 0.603797 0.017873 0.023932
5 0.235570 0.582678 0.017873 0.023932
5 0.309671 0.627017 0.017873 0.023932
5 0.383772 0.587085 0.017873 0.023932
5 0.457873 0.581186 0.017873 0.023932
5 0.531975 0.448695 0.017873 0.023932
5 0.606063 0.406746 0.017873 0.023932
5 0.680165 0.298949 0.017873 0.023932
5 0.754266 0.355186 0.017873 0.023932
5 0.828367 0.298797 0.017873 0.023932
5 0.902456 0.250305 0.017873 0.023932
5 0.976557 0.218424 0.017873 0.023932