2 0.130306 0.703504 0.017936 0.024068
2 0.223083 0.688769 0.017936 0.024068
2 0.315847 0.630462 0.017936 0.024068
2 0.408624 0.565385 0.017936 0.024068
2 0.501389 0.451880 0.017936 0.024068
2 0.594153 0.387778 0.017936 0.024068
2 0.686930 0.315350 0.017936 0.024068
2 0.779694 0.250137 0.017936 0.024068
2 0.872471 0.229709 0.017936 0.024068
2 0.965236 0.223778 0.017936 0.024068
1 0.130306 0.772479 0.017936 0.024068
1 0.213796 0.761590 0.017936 0.024068
1 0.297299 0.761077 0.017936 0.024068
1 0.380790 0.774752 0.017936 0.024068
1 0.464280 0.743214 0.017936 0.024068
1 0.547771 0.750598 0.017936 0.024068
1 0.631261 0.763350 0.017936 0.024068
1 0.714764 0.758855 0.017936 0.024068
1 0.798255 0.746974 0.017936 0.024068
1 0.881745 0.715829 0.017936 0.024068
1 0.965236 0.441521 0.017936 0.024068
6 0.130306 0.756940 0.017936 0.024068
6 0.269465 0.760718 0.017936 0.024068
6 0.408624 0.752188 0.017936 0.024068
6 0.547771 0.727624 0.017936 0.024068
6 0.686930 0.742479 0.017936 0.024068
6 0.826076 0.781487 0.017936 0.024068
6 0.965236 0.879453 0.017936 0.024068
3 0.130306 0.744462 0.017936 0.024068
3 0.249580 0.750068 0.017936 0.024068
3 0.368854 0.760325 0.017936 0.024068
3 0.488140 0.768650 0.017936 0.024068
3 0.607414 0.752274 0.017936 0.024068
3 0.726688 0.749675 0.017936 0.024068
3 0.845962 0.663949 0.017936 0.024068
3 0.965236 0.227385 0.017936 0.024068
0 0.130306 0.654650 0.017936 0.024068
0 0.234675 0.673419 0.017936 0.024068
0 0.339045 0.651470 0.017936 0.024068
0 0.443401 0.664718 0.017936 0.024068
0 0.547771 0.642427 0.017936 0.024068
0 0.652140 0.674615 0.017936 0.024068
0 0.756510 0.640239 0.017936 0.024068
0 0.860866 0.601983 0.017936 0.024068
0 0.965236 0.050427 0.017936 0.024068