2 0.087373 0.755975 0.013709 0.018356
2 0.266867 0.491788 0.013709 0.018356
2 0.446348 0.429907 0.013709 0.018356
2 0.625829 0.322602 0.013709 0.018356
2 0.805323 0.214178 0.013709 0.018356
2 0.984804 0.183381 0.013709 0.018356
3 0.087373 0.777703 0.013709 0.018356
3 0.187095 0.500483 0.013709 0.018356
3 0.286804 0.511585 0.013709 0.018356
3 0.386513 0.402347 0.013709 0.018356
3 0.486234 0.342212 0.013709 0.018356
3 0.585943 0.302449 0.013709 0.018356
3 0.685665 0.300127 0.013709 0.018356
3 0.785373 0.228924 0.013709 0.018356
3 0.885095 0.264500 0.013709 0.018356
3 0.984804 0.226364 0.013709 0.018356