1 0.087380 0.740915 0.011797 0.015797
1 0.177114 0.695932 0.011797 0.015797
1 0.266861 0.635271 0.011797 0.015797
1 0.356608 0.696068 0.011797 0.015797
1 0.446342 0.608508 0.011797 0.015797
1 0.536089 0.631627 0.011797 0.015797
1 0.625835 0.514780 0.011797 0.015797
1 0.715582 0.489085 0.011797 0.015797
1 0.805316 0.514559 0.011797 0.015797
1 0.895063 0.385017 0.011797 0.015797
1 0.984810 0.443898 0.011797 0.015797
3 0.087380 0.608695 0.011797 0.015797
3 0.187089 0.594102 0.011797 0.015797
3 0.286797 0.581898 0.011797 0.015797
3 0.386519 0.688780 0.011797 0.015797
3 0.486228 0.671610 0.011797 0.015797
3 0.585949 0.681627 0.011797 0.015797
3 0.685658 0.695593 0.011797 0.015797
3 0.785380 0.739424 0.011797 0.015797
3 0.885089 0.784288 0.011797 0.015797
3 0.984810 0.825983 0.011797 0.015797
0 0.087380 0.794119 0.011797 0.015797
0 0.187089 0.738729 0.011797 0.015797
0 0.286797 0.725373 0.011797 0.015797
0 0.386519 0.525932 0.011797 0.015797
0 0.486228 0.448186 0.011797 0.015797
0 0.585949 0.522678 0.011797 0.015797
0 0.685658 0.428288 0.011797 0.015797
0 0.785380 0.330017 0.011797 0.015797
0 0.885089 0.244661 0.011797 0.015797
0 0.984810 0.297000 0.011797 0.015797
5 0.087380 0.732136 0.011797 0.015797
5 0.187089 0.678356 0.011797 0.015797
5 0.286797 0.564237 0.011797 0.015797
5 0.386519 0.565983 0.011797 0.015797
5 0.486228 0.489458 0.011797 0.015797
5 0.585949 0.408034 0.011797 0.015797
5 0.685658 0.379339 0.011797 0.015797
5 0.785380 0.311220 0.011797 0.015797
5 0.885089 0.239576 0.011797 0.015797
5 0.984810 0.282271 0.011797 0.015797