7 0.130312 0.313376 0.024013 0.032222
7 0.186758 0.312111 0.024013 0.032222
7 0.243204 0.350812 0.024013 0.032222
7 0.299650 0.400932 0.024013 0.032222
7 0.356096 0.411838 0.024013 0.032222
7 0.412541 0.429308 0.024013 0.032222
7 0.468987 0.534248 0.024013 0.032222
7 0.525420 0.468128 0.024013 0.032222
7 0.581866 0.545615 0.024013 0.032222
7 0.638312 0.577991 0.024013 0.032222
7 0.694758 0.623222 0.024013 0.032222
7 0.751204 0.653205 0.024013 0.032222
7 0.807650 0.663752 0.024013 0.032222
7 0.864096 0.666863 0.024013 0.032222
7 0.920541 0.598043 0.024013 0.032222
7 0.976987 0.712692 0.024013 0.032222
1 0.130312 0.429359 0.024013 0.032222
1 0.207280 0.394812 0.024013 0.032222
1 0.284248 0.377838 0.024013 0.032222
1 0.361217 0.358692 0.024013 0.032222
1 0.438197 0.371991 0.024013 0.032222
1 0.515166 0.250983 0.024013 0.032222
1 0.592134 0.211684 0.024013 0.032222
1 0.669102 0.309632 0.024013 0.032222
1 0.746083 0.259530 0.024013 0.032222
1 0.823051 0.206385 0.024013 0.032222
1 0.900019 0.204231 0.024013 0.032222
1 0.976987 0.125171 0.024013 0.032222
6 0.130312 0.523427 0.024013 0.032222
6 0.190783 0.422231 0.024013 0.032222
6 0.251268 0.459068 0.024013 0.032222
6 0.311739 0.496026 0.024013 0.032222
6 0.372223 0.469017 0.024013 0.032222
6 0.432694 0.468265 0.024013 0.032222
6 0.493166 0.529906 0.024013 0.032222
6 0.553650 0.540966 0.024013 0.032222
6 0.614121 0.511120 0.024013 0.032222
6 0.674605 0.485222 0.024013 0.032222
6 0.735076 0.513068 0.024013 0.032222
6 0.795561 0.576350 0.024013 0.032222
6 0.856032 0.550795 0.024013 0.032222
6 0.916516 0.526846 0.024013 0.032222
6 0.976987 0.528966 0.024013 0.032222
2 0.130312 0.371786 0.024013 0.032222
2 0.207280 0.540692 0.024013 0.032222
2 0.284248 0.522265 0.024013 0.032222
2 0.361217 0.536231 0.024013 0.032222
2 0.438197 0.557376 0.024013 0.032222
2 0.515166 0.701940 0.024013 0.032222
2 0.592134 0.719034 0.024013 0.032222
2 0.669102 0.765308 0.024013 0.032222
2 0.746083 0.827718 0.024013 0.032222
2 0.823051 0.883051 0.024013 0.032222
2 0.900019 0.883051 0.024013 0.032222
2 0.976987 0.883051 0.024013 0.032222