1 0.130306 0.615043 0.018904 0.025368
1 0.185975 0.627111 0.018904 0.025368
1 0.241631 0.628034 0.018904 0.025368
1 0.297299 0.530667 0.018904 0.025368
1 0.352955 0.603726 0.018904 0.025368
1 0.408624 0.562154 0.018904 0.025368
1 0.464280 0.436581 0.018904 0.025368
1 0.519936 0.489333 0.018904 0.025368
1 0.575605 0.428291 0.018904 0.025368
1 0.631261 0.364256 0.018904 0.025368
1 0.686930 0.285077 0.018904 0.025368
1 0.742586 0.271624 0.018904 0.025368
1 0.798255 0.297590 0.018904 0.025368
1 0.853911 0.250838 0.018904 0.025368
1 0.909580 0.239795 0.018904 0.025368
1 0.965236 0.211692 0.018904 0.025368
2 0.130306 0.737419 0.018904 0.025368
2 0.213796 0.723624 0.018904 0.025368
2 0.297299 0.776154 0.018904 0.025368
2 0.380790 0.632034 0.018904 0.025368
2 0.464280 0.594632 0.018904 0.025368
2 0.547771 0.467419 0.018904 0.025368
2 0.631261 0.407145 0.018904 0.025368
2 0.714764 0.302188 0.018904 0.025368
2 0.798255 0.265778 0.018904 0.025368
2 0.881745 0.197436 0.018904 0.025368
2 0.965236 0.205385 0.018904 0.025368
3 0.130306 0.764513 0.018904 0.025368
3 0.206217 0.680291 0.018904 0.025368
3 0.282115 0.729436 0.018904 0.025368
3 0.358013 0.740650 0.018904 0.025368
3 0.433924 0.806376 0.018904 0.025368
3 0.509822 0.806769 0.018904 0.025368
3 0.585720 0.750479 0.018904 0.025368
3 0.661631 0.755060 0.018904 0.025368
3 0.737529 0.778650 0.018904 0.025368
3 0.813427 0.733949 0.018904 0.025368
3 0.889338 0.595897 0.018904 0.025368
3 0.965236 0.344838 0.018904 0.025368
6 0.130306 0.577778 0.018904 0.025368
6 0.223083 0.541197 0.018904 0.025368
6 0.315847 0.565829 0.018904 0.025368
6 0.408624 0.551009 0.018904 0.025368
6 0.501389 0.551932 0.018904 0.025368
6 0.594153 0.554274 0.018904 0.025368
6 0.686930 0.582342 0.018904 0.025368
6 0.779694 0.545795 0.018904 0.025368
6 0.872471 0.588308 0.018904 0.025368
6 0.965236 0.879453 0.018904 0.025368