5 0.087373 0.594517 0.013658 0.018288
5 0.168209 0.830466 0.013658 0.018288
5 0.249044 0.773890 0.013658 0.018288
5 0.329880 0.671297 0.013658 0.018288
5 0.410715 0.636229 0.013658 0.018288
5 0.491551 0.632008 0.013658 0.018288
5 0.572386 0.696314 0.013658 0.018288
5 0.653222 0.709314 0.013658 0.018288
5 0.734057 0.737042 0.013658 0.018288
5 0.814892 0.697602 0.013658 0.018288
5 0.895728 0.678992 0.013658 0.018288
5 0.976563 0.366585 0.013658 0.018288
6 0.087373 0.662941 0.013658 0.018288
6 0.150892 0.667229 0.013658 0.018288
6 0.214399 0.675975 0.013658 0.018288
6 0.277918 0.570466 0.013658 0.018288
6 0.341424 0.524686 0.013658 0.018288
6 0.404943 0.555585 0.013658 0.018288
6 0.468449 0.408602 0.013658 0.018288
6 0.531968 0.560381 0.013658 0.018288
6 0.595475 0.443381 0.013658 0.018288
6 0.658994 0.442890 0.013658 0.018288
6 0.722513 0.497686 0.013658 0.018288
6 0.786019 0.339127 0.013658 0.018288
6 0.849538 0.325432 0.013658 0.018288
6 0.913044 0.190703 0.013658 0.018288
6 0.976563 0.250110 0.013658 0.018288
1 0.087373 0.801619 0.013658 0.018288
1 0.176297 0.584127 0.013658 0.018288
1 0.265209 0.631975 0.013658 0.018288
1 0.354133 0.680246 0.013658 0.018288
1 0.443044 0.741331 0.013658 0.018288
1 0.531968 0.796653 0.013658 0.018288
1 0.620880 0.751907 0.013658 0.018288
1 0.709804 0.639161 0.013658 0.018288
1 0.798728 0.564178 0.013658 0.018288
1 0.887639 0.496280 0.013658 0.018288
1 0.976563 0.058703 0.013658 0.018288