1 0.087380 0.784136 0.013291 0.017797
1 0.150886 0.619949 0.013291 0.017797
1 0.214405 0.585305 0.013291 0.017797
1 0.277911 0.605627 0.013291 0.017797
1 0.341430 0.623373 0.013291 0.017797
1 0.404937 0.521678 0.013291 0.017797
1 0.468456 0.473949 0.013291 0.017797
1 0.531962 0.455000 0.013291 0.017797
1 0.595481 0.491949 0.013291 0.017797
1 0.658987 0.363831 0.013291 0.017797
1 0.722506 0.256966 0.013291 0.017797
1 0.786025 0.363746 0.013291 0.017797
1 0.849532 0.139644 0.013291 0.017797
1 0.913051 0.323915 0.013291 0.017797
1 0.976557 0.272525 0.013291 0.017797
4 0.087380 0.419881 0.013291 0.017797
4 0.186177 0.352203 0.013291 0.017797
4 0.284975 0.500712 0.013291 0.017797
4 0.383772 0.410322 0.013291 0.017797
4 0.482570 0.451576 0.013291 0.017797
4 0.581367 0.358712 0.013291 0.017797
4 0.680165 0.292949 0.013291 0.017797
4 0.778962 0.312746 0.013291 0.017797
4 0.877759 0.490169 0.013291 0.017797
4 0.976557 0.032203 0.013291 0.017797
7 0.087380 0.695407 0.013291 0.017797
7 0.214405 0.776390 0.013291 0.017797
7 0.341430 0.705847 0.013291 0.017797
7 0.468456 0.704390 0.013291 0.017797
7 0.595481 0.768000 0.013291 0.017797
7 0.722506 0.701407 0.013291 0.017797
7 0.849532 0.744797 0.013291 0.017797
7 0.976557 0.486864 0.013291 0.017797
6 0.087380 0.776186 0.013291 0.017797
6 0.176291 0.800898 0.013291 0.017797
6 0.265215 0.631441 0.013291 0.017797
6 0.354127 0.529203 0.013291 0.017797
6 0.443051 0.455864 0.013291 0.017797
6 0.531962 0.360322 0.013291 0.017797
6 0.620886 0.342932 0.013291 0.017797
6 0.709797 0.372085 0.013291 0.017797
6 0.798722 0.247492 0.013291 0.017797
6 0.887646 0.401983 0.013291 0.017797
6 0.976557 0.361305 0.013291 0.017797