1 0.087373 0.796551 0.012671 0.016966
1 0.150892 0.732924 0.012671 0.016966
1 0.214399 0.838398 0.012671 0.016966
1 0.277918 0.761653 0.012671 0.016966
1 0.341424 0.810720 0.012671 0.016966
1 0.404943 0.722856 0.012671 0.016966
1 0.468449 0.712500 0.012671 0.016966
1 0.531968 0.816636 0.012671 0.016966
1 0.595475 0.807992 0.012671 0.016966
1 0.658994 0.753093 0.012671 0.016966
1 0.722513 0.794076 0.012671 0.016966
1 0.786019 0.758856 0.012671 0.016966
1 0.849538 0.679873 0.012671 0.016966
1 0.913044 0.545178 0.012671 0.016966
1 0.976563 0.206008 0.012671 0.016966
2 0.087373 0.748653 0.012671 0.016966
2 0.150892 0.737263 0.012671 0.016966
2 0.214399 0.657822 0.012671 0.016966
2 0.277918 0.750076 0.012671 0.016966
2 0.341424 0.656941 0.012671 0.016966
2 0.404943 0.675992 0.012671 0.016966
2 0.468449 0.644347 0.012671 0.016966
2 0.531968 0.561297 0.012671 0.016966
2 0.595475 0.525347 0.012671 0.016966
2 0.658994 0.456890 0.012671 0.016966
2 0.722513 0.381398 0.012671 0.016966
2 0.786019 0.375653 0.012671 0.016966
2 0.849538 0.341297 0.012671 0.016966
2 0.913044 0.325195 0.012671 0.016966
2 0.976563 0.291297 0.012671 0.016966
0 0.087373 0.603822 0.012671 0.016966
0 0.198525 0.652314 0.012671 0.016966
0 0.309677 0.716839 0.012671 0.016966
0 0.420816 0.651449 0.012671 0.016966
0 0.531968 0.480246 0.012671 0.016966
0 0.643120 0.352042 0.012671 0.016966
0 0.754259 0.241008 0.012671 0.016966
0 0.865411 0.198144 0.012671 0.016966
0 0.976563 0.153737 0.012671 0.016966