3 0.087380 0.818271 0.016861 0.022576
3 0.155772 0.751373 0.016861 0.022576
3 0.224177 0.726797 0.016861 0.022576
3 0.292570 0.834475 0.016861 0.022576
3 0.360975 0.810220 0.016861 0.022576
3 0.429367 0.788831 0.016861 0.022576
3 0.497772 0.777237 0.016861 0.022576
3 0.566165 0.818356 0.016861 0.022576
3 0.634570 0.771542 0.016861 0.022576
3 0.702962 0.804627 0.016861 0.022576
3 0.771367 0.783847 0.016861 0.022576
3 0.839759 0.748695 0.016861 0.022576
3 0.908165 0.714746 0.016861 0.022576
3 0.976557 0.553864 0.016861 0.022576
4 0.087380 0.691525 0.016861 0.022576
4 0.155772 0.684322 0.016861 0.022576
4 0.224177 0.684864 0.016861 0.022576
4 0.292570 0.665203 0.016861 0.022576
4 0.360975 0.572492 0.016861 0.022576
4 0.429367 0.581186 0.016861 0.022576
4 0.497772 0.575966 0.016861 0.022576
4 0.566165 0.497356 0.016861 0.022576
4 0.634570 0.496678 0.016861 0.022576
4 0.702962 0.406017 0.016861 0.022576
4 0.771367 0.410542 0.016861 0.022576
4 0.839759 0.410322 0.016861 0.022576
4 0.908165 0.377220 0.016861 0.022576
4 0.976557 0.445729 0.016861 0.022576
1 0.087380 0.717915 0.016861 0.022576
1 0.155772 0.705746 0.016861 0.022576
1 0.224177 0.632678 0.016861 0.022576
1 0.292570 0.539678 0.016861 0.022576
1 0.360975 0.475966 0.016861 0.022576
1 0.429367 0.480644 0.016861 0.022576
1 0.497772 0.424644 0.016861 0.022576
1 0.566165 0.452271 0.016861 0.022576
1 0.634570 0.353864 0.016861 0.022576
1 0.702962 0.323966 0.016861 0.022576
1 0.771367 0.289932 0.016861 0.022576
1 0.839759 0.254322 0.016861 0.022576
1 0.908165 0.253949 0.016861 0.022576
1 0.976557 0.303492 0.016861 0.022576
5 0.087380 0.701288 0.016861 0.022576
5 0.214405 0.726237 0.016861 0.022576
5 0.341430 0.601085 0.016861 0.022576
5 0.468456 0.440373 0.016861 0.022576
5 0.595481 0.480576 0.016861 0.022576
5 0.722506 0.500237 0.016861 0.022576
5 0.849532 0.396542 0.016861 0.022576
5 0.976557 0.336305 0.016861 0.022576
2 0.087380 0.531458 0.016861 0.022576
2 0.214405 0.651915 0.016861 0.022576
2 0.341430 0.586695 0.016861 0.022576
2 0.468456 0.623034 0.016861 0.022576
2 0.595481 0.609492 0.016861 0.022576
2 0.722506 0.505949 0.016861 0.022576
2 0.849532 0.667864 0.016861 0.022576
2 0.976557 0.674034 0.016861 0.022576
0 0.087380 0.673186 0.016861 0.022576
0 0.168215 0.621339 0.016861 0.022576
0 0.249051 0.613797 0.016861 0.022576
0 0.329886 0.541881 0.016861 0.022576
0 0.410722 0.488797 0.016861 0.022576
0 0.491557 0.380322 0.016861 0.022576
0 0.572392 0.329949 0.016861 0.022576
0 0.653228 0.238169 0.016861 0.022576
0 0.734063 0.238678 0.016861 0.022576
0 0.814886 0.187763 0.016861 0.022576
0 0.895722 0.189831 0.016861 0.022576
0 0.976557 0.138661 0.016861 0.022576