5 0.130306 0.767385 0.019847 0.026632
5 0.199885 0.755385 0.019847 0.026632
5 0.269465 0.764530 0.019847 0.026632
5 0.339045 0.679590 0.019847 0.026632
5 0.408611 0.607778 0.019847 0.026632
5 0.478191 0.538274 0.019847 0.026632
5 0.547771 0.422632 0.019847 0.026632
5 0.617350 0.316068 0.019847 0.026632
5 0.686930 0.193368 0.019847 0.026632
5 0.756510 0.203624 0.019847 0.026632
5 0.826076 0.167111 0.019847 0.026632
5 0.895656 0.157880 0.019847 0.026632
5 0.965236 0.210667 0.019847 0.026632
6 0.130306 0.761966 0.019847 0.026632
6 0.213796 0.758889 0.019847 0.026632
6 0.297299 0.673504 0.019847 0.026632
6 0.380790 0.767863 0.019847 0.026632
6 0.464280 0.750308 0.019847 0.026632
6 0.547771 0.762188 0.019847 0.026632
6 0.631261 0.802068 0.019847 0.026632
6 0.714752 0.717402 0.019847 0.026632
6 0.798255 0.715470 0.019847 0.026632
6 0.881745 0.623675 0.019847 0.026632
6 0.965236 0.364718 0.019847 0.026632
0 0.130306 0.277932 0.019847 0.026632
0 0.206217 0.377590 0.019847 0.026632
0 0.282115 0.306923 0.019847 0.026632
0 0.358013 0.249949 0.019847 0.026632
0 0.433924 0.362974 0.019847 0.026632
0 0.509822 0.347897 0.019847 0.026632
0 0.585720 0.324274 0.019847 0.026632
0 0.661631 0.345846 0.019847 0.026632
0 0.737529 0.383846 0.019847 0.026632
0 0.813427 0.330547 0.019847 0.026632
0 0.889338 0.393316 0.019847 0.026632
0 0.965236 0.459282 0.019847 0.026632
1 0.130306 0.722410 0.019847 0.026632
1 0.223083 0.610188 0.019847 0.026632
1 0.315847 0.651094 0.019847 0.026632
1 0.408611 0.573368 0.019847 0.026632
1 0.501389 0.461590 0.019847 0.026632
1 0.594153 0.470085 0.019847 0.026632
1 0.686930 0.372769 0.019847 0.026632
1 0.779694 0.307265 0.019847 0.026632
1 0.872471 0.396256 0.019847 0.026632
1 0.965236 0.325231 0.019847 0.026632