2 0.130299 0.443051 0.019783 0.026547
2 0.223076 0.359530 0.019783 0.026547
2 0.315841 0.367838 0.019783 0.026547
2 0.408618 0.298316 0.019783 0.026547
2 0.501382 0.271256 0.019783 0.026547
2 0.594159 0.199103 0.019783 0.026547
2 0.686924 0.340846 0.019783 0.026547
2 0.779688 0.342778 0.019783 0.026547
2 0.872465 0.239154 0.019783 0.026547
2 0.965229 0.403769 0.019783 0.026547
7 0.130299 0.670949 0.019783 0.026547
7 0.223076 0.740504 0.019783 0.026547
7 0.315841 0.843239 0.019783 0.026547
7 0.408618 0.855752 0.019783 0.026547
7 0.501382 0.871256 0.019783 0.026547
7 0.594159 0.713838 0.019783 0.026547
7 0.686924 0.675479 0.019783 0.026547
7 0.779688 0.621222 0.019783 0.026547
7 0.872465 0.639256 0.019783 0.026547
7 0.965229 0.338265 0.019783 0.026547
0 0.130299 0.704231 0.019783 0.026547
0 0.206210 0.745205 0.019783 0.026547
0 0.282108 0.602624 0.019783 0.026547
0 0.358006 0.633342 0.019783 0.026547
0 0.433917 0.655393 0.019783 0.026547
0 0.509815 0.635496 0.019783 0.026547
0 0.585726 0.640077 0.019783 0.026547
0 0.661624 0.571872 0.019783 0.026547
0 0.737522 0.571410 0.019783 0.026547
0 0.813433 0.626573 0.019783 0.026547
0 0.889331 0.614812 0.019783 0.026547
0 0.965229 0.689974 0.019783 0.026547
3 0.130299 0.586214 0.019783 0.026547
3 0.199879 0.499684 0.019783 0.026547
3 0.269459 0.652538 0.019783 0.026547
3 0.339038 0.478556 0.019783 0.026547
3 0.408618 0.638333 0.019783 0.026547
3 0.478197 0.533137 0.019783 0.026547
3 0.547764 0.613513 0.019783 0.026547
3 0.617344 0.514145 0.019783 0.026547
3 0.686924 0.555940 0.019783 0.026547
3 0.756503 0.667103 0.019783 0.026547
3 0.826083 0.525120 0.019783 0.026547
3 0.895650 0.601821 0.019783 0.026547
3 0.965229 0.524709 0.019783 0.026547