7 0.087373 0.660754 0.016975 0.022729
7 0.150892 0.552449 0.016975 0.022729
7 0.214399 0.683653 0.016975 0.022729
7 0.277918 0.668025 0.016975 0.022729
7 0.341424 0.632703 0.016975 0.022729
7 0.404943 0.780958 0.016975 0.022729
7 0.468449 0.556398 0.016975 0.022729
7 0.531968 0.669754 0.016975 0.022729
7 0.595475 0.561754 0.016975 0.022729
7 0.658994 0.740466 0.016975 0.022729
7 0.722500 0.547788 0.016975 0.022729
7 0.786019 0.626941 0.016975 0.022729
7 0.849525 0.644975 0.016975 0.022729
7 0.913044 0.673754 0.016975 0.022729
7 0.976551 0.727636 0.016975 0.022729
0 0.087373 0.606686 0.016975 0.022729
0 0.142943 0.681110 0.016975 0.022729
0 0.198525 0.831941 0.016975 0.022729
0 0.254095 0.755415 0.016975 0.022729
0 0.309665 0.667381 0.016975 0.022729
0 0.365247 0.605229 0.016975 0.022729
0 0.420816 0.599619 0.016975 0.022729
0 0.476386 0.460381 0.016975 0.022729
0 0.531968 0.648093 0.016975 0.022729
0 0.587538 0.431585 0.016975 0.022729
0 0.643108 0.519585 0.016975 0.022729
0 0.698690 0.267585 0.016975 0.022729
0 0.754259 0.282008 0.016975 0.022729
0 0.809829 0.202280 0.016975 0.022729
0 0.865411 0.267822 0.016975 0.022729
0 0.920981 0.082754 0.016975 0.022729
0 0.976551 0.084297 0.016975 0.022729
5 0.087373 0.759195 0.016975 0.022729
5 0.155778 0.802805 0.016975 0.022729
5 0.224171 0.733025 0.016975 0.022729
5 0.292576 0.805619 0.016975 0.022729
5 0.360968 0.651975 0.016975 0.022729
5 0.429361 0.544314 0.016975 0.022729
5 0.497766 0.530212 0.016975 0.022729
5 0.566158 0.603958 0.016975 0.022729
5 0.634563 0.462517 0.016975 0.022729
5 0.702956 0.538059 0.016975 0.022729
5 0.771361 0.359636 0.016975 0.022729
5 0.839753 0.342653 0.016975 0.022729
5 0.908158 0.500669 0.016975 0.022729
5 0.976551 0.436144 0.016975 0.022729
6 0.087373 0.738246 0.016975 0.022729
6 0.198525 0.739585 0.016975 0.022729
6 0.309665 0.808246 0.016975 0.022729
6 0.420816 0.687466 0.016975 0.022729
6 0.531968 0.697856 0.016975 0.022729
6 0.643108 0.731619 0.016975 0.022729
6 0.754259 0.774737 0.016975 0.022729
6 0.865411 0.645229 0.016975 0.022729
6 0.976551 0.667941 0.016975 0.022729
1 0.087373 0.389042 0.016975 0.022729
1 0.214399 0.398754 0.016975 0.022729
1 0.341424 0.315381 0.016975 0.022729
1 0.468449 0.379534 0.016975 0.022729
1 0.595475 0.362788 0.016975 0.022729
1 0.722500 0.293127 0.016975 0.022729
1 0.849525 0.448331 0.016975 0.022729
1 0.976551 0.032195 0.016975 0.022729