5 0.087380 0.476051 0.012734 0.017051
5 0.176291 0.463593 0.012734 0.017051
5 0.265215 0.542322 0.012734 0.017051
5 0.354127 0.532610 0.012734 0.017051
5 0.443051 0.467763 0.012734 0.017051
5 0.531962 0.450542 0.012734 0.017051
5 0.620886 0.492542 0.012734 0.017051
5 0.709797 0.544576 0.012734 0.017051
5 0.798722 0.420627 0.012734 0.017051
5 0.887633 0.417186 0.012734 0.017051
5 0.976557 0.032203 0.012734 0.017051
2 0.087380 0.715644 0.012734 0.017051
2 0.186177 0.626085 0.012734 0.017051
2 0.284975 0.579424 0.012734 0.017051
2 0.383772 0.493424 0.012734 0.017051
2 0.482570 0.378102 0.012734 0.017051
2 0.581367 0.297068 0.012734 0.017051
2 0.680165 0.211627 0.012734 0.017051
2 0.778962 0.289915 0.012734 0.017051
2 0.877759 0.185288 0.012734 0.017051
2 0.976557 0.154780 0.012734 0.017051