0 0.130306 0.793675 0.026089 0.035009
0 0.185975 0.814735 0.026089 0.035009
0 0.241631 0.748872 0.026089 0.035009
0 0.297299 0.749197 0.026089 0.035009
0 0.352955 0.799299 0.026089 0.035009
0 0.408624 0.706667 0.026089 0.035009
0 0.464280 0.696120 0.026089 0.035009
0 0.519949 0.709282 0.026089 0.035009
0 0.575605 0.680308 0.026089 0.035009
0 0.631261 0.625761 0.026089 0.035009
0 0.686930 0.633863 0.026089 0.035009
0 0.742586 0.559197 0.026089 0.035009
0 0.798255 0.596974 0.026089 0.035009
0 0.853911 0.455726 0.026089 0.035009
0 0.909580 0.515983 0.026089 0.035009
0 0.965236 0.387641 0.026089 0.035009
4 0.130306 0.445641 0.026089 0.035009
4 0.213809 0.441436 0.026089 0.035009
4 0.297299 0.456222 0.026089 0.035009
4 0.380790 0.444154 0.026089 0.035009
4 0.464280 0.383521 0.026089 0.035009
4 0.547771 0.522359 0.026089 0.035009
4 0.631261 0.388855 0.026089 0.035009
4 0.714764 0.423880 0.026089 0.035009
4 0.798255 0.489248 0.026089 0.035009
4 0.881745 0.550632 0.026089 0.035009
4 0.965236 0.869744 0.026089 0.035009
3 0.130306 0.794615 0.026089 0.035009
3 0.206217 0.802000 0.026089 0.035009
3 0.282115 0.720615 0.026089 0.035009
3 0.358013 0.748991 0.026089 0.035009
3 0.433924 0.794342 0.026089 0.035009
3 0.509822 0.753265 0.026089 0.035009
3 0.585720 0.797145 0.026089 0.035009
3 0.661631 0.720137 0.026089 0.035009
3 0.737529 0.713897 0.026089 0.035009
3 0.813427 0.693556 0.026089 0.035009
3 0.889338 0.531060 0.026089 0.035009
3 0.965236 0.158034 0.026089 0.035009
1 0.130306 0.761043 0.026089 0.035009
1 0.199885 0.803026 0.026089 0.035009
1 0.269465 0.745060 0.026089 0.035009
1 0.339045 0.686906 0.026089 0.035009
1 0.408624 0.797077 0.026089 0.035009
1 0.478191 0.773846 0.026089 0.035009
1 0.547771 0.746103 0.026089 0.035009
1 0.617350 0.762308 0.026089 0.035009
1 0.686930 0.792974 0.026089 0.035009
1 0.756510 0.707607 0.026089 0.035009
1 0.826089 0.618188 0.026089 0.035009
1 0.895656 0.521231 0.026089 0.035009
1 0.965236 0.259265 0.026089 0.035009
5 0.130306 0.686632 0.026089 0.035009
5 0.182497 0.616838 0.026089 0.035009
5 0.234675 0.578615 0.026089 0.035009
5 0.286854 0.589214 0.026089 0.035009
5 0.339045 0.589795 0.026089 0.035009
5 0.391223 0.588547 0.026089 0.035009
5 0.443414 0.577983 0.026089 0.035009
5 0.495592 0.475162 0.026089 0.035009
5 0.547771 0.433778 0.026089 0.035009
5 0.599962 0.481282 0.026089 0.035009
5 0.652140 0.332000 0.026089 0.035009
5 0.704318 0.334940 0.026089 0.035009
5 0.756510 0.278598 0.026089 0.035009
5 0.808688 0.355231 0.026089 0.035009
5 0.860866 0.340803 0.026089 0.035009
5 0.913057 0.286735 0.026089 0.035009
5 0.965236 0.256051 0.026089 0.035009
7 0.130306 0.479453 0.026089 0.035009
7 0.206217 0.518188 0.026089 0.035009
7 0.282115 0.551897 0.026089 0.035009
7 0.358013 0.579744 0.026089 0.035009
7 0.433924 0.499573 0.026089 0.035009
7 0.509822 0.577521 0.026089 0.035009
7 0.585720 0.485265 0.026089 0.035009
7 0.661631 0.552581 0.026089 0.035009
7 0.737529 0.482496 0.026089 0.035009
7 0.813427 0.496359 0.026089 0.035009
7 0.889338 0.426513 0.026089 0.035009
7 0.965236 0.050427 0.026089 0.035009