6 0.087380 0.526339 0.012810 0.017153
6 0.155772 0.554661 0.012810 0.017153
6 0.224177 0.481136 0.012810 0.017153
6 0.292570 0.591339 0.012810 0.017153
6 0.360975 0.608542 0.012810 0.017153
6 0.429367 0.577051 0.012810 0.017153
6 0.497772 0.552610 0.012810 0.017153
6 0.566165 0.541610 0.012810 0.017153
6 0.634570 0.559593 0.012810 0.017153
6 0.702962 0.535864 0.012810 0.017153
6 0.771367 0.590983 0.012810 0.017153
6 0.839759 0.466610 0.012810 0.017153
6 0.908165 0.431305 0.012810 0.017153
6 0.976557 0.032203 0.012810 0.017153
2 0.087380 0.681847 0.012810 0.017153
2 0.146658 0.662678 0.012810 0.017153
2 0.205937 0.636780 0.012810 0.017153
2 0.265215 0.611017 0.012810 0.017153
2 0.324494 0.562932 0.012810 0.017153
2 0.383772 0.485831 0.012810 0.017153
2 0.443051 0.469186 0.012810 0.017153
2 0.502329 0.386847 0.012810 0.017153
2 0.561608 0.356458 0.012810 0.017153
2 0.620886 0.245576 0.012810 0.017153
2 0.680165 0.282678 0.012810 0.017153
2 0.739443 0.156729 0.012810 0.017153
2 0.798722 0.203085 0.012810 0.017153
2 0.858000 0.239559 0.012810 0.017153
2 0.917278 0.169847 0.012810 0.017153
2 0.976557 0.193237 0.012810 0.017153