5 0.130312 0.803650 0.023070 0.030957
5 0.213803 0.843325 0.023070 0.030957
5 0.297293 0.730538 0.023070 0.030957
5 0.380783 0.790453 0.023070 0.030957
5 0.464287 0.832726 0.023070 0.030957
5 0.547777 0.755701 0.023070 0.030957
5 0.631268 0.731752 0.023070 0.030957
5 0.714758 0.758453 0.023070 0.030957
5 0.798248 0.735051 0.023070 0.030957
5 0.881739 0.545735 0.023070 0.030957
5 0.965242 0.213120 0.023070 0.030957
0 0.130312 0.721376 0.023070 0.030957
0 0.234682 0.680162 0.023070 0.030957
0 0.339038 0.599222 0.023070 0.030957
0 0.443408 0.543530 0.023070 0.030957
0 0.547777 0.465974 0.023070 0.030957
0 0.652134 0.427462 0.023070 0.030957
0 0.756503 0.342077 0.023070 0.030957
0 0.860873 0.381137 0.023070 0.030957
0 0.965242 0.281752 0.023070 0.030957
1 0.130312 0.678983 0.023070 0.030957
1 0.189943 0.763632 0.023070 0.030957
1 0.249586 0.704556 0.023070 0.030957
1 0.309229 0.632692 0.023070 0.030957
1 0.368860 0.546863 0.023070 0.030957
1 0.428503 0.541239 0.023070 0.030957
1 0.488134 0.475120 0.023070 0.030957
1 0.547777 0.444538 0.023070 0.030957
1 0.607408 0.301821 0.023070 0.030957
1 0.667051 0.176111 0.023070 0.030957
1 0.726682 0.195803 0.023070 0.030957
1 0.786325 0.175906 0.023070 0.030957
1 0.845968 0.142949 0.023070 0.030957
1 0.905599 0.141171 0.023070 0.030957
1 0.965242 0.160897 0.023070 0.030957
4 0.130312 0.628932 0.023070 0.030957
4 0.223076 0.626846 0.023070 0.030957
4 0.315854 0.591496 0.023070 0.030957
4 0.408618 0.557222 0.023070 0.030957
4 0.501395 0.382368 0.023070 0.030957
4 0.594159 0.305872 0.023070 0.030957
4 0.686924 0.268145 0.023070 0.030957
4 0.779701 0.159530 0.023070 0.030957
4 0.872465 0.182436 0.023070 0.030957
4 0.965242 0.176692 0.023070 0.030957
3 0.130312 0.775359 0.023070 0.030957
3 0.234682 0.754060 0.023070 0.030957
3 0.339038 0.580470 0.023070 0.030957
3 0.443408 0.543906 0.023070 0.030957
3 0.547777 0.414368 0.023070 0.030957
3 0.652134 0.371171 0.023070 0.030957
3 0.756503 0.260265 0.023070 0.030957
3 0.860873 0.243000 0.023070 0.030957
3 0.965242 0.240333 0.023070 0.030957
2 0.130312 0.787530 0.023070 0.030957
2 0.234682 0.769735 0.023070 0.030957
2 0.339038 0.668265 0.023070 0.030957
2 0.443408 0.633786 0.023070 0.030957
2 0.547777 0.515034 0.023070 0.030957
2 0.652134 0.478333 0.023070 0.030957
2 0.756503 0.387120 0.023070 0.030957
2 0.860873 0.318145 0.023070 0.030957
2 0.965242 0.329530 0.023070 0.030957