3 0.130312 0.568675 0.019885 0.026684
3 0.223076 0.589308 0.019885 0.026684
3 0.315854 0.566265 0.019885 0.026684
3 0.408618 0.541479 0.019885 0.026684
3 0.501382 0.476556 0.019885 0.026684
3 0.594159 0.558761 0.019885 0.026684
3 0.686924 0.532863 0.019885 0.026684
3 0.779701 0.544897 0.019885 0.026684
3 0.872465 0.529120 0.019885 0.026684
3 0.965242 0.690880 0.019885 0.026684
0 0.130312 0.673735 0.019885 0.026684
0 0.269459 0.626214 0.019885 0.026684
0 0.408618 0.470060 0.019885 0.026684
0 0.547777 0.331923 0.019885 0.026684
0 0.686924 0.160299 0.019885 0.026684
0 0.826083 0.135957 0.019885 0.026684
0 0.965242 0.141838 0.019885 0.026684