7 0.087380 0.255695 0.018203 0.024373
7 0.199557 0.264678 0.018203 0.024373
7 0.311734 0.292814 0.018203 0.024373
7 0.423911 0.249797 0.018203 0.024373
7 0.536101 0.267424 0.018203 0.024373
7 0.648278 0.129814 0.018203 0.024373
7 0.760456 0.094186 0.018203 0.024373
7 0.872633 0.132864 0.018203 0.024373
7 0.984810 0.071797 0.018203 0.024373
3 0.087380 0.790712 0.018203 0.024373
3 0.236949 0.672746 0.018203 0.024373
3 0.386519 0.510034 0.018203 0.024373
3 0.536101 0.396983 0.018203 0.024373
3 0.685671 0.352627 0.018203 0.024373
3 0.835241 0.295220 0.018203 0.024373
3 0.984810 0.255305 0.018203 0.024373
5 0.087380 0.800508 0.018203 0.024373
5 0.177127 0.664000 0.018203 0.024373
5 0.266861 0.602254 0.018203 0.024373
5 0.356608 0.506271 0.018203 0.024373
5 0.446354 0.462220 0.018203 0.024373
5 0.536101 0.323458 0.018203 0.024373
5 0.625835 0.399983 0.018203 0.024373
5 0.715582 0.242373 0.018203 0.024373
5 0.805329 0.207339 0.018203 0.024373
5 0.895063 0.251203 0.018203 0.024373
5 0.984810 0.322780 0.018203 0.024373
1 0.087380 0.687458 0.018203 0.024373
1 0.236949 0.630763 0.018203 0.024373
1 0.386519 0.564966 0.018203 0.024373
1 0.536101 0.389339 0.018203 0.024373
1 0.685671 0.170763 0.018203 0.024373
1 0.835241 0.127237 0.018203 0.024373
1 0.984810 0.157051 0.018203 0.024373
2 0.087380 0.763492 0.018203 0.024373
2 0.236949 0.641441 0.018203 0.024373
2 0.386519 0.563644 0.018203 0.024373
2 0.536101 0.463034 0.018203 0.024373
2 0.685671 0.429051 0.018203 0.024373
2 0.835241 0.315559 0.018203 0.024373
2 0.984810 0.187627 0.018203 0.024373