1 0.130312 0.723462 0.024497 0.032872
1 0.236146 0.683444 0.024497 0.032872
1 0.341981 0.765410 0.024497 0.032872
1 0.447815 0.760350 0.024497 0.032872
1 0.553650 0.846880 0.024497 0.032872
1 0.659484 0.883051 0.024497 0.032872
1 0.765318 0.883051 0.024497 0.032872
1 0.871153 0.883051 0.024497 0.032872
1 0.976987 0.883051 0.024497 0.032872
7 0.130312 0.693051 0.024497 0.032872
7 0.224389 0.628692 0.024497 0.032872
7 0.318465 0.692556 0.024497 0.032872
7 0.412541 0.602333 0.024497 0.032872
7 0.506618 0.589274 0.024497 0.032872
7 0.600694 0.497120 0.024497 0.032872
7 0.694771 0.396573 0.024497 0.032872
7 0.788847 0.367735 0.024497 0.032872
7 0.882924 0.310675 0.024497 0.032872
7 0.976987 0.238316 0.024497 0.032872
2 0.130312 0.721598 0.024497 0.032872
2 0.224389 0.635154 0.024497 0.032872
2 0.318465 0.648231 0.024497 0.032872
2 0.412541 0.515034 0.024497 0.032872
2 0.506618 0.407872 0.024497 0.032872
2 0.600694 0.489103 0.024497 0.032872
2 0.694771 0.392043 0.024497 0.032872
2 0.788847 0.322197 0.024497 0.032872
2 0.882924 0.339274 0.024497 0.032872
2 0.976987 0.313444 0.024497 0.032872
0 0.130312 0.482538 0.024497 0.032872
0 0.251268 0.402607 0.024497 0.032872
0 0.372223 0.355974 0.024497 0.032872
0 0.493178 0.253462 0.024497 0.032872
0 0.614134 0.230761 0.024497 0.032872
0 0.735089 0.172521 0.024497 0.032872
0 0.856045 0.143974 0.024497 0.032872
0 0.976987 0.091393 0.024497 0.032872
4 0.130312 0.727068 0.024497 0.032872
4 0.224389 0.688915 0.024497 0.032872
4 0.318465 0.700949 0.024497 0.032872
4 0.412541 0.643872 0.024497 0.032872
4 0.506618 0.527325 0.024497 0.032872
4 0.600694 0.496487 0.024497 0.032872
4 0.694771 0.457940 0.024497 0.032872
4 0.788847 0.334419 0.024497 0.032872
4 0.882924 0.345000 0.024497 0.032872
4 0.976987 0.376009 0.024497 0.032872