5 0.087380 0.769525 0.014886 0.019932
5 0.156405 0.741271 0.014886 0.019932
5 0.225443 0.645407 0.014886 0.019932
5 0.294468 0.789237 0.014886 0.019932
5 0.363506 0.667559 0.014886 0.019932
5 0.432544 0.722237 0.014886 0.019932
5 0.501570 0.636288 0.014886 0.019932
5 0.570608 0.528492 0.014886 0.019932
5 0.639646 0.519542 0.014886 0.019932
5 0.708671 0.520712 0.014886 0.019932
5 0.777709 0.473271 0.014886 0.019932
5 0.846734 0.395678 0.014886 0.019932
5 0.915772 0.433254 0.014886 0.019932
5 0.984810 0.386458 0.014886 0.019932
6 0.087380 0.672797 0.014886 0.019932
6 0.177114 0.739339 0.014886 0.019932
6 0.266861 0.672254 0.014886 0.019932
6 0.356608 0.769898 0.014886 0.019932
6 0.446342 0.911525 0.014886 0.019932
6 0.536089 0.866780 0.014886 0.019932
6 0.625835 0.924949 0.014886 0.019932
6 0.715582 0.921051 0.014886 0.019932
6 0.805316 0.924949 0.014886 0.019932
6 0.895063 0.924949 0.014886 0.019932
6 0.984810 0.924949 0.014886 0.019932
1 0.087380 0.692576 0.014886 0.019932
1 0.151481 0.752932 0.014886 0.019932
1 0.215582 0.693746 0.014886 0.019932
1 0.279684 0.665169 0.014886 0.019932
1 0.343785 0.631407 0.014886 0.019932
1 0.407886 0.495136 0.014886 0.019932
1 0.471987 0.504983 0.014886 0.019932
1 0.536089 0.532119 0.014886 0.019932
1 0.600190 0.419847 0.014886 0.019932
1 0.664291 0.352559 0.014886 0.019932
1 0.728392 0.379542 0.014886 0.019932
1 0.792494 0.467373 0.014886 0.019932
1 0.856608 0.421373 0.014886 0.019932
1 0.920709 0.350288 0.014886 0.019932
1 0.984810 0.423254 0.014886 0.019932
4 0.087380 0.700017 0.014886 0.019932
4 0.156405 0.660492 0.014886 0.019932
4 0.225443 0.686780 0.014886 0.019932
4 0.294468 0.601644 0.014886 0.019932
4 0.363506 0.660424 0.014886 0.019932
4 0.432544 0.507898 0.014886 0.019932
4 0.501570 0.414339 0.014886 0.019932
4 0.570608 0.398746 0.014886 0.019932
4 0.639646 0.247983 0.014886 0.019932
4 0.708671 0.336814 0.014886 0.019932
4 0.777709 0.280186 0.014886 0.019932
4 0.846734 0.246407 0.014886 0.019932
4 0.915772 0.188847 0.014886 0.019932
4 0.984810 0.294373 0.014886 0.019932