1 0.087380 0.729390 0.016861 0.022576
1 0.186177 0.694220 0.016861 0.022576
1 0.284975 0.585898 0.016861 0.022576
1 0.383772 0.472186 0.016861 0.022576
1 0.482570 0.425271 0.016861 0.022576
1 0.581367 0.351763 0.016861 0.022576
1 0.680165 0.307831 0.016861 0.022576
1 0.778962 0.183051 0.016861 0.022576
1 0.877759 0.224915 0.016861 0.022576
1 0.976557 0.255051 0.016861 0.022576
4 0.087380 0.426220 0.016861 0.022576
4 0.186177 0.346712 0.016861 0.022576
4 0.284975 0.441136 0.016861 0.022576
4 0.383772 0.409237 0.016861 0.022576
4 0.482570 0.437831 0.016861 0.022576
4 0.581367 0.444797 0.016861 0.022576
4 0.680165 0.407407 0.016861 0.022576
4 0.778962 0.461339 0.016861 0.022576
4 0.877759 0.504119 0.016861 0.022576
4 0.976557 0.913763 0.016861 0.022576
7 0.087380 0.564322 0.016861 0.022576
7 0.168215 0.501593 0.016861 0.022576
7 0.249051 0.545695 0.016861 0.022576
7 0.329886 0.567627 0.016861 0.022576
7 0.410722 0.518814 0.016861 0.022576
7 0.491544 0.573017 0.016861 0.022576
7 0.572380 0.538017 0.016861 0.022576
7 0.653215 0.539424 0.016861 0.022576
7 0.734051 0.498051 0.016861 0.022576
7 0.814886 0.521119 0.016861 0.022576
7 0.895722 0.539898 0.016861 0.022576
7 0.976557 0.507475 0.016861 0.022576
5 0.087380 0.735305 0.016861 0.022576
5 0.235570 0.766746 0.016861 0.022576
5 0.383772 0.787441 0.016861 0.022576
5 0.531962 0.837356 0.016861 0.022576
5 0.680165 0.827254 0.016861 0.022576
5 0.828367 0.782068 0.016861 0.022576
5 0.976557 0.526864 0.016861 0.022576