7 0.087386 0.613229 0.016949 0.022695
7 0.150892 0.497059 0.016949 0.022695
7 0.214411 0.541703 0.016949 0.022695
7 0.277918 0.393602 0.016949 0.022695
7 0.341437 0.407381 0.016949 0.022695
7 0.404943 0.561432 0.016949 0.022695
7 0.468462 0.537636 0.016949 0.022695
7 0.531968 0.531771 0.016949 0.022695
7 0.595487 0.560144 0.016949 0.022695
7 0.658994 0.510619 0.016949 0.022695
7 0.722513 0.580229 0.016949 0.022695
7 0.786019 0.599297 0.016949 0.022695
7 0.849538 0.433042 0.016949 0.022695
7 0.913044 0.306653 0.016949 0.022695
7 0.976563 0.032212 0.016949 0.022695
3 0.087386 0.720178 0.016949 0.022695
3 0.198525 0.835551 0.016949 0.022695
3 0.309677 0.768703 0.016949 0.022695
3 0.420829 0.725839 0.016949 0.022695
3 0.531968 0.790280 0.016949 0.022695
3 0.643120 0.752483 0.016949 0.022695
3 0.754272 0.817093 0.016949 0.022695
3 0.865411 0.711653 0.016949 0.022695
3 0.976563 0.305856 0.016949 0.022695
2 0.087386 0.844246 0.016949 0.022695
2 0.155778 0.801195 0.016949 0.022695
2 0.224184 0.904856 0.016949 0.022695
2 0.292576 0.824941 0.016949 0.022695
2 0.360968 0.809347 0.016949 0.022695
2 0.429373 0.807161 0.016949 0.022695
2 0.497766 0.805992 0.016949 0.022695
2 0.566171 0.792110 0.016949 0.022695
2 0.634563 0.750025 0.016949 0.022695
2 0.702968 0.715280 0.016949 0.022695
2 0.771361 0.810686 0.016949 0.022695
2 0.839766 0.777331 0.016949 0.022695
2 0.908158 0.542042 0.016949 0.022695
2 0.976563 0.226703 0.016949 0.022695
1 0.087386 0.814432 0.016949 0.022695
1 0.186184 0.846008 0.016949 0.022695
1 0.284981 0.885771 0.016949 0.022695
1 0.383778 0.822297 0.016949 0.022695
1 0.482576 0.774093 0.016949 0.022695
1 0.581373 0.742653 0.016949 0.022695
1 0.680171 0.828280 0.016949 0.022695
1 0.778968 0.806212 0.016949 0.022695
1 0.877766 0.765059 0.016949 0.022695
1 0.976563 0.343771 0.016949 0.022695
6 0.087386 0.789822 0.016949 0.022695
6 0.198525 0.643788 0.016949 0.022695
6 0.309677 0.750907 0.016949 0.022695
6 0.420829 0.536331 0.016949 0.022695
6 0.531968 0.366822 0.016949 0.022695
6 0.643120 0.278805 0.016949 0.022695
6 0.754272 0.032212 0.016949 0.022695
6 0.865411 0.175161 0.016949 0.022695
6 0.976563 0.262754 0.016949 0.022695
5 0.087386 0.795042 0.016949 0.022695
5 0.186184 0.913771 0.016949 0.022695
5 0.284981 0.793924 0.016949 0.022695
5 0.383778 0.850771 0.016949 0.022695
5 0.482576 0.718636 0.016949 0.022695
5 0.581373 0.829076 0.016949 0.022695
5 0.680171 0.794483 0.016949 0.022695
5 0.778968 0.819178 0.016949 0.022695
5 0.877766 0.538229 0.016949 0.022695
5 0.976563 0.308314 0.016949 0.022695