0 0.087373 0.625415 0.014190 0.019000
0 0.168956 0.648839 0.014190 0.019000
0 0.250551 0.640924 0.014190 0.019000
0 0.332133 0.646992 0.014190 0.019000
0 0.413715 0.544246 0.014190 0.019000
0 0.495297 0.479161 0.014190 0.019000
0 0.576880 0.472093 0.014190 0.019000
0 0.658475 0.413585 0.014190 0.019000
0 0.740057 0.389246 0.014190 0.019000
0 0.821639 0.391025 0.014190 0.019000
0 0.903222 0.401686 0.014190 0.019000
0 0.984804 0.367229 0.014190 0.019000
2 0.087373 0.401398 0.014190 0.019000
2 0.168956 0.436314 0.014190 0.019000
2 0.250551 0.316890 0.014190 0.019000
2 0.332133 0.350924 0.014190 0.019000
2 0.413715 0.322703 0.014190 0.019000
2 0.495297 0.272619 0.014190 0.019000
2 0.576880 0.267059 0.014190 0.019000
2 0.658475 0.215805 0.014190 0.019000
2 0.740057 0.217568 0.014190 0.019000
2 0.821639 0.228263 0.014190 0.019000
2 0.903222 0.167280 0.014190 0.019000
2 0.984804 0.201144 0.014190 0.019000