1 0.087373 0.533195 0.011937 0.015983
1 0.176297 0.461992 0.011937 0.015983
1 0.265209 0.578500 0.011937 0.015983
1 0.354133 0.587619 0.011937 0.015983
1 0.443044 0.471093 0.011937 0.015983
1 0.531968 0.534636 0.011937 0.015983
1 0.620880 0.552364 0.011937 0.015983
1 0.709804 0.490059 0.011937 0.015983
1 0.798715 0.566466 0.011937 0.015983
1 0.887639 0.564449 0.011937 0.015983
1 0.976563 0.913771 0.011937 0.015983
6 0.087373 0.806263 0.011937 0.015983
6 0.176297 0.706314 0.011937 0.015983
6 0.265209 0.810703 0.011937 0.015983
6 0.354133 0.759788 0.011937 0.015983
6 0.443044 0.776500 0.011937 0.015983
6 0.531968 0.738551 0.011937 0.015983
6 0.620880 0.728195 0.011937 0.015983
6 0.709804 0.782602 0.011937 0.015983
6 0.798715 0.791415 0.011937 0.015983
6 0.887639 0.629008 0.011937 0.015983
6 0.976563 0.310229 0.011937 0.015983
3 0.087373 0.653347 0.011937 0.015983
3 0.186171 0.671212 0.011937 0.015983
3 0.284968 0.604331 0.011937 0.015983
3 0.383766 0.468669 0.011937 0.015983
3 0.482563 0.406347 0.011937 0.015983
3 0.581361 0.294907 0.011937 0.015983
3 0.680158 0.149195 0.011937 0.015983
3 0.778956 0.183314 0.011937 0.015983
3 0.877753 0.179263 0.011937 0.015983
3 0.976563 0.110076 0.011937 0.015983
4 0.087373 0.639686 0.011937 0.015983
4 0.176297 0.645771 0.011937 0.015983
4 0.265209 0.614263 0.011937 0.015983
4 0.354133 0.644229 0.011937 0.015983
4 0.443044 0.612602 0.011937 0.015983
4 0.531968 0.425314 0.011937 0.015983
4 0.620880 0.408415 0.011937 0.015983
4 0.709804 0.328212 0.011937 0.015983
4 0.798715 0.210924 0.011937 0.015983
4 0.887639 0.203093 0.011937 0.015983
4 0.976563 0.185347 0.011937 0.015983
0 0.087373 0.706025 0.011937 0.015983
0 0.176297 0.812144 0.011937 0.015983
0 0.265209 0.752771 0.011937 0.015983
0 0.354133 0.785669 0.011937 0.015983
0 0.443044 0.777669 0.011937 0.015983
0 0.531968 0.730042 0.011937 0.015983
0 0.620880 0.768432 0.011937 0.015983
0 0.709804 0.766144 0.011937 0.015983
0 0.798715 0.738907 0.011937 0.015983
0 0.887639 0.750500 0.011937 0.015983
0 0.976563 0.558941 0.011937 0.015983
2 0.087373 0.847500 0.011937 0.015983
2 0.176297 0.872958 0.011937 0.015983
2 0.265209 0.703415 0.011937 0.015983
2 0.354133 0.791008 0.011937 0.015983
2 0.443044 0.703585 0.011937 0.015983
2 0.531968 0.622568 0.011937 0.015983
2 0.620880 0.490992 0.011937 0.015983
2 0.709804 0.353398 0.011937 0.015983
2 0.798715 0.248195 0.011937 0.015983
2 0.887639 0.227720 0.011937 0.015983
2 0.976563 0.164720 0.011937 0.015983