1 0.087373 0.730619 0.013253 0.017746
1 0.187095 0.834534 0.013253 0.017746
1 0.286804 0.884076 0.013253 0.017746
1 0.386525 0.924958 0.013253 0.017746
1 0.486234 0.924958 0.013253 0.017746
1 0.585956 0.924958 0.013253 0.017746
1 0.685665 0.924958 0.013253 0.017746
1 0.785373 0.924958 0.013253 0.017746
1 0.885095 0.924958 0.013253 0.017746
1 0.984804 0.924958 0.013253 0.017746
5 0.087373 0.815144 0.013253 0.017746
5 0.236943 0.634093 0.013253 0.017746
5 0.386525 0.477331 0.013253 0.017746
5 0.536095 0.466941 0.013253 0.017746
5 0.685665 0.393263 0.013253 0.017746
5 0.835234 0.301195 0.013253 0.017746
5 0.984804 0.284347 0.013253 0.017746
6 0.087373 0.702381 0.013253 0.017746
6 0.187095 0.739890 0.013253 0.017746
6 0.286804 0.740958 0.013253 0.017746
6 0.386525 0.597246 0.013253 0.017746
6 0.486234 0.606720 0.013253 0.017746
6 0.585956 0.519805 0.013253 0.017746
6 0.685665 0.495500 0.013253 0.017746
6 0.785373 0.394195 0.013253 0.017746
6 0.885095 0.324025 0.013253 0.017746
6 0.984804 0.346449 0.013253 0.017746
4 0.087373 0.783042 0.013253 0.017746
4 0.199551 0.731890 0.013253 0.017746
4 0.311728 0.643839 0.013253 0.017746
4 0.423918 0.590042 0.013253 0.017746
4 0.536095 0.439619 0.013253 0.017746
4 0.648272 0.462331 0.013253 0.017746
4 0.760449 0.460347 0.013253 0.017746
4 0.872627 0.352297 0.013253 0.017746
4 0.984804 0.399381 0.013253 0.017746
0 0.087373 0.770941 0.013253 0.017746
0 0.266867 0.831297 0.013253 0.017746
0 0.446348 0.739873 0.013253 0.017746
0 0.625829 0.553280 0.013253 0.017746
0 0.805323 0.414229 0.013253 0.017746
0 0.984804 0.380907 0.013253 0.017746