7 0.087380 0.643593 0.017570 0.023525
7 0.168215 0.696576 0.017570 0.023525
7 0.249051 0.598441 0.017570 0.023525
7 0.329886 0.733000 0.017570 0.023525
7 0.410722 0.623441 0.017570 0.023525
7 0.491557 0.621254 0.017570 0.023525
7 0.572392 0.579390 0.017570 0.023525
7 0.653215 0.451254 0.017570 0.023525
7 0.734051 0.631644 0.017570 0.023525
7 0.814886 0.707831 0.017570 0.023525
7 0.895722 0.714458 0.017570 0.023525
7 0.976557 0.913763 0.017570 0.023525
3 0.087380 0.840322 0.017570 0.023525
3 0.198532 0.818763 0.017570 0.023525
3 0.309671 0.827424 0.017570 0.023525
3 0.420823 0.776305 0.017570 0.023525
3 0.531975 0.849797 0.017570 0.023525
3 0.643114 0.701356 0.017570 0.023525
3 0.754266 0.770390 0.017570 0.023525
3 0.865418 0.634390 0.017570 0.023525
3 0.976557 0.220932 0.017570 0.023525
6 0.087380 0.747102 0.017570 0.023525
6 0.214405 0.618559 0.017570 0.023525
6 0.341430 0.615763 0.017570 0.023525
6 0.468456 0.447983 0.017570 0.023525
6 0.595481 0.304373 0.017570 0.023525
6 0.722506 0.318746 0.017570 0.023525
6 0.849532 0.249797 0.017570 0.023525
6 0.976557 0.211881 0.017570 0.023525
0 0.087380 0.721763 0.017570 0.023525
0 0.198532 0.767983 0.017570 0.023525
0 0.309671 0.773203 0.017570 0.023525
0 0.420823 0.723525 0.017570 0.023525
0 0.531975 0.798169 0.017570 0.023525
0 0.643114 0.757915 0.017570 0.023525
0 0.754266 0.791542 0.017570 0.023525
0 0.865418 0.728153 0.017570 0.023525
0 0.976557 0.530915 0.017570 0.023525