5 0.130312 0.738368 0.022866 0.030684
5 0.223076 0.733855 0.022866 0.030684
5 0.315841 0.754316 0.022866 0.030684
5 0.408618 0.751000 0.022866 0.030684
5 0.501382 0.733308 0.022866 0.030684
5 0.594159 0.751479 0.022866 0.030684
5 0.686924 0.733769 0.022866 0.030684
5 0.779688 0.747735 0.022866 0.030684
5 0.872465 0.661821 0.022866 0.030684
5 0.965229 0.224419 0.022866 0.030684
0 0.130312 0.746795 0.022866 0.030684
0 0.185968 0.745923 0.022866 0.030684
0 0.241624 0.761581 0.022866 0.030684
0 0.297293 0.746436 0.022866 0.030684
0 0.352949 0.750248 0.022866 0.030684
0 0.408618 0.759718 0.022866 0.030684
0 0.464274 0.765274 0.022866 0.030684
0 0.519943 0.776590 0.022866 0.030684
0 0.575599 0.749256 0.022866 0.030684
0 0.631268 0.772077 0.022866 0.030684
0 0.686924 0.752949 0.022866 0.030684
0 0.742592 0.759017 0.022866 0.030684
0 0.798248 0.754077 0.022866 0.030684
0 0.853904 0.786932 0.022866 0.030684
0 0.909573 0.859769 0.022866 0.030684
0 0.965229 0.879462 0.022866 0.030684
4 0.130312 0.445769 0.022866 0.030684
4 0.213803 0.445991 0.022866 0.030684
4 0.297293 0.444179 0.022866 0.030684
4 0.380783 0.467923 0.022866 0.030684
4 0.464274 0.440778 0.022866 0.030684
4 0.547764 0.442521 0.022866 0.030684
4 0.631268 0.462009 0.022866 0.030684
4 0.714758 0.454094 0.022866 0.030684
4 0.798248 0.459444 0.022866 0.030684
4 0.881739 0.509632 0.022866 0.030684
4 0.965229 0.813684 0.022866 0.030684