2 0.087373 0.793975 0.016595 0.022220
2 0.215589 0.789602 0.016595 0.022220
2 0.343791 0.680110 0.016595 0.022220
2 0.471994 0.652212 0.016595 0.022220
2 0.600196 0.471263 0.016595 0.022220
2 0.728399 0.336500 0.016595 0.022220
2 0.856601 0.188941 0.016595 0.022220
2 0.984816 0.136297 0.016595 0.022220
3 0.087373 0.399975 0.016595 0.022220
3 0.177120 0.511331 0.016595 0.022220
3 0.266867 0.554314 0.016595 0.022220
3 0.356614 0.633585 0.016595 0.022220
3 0.446348 0.665297 0.016595 0.022220
3 0.536095 0.686025 0.016595 0.022220
3 0.625842 0.723653 0.016595 0.022220
3 0.715576 0.840042 0.016595 0.022220
3 0.805323 0.823653 0.016595 0.022220
3 0.895070 0.857212 0.016595 0.022220
3 0.984816 0.924958 0.016595 0.022220