1 0.130312 0.327000 0.024650 0.033077
1 0.234682 0.295803 0.024650 0.033077
1 0.339038 0.316436 0.024650 0.033077
1 0.443408 0.290812 0.024650 0.033077
1 0.547777 0.315308 0.024650 0.033077
1 0.652134 0.329085 0.024650 0.033077
1 0.756503 0.321051 0.024650 0.033077
1 0.860873 0.282932 0.024650 0.033077
1 0.965242 0.196658 0.024650 0.033077
4 0.130312 0.700761 0.024650 0.033077
4 0.213803 0.686812 0.024650 0.033077
4 0.297293 0.672368 0.024650 0.033077
4 0.380783 0.646368 0.024650 0.033077
4 0.464287 0.610949 0.024650 0.033077
4 0.547777 0.584744 0.024650 0.033077
4 0.631268 0.534897 0.024650 0.033077
4 0.714758 0.459564 0.024650 0.033077
4 0.798248 0.396590 0.024650 0.033077
4 0.881739 0.372060 0.024650 0.033077
4 0.965242 0.347718 0.024650 0.033077
6 0.130312 0.756949 0.024650 0.033077
6 0.234682 0.761598 0.024650 0.033077
6 0.339038 0.760641 0.024650 0.033077
6 0.443408 0.770009 0.024650 0.033077
6 0.547777 0.763701 0.024650 0.033077
6 0.652134 0.771462 0.024650 0.033077
6 0.756503 0.745308 0.024650 0.033077
6 0.860873 0.699034 0.024650 0.033077
6 0.965242 0.437051 0.024650 0.033077
5 0.130312 0.346094 0.024650 0.033077
5 0.297293 0.352812 0.024650 0.033077
5 0.464287 0.342795 0.024650 0.033077
5 0.631268 0.336419 0.024650 0.033077
5 0.798248 0.366402 0.024650 0.033077
5 0.965242 0.879462 0.024650 0.033077