6 0.087380 0.385780 0.011367 0.015220
6 0.176291 0.278847 0.011367 0.015220
6 0.265215 0.440051 0.011367 0.015220
6 0.354127 0.269627 0.011367 0.015220
6 0.443051 0.343169 0.011367 0.015220
6 0.531962 0.380237 0.011367 0.015220
6 0.620886 0.356051 0.011367 0.015220
6 0.709797 0.361051 0.011367 0.015220
6 0.798722 0.250661 0.011367 0.015220
6 0.887646 0.360644 0.011367 0.015220
6 0.976557 0.032203 0.011367 0.015220
7 0.087380 0.232322 0.011367 0.015220
7 0.214405 0.355627 0.011367 0.015220
7 0.341430 0.242593 0.011367 0.015220
7 0.468456 0.182220 0.011367 0.015220
7 0.595481 0.341102 0.011367 0.015220
7 0.722506 0.260559 0.011367 0.015220
7 0.849532 0.417322 0.011367 0.015220
7 0.976557 0.524627 0.011367 0.015220
2 0.087380 0.286847 0.011367 0.015220
2 0.198519 0.266186 0.011367 0.015220
2 0.309671 0.350712 0.011367 0.015220
2 0.420823 0.427441 0.011367 0.015220
2 0.531962 0.263915 0.011367 0.015220
2 0.643114 0.458119 0.011367 0.015220
2 0.754266 0.328712 0.011367 0.015220
2 0.865405 0.258881 0.011367 0.015220
2 0.976557 0.568237 0.011367 0.015220
3 0.087380 0.321780 0.011367 0.015220
3 0.176291 0.391542 0.011367 0.015220
3 0.265215 0.518407 0.011367 0.015220
3 0.354127 0.466932 0.011367 0.015220
3 0.443051 0.472576 0.011367 0.015220
3 0.531962 0.588525 0.011367 0.015220
3 0.620886 0.539831 0.011367 0.015220
3 0.709797 0.509966 0.011367 0.015220
3 0.798722 0.613949 0.011367 0.015220
3 0.887646 0.409153 0.011367 0.015220
3 0.976557 0.132864 0.011367 0.015220