5 0.087380 0.449610 0.012886 0.017254
5 0.214405 0.493441 0.012886 0.017254
5 0.341430 0.519797 0.012886 0.017254
5 0.468456 0.474136 0.012886 0.017254
5 0.595481 0.465356 0.012886 0.017254
5 0.722506 0.553068 0.012886 0.017254
5 0.849532 0.433983 0.012886 0.017254
5 0.976557 0.032203 0.012886 0.017254
3 0.087380 0.799068 0.012886 0.017254
3 0.214405 0.735864 0.012886 0.017254
3 0.341430 0.793492 0.012886 0.017254
3 0.468456 0.783068 0.012886 0.017254
3 0.595481 0.793983 0.012886 0.017254
3 0.722506 0.781932 0.012886 0.017254
3 0.849532 0.759373 0.012886 0.017254
3 0.976557 0.335390 0.012886 0.017254
4 0.087380 0.364237 0.012886 0.017254
4 0.214405 0.456492 0.012886 0.017254
4 0.341430 0.461949 0.012886 0.017254
4 0.468456 0.505847 0.012886 0.017254
4 0.595481 0.448780 0.012886 0.017254
4 0.722506 0.476576 0.012886 0.017254
4 0.849532 0.391763 0.012886 0.017254
4 0.976557 0.793559 0.012886 0.017254
7 0.087380 0.738610 0.012886 0.017254
7 0.214405 0.621441 0.012886 0.017254
7 0.341430 0.654627 0.012886 0.017254
7 0.468456 0.670729 0.012886 0.017254
7 0.595481 0.690576 0.012886 0.017254
7 0.722506 0.424559 0.012886 0.017254
7 0.849532 0.486678 0.012886 0.017254
7 0.976557 0.448644 0.012886 0.017254