7 0.087380 0.747780 0.015848 0.021220
7 0.150886 0.769458 0.015848 0.021220
7 0.214405 0.731237 0.015848 0.021220
7 0.277911 0.758542 0.015848 0.021220
7 0.341430 0.755373 0.015848 0.021220
7 0.404937 0.754644 0.015848 0.021220
7 0.468456 0.729847 0.015848 0.021220
7 0.531975 0.774085 0.015848 0.021220
7 0.595481 0.707864 0.015848 0.021220
7 0.659000 0.734729 0.015848 0.021220
7 0.722506 0.747661 0.015848 0.021220
7 0.786025 0.760271 0.015848 0.021220
7 0.849532 0.789932 0.015848 0.021220
7 0.913051 0.913492 0.015848 0.021220
7 0.976557 0.913763 0.015848 0.021220
6 0.087380 0.689305 0.015848 0.021220
6 0.155772 0.676881 0.015848 0.021220
6 0.224177 0.652932 0.015848 0.021220
6 0.292570 0.613203 0.015848 0.021220
6 0.360975 0.562441 0.015848 0.021220
6 0.429367 0.485186 0.015848 0.021220
6 0.497772 0.428847 0.015848 0.021220
6 0.566165 0.415390 0.015848 0.021220
6 0.634570 0.322797 0.015848 0.021220
6 0.702962 0.293576 0.015848 0.021220
6 0.771367 0.272153 0.015848 0.021220
6 0.839759 0.261051 0.015848 0.021220
6 0.908165 0.232017 0.015848 0.021220
6 0.976557 0.228051 0.015848 0.021220
3 0.087380 0.530288 0.015848 0.021220
3 0.168215 0.515441 0.015848 0.021220
3 0.249051 0.532797 0.015848 0.021220
3 0.329886 0.537932 0.015848 0.021220
3 0.410722 0.528441 0.015848 0.021220
3 0.491557 0.509661 0.015848 0.021220
3 0.572392 0.508390 0.015848 0.021220
3 0.653215 0.513186 0.015848 0.021220
3 0.734051 0.506508 0.015848 0.021220
3 0.814886 0.487814 0.015848 0.021220
3 0.895722 0.388576 0.015848 0.021220
3 0.976557 0.032203 0.015848 0.021220
5 0.087380 0.777746 0.015848 0.021220
5 0.161481 0.778339 0.015848 0.021220
5 0.235570 0.772864 0.015848 0.021220
5 0.309671 0.778915 0.015848 0.021220
5 0.383772 0.783390 0.015848 0.021220
5 0.457873 0.774322 0.015848 0.021220
5 0.531975 0.788034 0.015848 0.021220
5 0.606063 0.798356 0.015848 0.021220
5 0.680165 0.787153 0.015848 0.021220
5 0.754266 0.784661 0.015848 0.021220
5 0.828367 0.740153 0.015848 0.021220
5 0.902456 0.568017 0.015848 0.021220
5 0.976557 0.252186 0.015848 0.021220
0 0.087380 0.791712 0.015848 0.021220
0 0.186177 0.811678 0.015848 0.021220
0 0.284975 0.785136 0.015848 0.021220
0 0.383772 0.787814 0.015848 0.021220
0 0.482570 0.798102 0.015848 0.021220
0 0.581367 0.779390 0.015848 0.021220
0 0.680165 0.774949 0.015848 0.021220
0 0.778962 0.799864 0.015848 0.021220
0 0.877759 0.736644 0.015848 0.021220
0 0.976557 0.454746 0.015848 0.021220
1 0.087380 0.799661 0.015848 0.021220
1 0.150886 0.777390 0.015848 0.021220
1 0.214405 0.790271 0.015848 0.021220
1 0.277911 0.791153 0.015848 0.021220
1 0.341430 0.813068 0.015848 0.021220
1 0.404937 0.779814 0.015848 0.021220
1 0.468456 0.803390 0.015848 0.021220
1 0.531975 0.786898 0.015848 0.021220
1 0.595481 0.783712 0.015848 0.021220
1 0.659000 0.768339 0.015848 0.021220
1 0.722506 0.795593 0.015848 0.021220
1 0.786025 0.793932 0.015848 0.021220
1 0.849532 0.674525 0.015848 0.021220
1 0.913051 0.441119 0.015848 0.021220
1 0.976557 0.185102 0.015848 0.021220