6 0.130299 0.718316 0.021924 0.029419
6 0.234669 0.492248 0.021924 0.029419
6 0.339038 0.599752 0.021924 0.029419
6 0.443408 0.671051 0.021924 0.029419
6 0.547764 0.701769 0.021924 0.029419
6 0.652134 0.621291 0.021924 0.029419
6 0.756503 0.548487 0.021924 0.029419
6 0.860873 0.684333 0.021924 0.029419
6 0.965229 0.879462 0.021924 0.029419
2 0.130299 0.864145 0.021924 0.029419
2 0.206210 0.761889 0.021924 0.029419
2 0.282108 0.850009 0.021924 0.029419
2 0.358006 0.735188 0.021924 0.029419
2 0.433917 0.697991 0.021924 0.029419
2 0.509815 0.790846 0.021924 0.029419
2 0.585726 0.879462 0.021924 0.029419
2 0.661624 0.744846 0.021924 0.029419
2 0.737522 0.719188 0.021924 0.029419
2 0.813433 0.676863 0.021924 0.029419
2 0.889331 0.431496 0.021924 0.029419
2 0.965229 0.281000 0.021924 0.029419