3 0.130312 0.861650 0.017567 0.023573
3 0.234669 0.777051 0.017567 0.023573
3 0.339038 0.741427 0.017567 0.023573
3 0.443408 0.718368 0.017567 0.023573
3 0.547777 0.777308 0.017567 0.023573
3 0.652134 0.773940 0.017567 0.023573
3 0.756503 0.703154 0.017567 0.023573
3 0.860873 0.678795 0.017567 0.023573
3 0.965242 0.215547 0.017567 0.023573
2 0.130312 0.771171 0.017567 0.023573
2 0.223076 0.746402 0.017567 0.023573
2 0.315854 0.750419 0.017567 0.023573
2 0.408618 0.677547 0.017567 0.023573
2 0.501382 0.684162 0.017567 0.023573
2 0.594159 0.514487 0.017567 0.023573
2 0.686924 0.372726 0.017567 0.023573
2 0.779701 0.345872 0.017567 0.023573
2 0.872465 0.260128 0.017567 0.023573
2 0.965242 0.219462 0.017567 0.023573
4 0.130312 0.709325 0.017567 0.023573
4 0.249586 0.674573 0.017567 0.023573
4 0.368860 0.676299 0.017567 0.023573
4 0.488134 0.571342 0.017567 0.023573
4 0.607408 0.421239 0.017567 0.023573
4 0.726682 0.310077 0.017567 0.023573
4 0.845955 0.247325 0.017567 0.023573
4 0.965242 0.172231 0.017567 0.023573
6 0.130312 0.651359 0.017567 0.023573
6 0.297293 0.739393 0.017567 0.023573
6 0.464274 0.591496 0.017567 0.023573
6 0.631268 0.560436 0.017567 0.023573
6 0.798248 0.419291 0.017567 0.023573
6 0.965242 0.319291 0.017567 0.023573
0 0.130312 0.809769 0.017567 0.023573
0 0.234669 0.786231 0.017567 0.023573
0 0.339038 0.771274 0.017567 0.023573
0 0.443408 0.788863 0.017567 0.023573
0 0.547777 0.699291 0.017567 0.023573
0 0.652134 0.790556 0.017567 0.023573
0 0.756503 0.771701 0.017567 0.023573
0 0.860873 0.669171 0.017567 0.023573
0 0.965242 0.338333 0.017567 0.023573
1 0.130312 0.516624 0.017567 0.023573
1 0.297293 0.491291 0.017567 0.023573
1 0.464274 0.514385 0.017567 0.023573
1 0.631268 0.505530 0.017567 0.023573
1 0.798248 0.507496 0.017567 0.023573
1 0.965242 0.050436 0.017567 0.023573