5 0.130312 0.748162 0.024191 0.032462
5 0.249586 0.767376 0.024191 0.032462
5 0.368860 0.751462 0.024191 0.032462
5 0.488134 0.756658 0.024191 0.032462
5 0.607408 0.738915 0.024191 0.032462
5 0.726682 0.758966 0.024191 0.032462
5 0.845955 0.703085 0.024191 0.032462
5 0.965242 0.296197 0.024191 0.032462
7 0.130312 0.744915 0.024191 0.032462
7 0.269459 0.719308 0.024191 0.032462
7 0.408618 0.713427 0.024191 0.032462
7 0.547777 0.627068 0.024191 0.032462
7 0.686924 0.498829 0.024191 0.032462
7 0.826083 0.353274 0.024191 0.032462
7 0.965242 0.275000 0.024191 0.032462
1 0.130312 0.721308 0.024191 0.032462
1 0.249586 0.709120 0.024191 0.032462
1 0.368860 0.675376 0.024191 0.032462
1 0.488134 0.596419 0.024191 0.032462
1 0.607408 0.508863 0.024191 0.032462
1 0.726682 0.361838 0.024191 0.032462
1 0.845955 0.248744 0.024191 0.032462
1 0.965242 0.196094 0.024191 0.032462
0 0.130312 0.536915 0.024191 0.032462
0 0.213803 0.527308 0.024191 0.032462
0 0.297293 0.571171 0.024191 0.032462
0 0.380783 0.531137 0.024191 0.032462
0 0.464274 0.546897 0.024191 0.032462
0 0.547777 0.560795 0.024191 0.032462
0 0.631268 0.532829 0.024191 0.032462
0 0.714758 0.521171 0.024191 0.032462
0 0.798248 0.529923 0.024191 0.032462
0 0.881739 0.459359 0.024191 0.032462
0 0.965242 0.087701 0.024191 0.032462
2 0.130312 0.646299 0.024191 0.032462
2 0.297293 0.567462 0.024191 0.032462
2 0.464274 0.430282 0.024191 0.032462
2 0.631268 0.295855 0.024191 0.032462
2 0.798248 0.247496 0.024191 0.032462
2 0.965242 0.209376 0.024191 0.032462