6 0.087380 0.765508 0.011367 0.015220
6 0.146658 0.745949 0.011367 0.015220
6 0.205937 0.756831 0.011367 0.015220
6 0.265215 0.768661 0.011367 0.015220
6 0.324494 0.747525 0.011367 0.015220
6 0.383772 0.743644 0.011367 0.015220
6 0.443051 0.735593 0.011367 0.015220
6 0.502329 0.763237 0.011367 0.015220
6 0.561608 0.793864 0.011367 0.015220
6 0.620886 0.781356 0.011367 0.015220
6 0.680165 0.739051 0.011367 0.015220
6 0.739443 0.807814 0.011367 0.015220
6 0.798722 0.737525 0.011367 0.015220
6 0.858000 0.686915 0.011367 0.015220
6 0.917278 0.471712 0.011367 0.015220
6 0.976557 0.168780 0.011367 0.015220
7 0.087380 0.561051 0.011367 0.015220
7 0.161481 0.566525 0.011367 0.015220
7 0.235570 0.619661 0.011367 0.015220
7 0.309671 0.540085 0.011367 0.015220
7 0.383772 0.543898 0.011367 0.015220
7 0.457873 0.486559 0.011367 0.015220
7 0.531975 0.579949 0.011367 0.015220
7 0.606063 0.560203 0.011367 0.015220
7 0.680165 0.559763 0.011367 0.015220
7 0.754266 0.512915 0.011367 0.015220
7 0.828367 0.591559 0.011367 0.015220
7 0.902468 0.649085 0.011367 0.015220
7 0.976557 0.913763 0.011367 0.015220