2 0.087373 0.739720 0.017886 0.023949
2 0.186171 0.758008 0.017886 0.023949
2 0.284968 0.745839 0.017886 0.023949
2 0.383766 0.743890 0.017886 0.023949
2 0.482563 0.807873 0.017886 0.023949
2 0.581361 0.685992 0.017886 0.023949
2 0.680158 0.740907 0.017886 0.023949
2 0.778968 0.725788 0.017886 0.023949
2 0.877766 0.707025 0.017886 0.023949
2 0.976563 0.785025 0.017886 0.023949
3 0.087373 0.769941 0.017886 0.023949
3 0.186171 0.797941 0.017886 0.023949
3 0.284968 0.755839 0.017886 0.023949
3 0.383766 0.868195 0.017886 0.023949
3 0.482563 0.791534 0.017886 0.023949
3 0.581361 0.810314 0.017886 0.023949
3 0.680158 0.769263 0.017886 0.023949
3 0.778968 0.753042 0.017886 0.023949
3 0.877766 0.694161 0.017886 0.023949
3 0.976563 0.306822 0.017886 0.023949
4 0.087373 0.731771 0.017886 0.023949
4 0.214399 0.687229 0.017886 0.023949
4 0.341424 0.501839 0.017886 0.023949
4 0.468449 0.415381 0.017886 0.023949
4 0.595475 0.414415 0.017886 0.023949
4 0.722500 0.267059 0.017886 0.023949
4 0.849538 0.269110 0.017886 0.023949
4 0.976563 0.282076 0.017886 0.023949
6 0.087373 0.834585 0.017886 0.023949
6 0.161475 0.783686 0.017886 0.023949
6 0.235576 0.737636 0.017886 0.023949
6 0.309677 0.775992 0.017886 0.023949
6 0.383766 0.810737 0.017886 0.023949
6 0.457867 0.770568 0.017886 0.023949
6 0.531968 0.805042 0.017886 0.023949
6 0.606070 0.813432 0.017886 0.023949
6 0.680158 0.828483 0.017886 0.023949
6 0.754259 0.840432 0.017886 0.023949
6 0.828361 0.741924 0.017886 0.023949
6 0.902462 0.545737 0.017886 0.023949
6 0.976563 0.232873 0.017886 0.023949