1 0.130312 0.758111 0.017465 0.023436
1 0.213803 0.755120 0.017465 0.023436
1 0.297293 0.747513 0.017465 0.023436
1 0.380783 0.742299 0.017465 0.023436
1 0.464274 0.773034 0.017465 0.023436
1 0.547764 0.770538 0.017465 0.023436
1 0.631268 0.775325 0.017465 0.023436
1 0.714758 0.760026 0.017465 0.023436
1 0.798248 0.732094 0.017465 0.023436
1 0.881739 0.616316 0.017465 0.023436
1 0.965229 0.288709 0.017465 0.023436
2 0.130312 0.702880 0.017465 0.023436
2 0.223076 0.662795 0.017465 0.023436
2 0.315841 0.619188 0.017465 0.023436
2 0.408618 0.511564 0.017465 0.023436
2 0.501382 0.480231 0.017465 0.023436
2 0.594159 0.399120 0.017465 0.023436
2 0.686924 0.338573 0.017465 0.023436
2 0.779688 0.340641 0.017465 0.023436
2 0.872465 0.331650 0.017465 0.023436
2 0.965229 0.328009 0.017465 0.023436
3 0.130312 0.617051 0.017465 0.023436
3 0.206210 0.598658 0.017465 0.023436
3 0.282108 0.641103 0.017465 0.023436
3 0.358019 0.596761 0.017465 0.023436
3 0.433917 0.631786 0.017465 0.023436
3 0.509815 0.618077 0.017465 0.023436
3 0.585726 0.619991 0.017465 0.023436
3 0.661624 0.607889 0.017465 0.023436
3 0.737522 0.633598 0.017465 0.023436
3 0.813433 0.608094 0.017465 0.023436
3 0.889331 0.583769 0.017465 0.023436
3 0.965229 0.592778 0.017465 0.023436
5 0.130312 0.732829 0.017465 0.023436
5 0.234669 0.742915 0.017465 0.023436
5 0.339038 0.730026 0.017465 0.023436
5 0.443408 0.734829 0.017465 0.023436
5 0.547764 0.742607 0.017465 0.023436
5 0.652134 0.728607 0.017465 0.023436
5 0.756503 0.706812 0.017465 0.023436
5 0.860873 0.668487 0.017465 0.023436
5 0.965229 0.050419 0.017465 0.023436