0 0.130299 0.698709 0.026408 0.035436
0 0.214975 0.603359 0.026408 0.035436
0 0.299637 0.512692 0.026408 0.035436
0 0.384312 0.436915 0.026408 0.035436
0 0.468975 0.373872 0.026408 0.035436
0 0.553650 0.408316 0.026408 0.035436
0 0.638312 0.311803 0.026408 0.035436
0 0.722987 0.242368 0.026408 0.035436
0 0.807650 0.251427 0.026408 0.035436
0 0.892325 0.282043 0.026408 0.035436
0 0.976987 0.219923 0.026408 0.035436
7 0.130299 0.721085 0.026408 0.035436
7 0.186745 0.734111 0.026408 0.035436
7 0.243191 0.775735 0.026408 0.035436
7 0.299637 0.731838 0.026408 0.035436
7 0.356083 0.767239 0.026408 0.035436
7 0.412529 0.797769 0.026408 0.035436
7 0.468975 0.745239 0.026408 0.035436
7 0.525420 0.622316 0.026408 0.035436
7 0.581866 0.643120 0.026408 0.035436
7 0.638312 0.587359 0.026408 0.035436
7 0.694758 0.528009 0.026408 0.035436
7 0.751204 0.386692 0.026408 0.035436
7 0.807650 0.338504 0.026408 0.035436
7 0.864096 0.268094 0.026408 0.035436
7 0.920541 0.314248 0.026408 0.035436
7 0.976987 0.269427 0.026408 0.035436
5 0.130299 0.776726 0.026408 0.035436
5 0.200860 0.638265 0.026408 0.035436
5 0.271420 0.685889 0.026408 0.035436
5 0.341981 0.573513 0.026408 0.035436
5 0.412529 0.545342 0.026408 0.035436
5 0.483089 0.449786 0.026408 0.035436
5 0.553650 0.389838 0.026408 0.035436
5 0.624197 0.328111 0.026408 0.035436
5 0.694758 0.288145 0.026408 0.035436
5 0.765318 0.264094 0.026408 0.035436
5 0.835879 0.199718 0.026408 0.035436
5 0.906427 0.259838 0.026408 0.035436
5 0.976987 0.207205 0.026408 0.035436
3 0.130299 0.705222 0.026408 0.035436
3 0.214975 0.702846 0.026408 0.035436
3 0.299637 0.645991 0.026408 0.035436
3 0.384312 0.564453 0.026408 0.035436
3 0.468975 0.449974 0.026408 0.035436
3 0.553650 0.420983 0.026408 0.035436
3 0.638312 0.382709 0.026408 0.035436
3 0.722987 0.282333 0.026408 0.035436
3 0.807650 0.274795 0.026408 0.035436
3 0.892325 0.146983 0.026408 0.035436
3 0.976987 0.092556 0.026408 0.035436