4 0.087380 0.788712 0.015418 0.020644
4 0.198519 0.794407 0.015418 0.020644
4 0.309671 0.779305 0.015418 0.020644
4 0.420823 0.801780 0.015418 0.020644
4 0.531962 0.792644 0.015418 0.020644
4 0.643114 0.755186 0.015418 0.020644
4 0.754266 0.790186 0.015418 0.020644
4 0.865405 0.720542 0.015418 0.020644
4 0.976557 0.156949 0.015418 0.020644
5 0.087380 0.411475 0.015418 0.020644
5 0.214405 0.512492 0.015418 0.020644
5 0.341430 0.437610 0.015418 0.020644
5 0.468456 0.482661 0.015418 0.020644
5 0.595481 0.453678 0.015418 0.020644
5 0.722506 0.452085 0.015418 0.020644
5 0.849532 0.466119 0.015418 0.020644
5 0.976557 0.404237 0.015418 0.020644
6 0.087380 0.726407 0.015418 0.020644
6 0.168215 0.728729 0.015418 0.020644
6 0.249051 0.714559 0.015418 0.020644
6 0.329886 0.666729 0.015418 0.020644
6 0.410709 0.660017 0.015418 0.020644
6 0.491544 0.559424 0.015418 0.020644
6 0.572380 0.463559 0.015418 0.020644
6 0.653215 0.464525 0.015418 0.020644
6 0.734051 0.357136 0.015418 0.020644
6 0.814886 0.283576 0.015418 0.020644
6 0.895722 0.238729 0.015418 0.020644
6 0.976557 0.223983 0.015418 0.020644
3 0.087380 0.726102 0.015418 0.020644
3 0.150886 0.724390 0.015418 0.020644
3 0.214405 0.771949 0.015418 0.020644
3 0.277911 0.666983 0.015418 0.020644
3 0.341430 0.631136 0.015418 0.020644
3 0.404937 0.648051 0.015418 0.020644
3 0.468456 0.564051 0.015418 0.020644
3 0.531962 0.482441 0.015418 0.020644
3 0.595481 0.461610 0.015418 0.020644
3 0.658987 0.366356 0.015418 0.020644
3 0.722506 0.280932 0.015418 0.020644
3 0.786025 0.373271 0.015418 0.020644
3 0.849532 0.377322 0.015418 0.020644
3 0.913051 0.301424 0.015418 0.020644
3 0.976557 0.277678 0.015418 0.020644