3 0.087380 0.257932 0.017772 0.023797
3 0.176291 0.343559 0.017772 0.023797
3 0.265215 0.282085 0.017772 0.023797
3 0.354127 0.326864 0.017772 0.023797
3 0.443051 0.309576 0.017772 0.023797
3 0.531962 0.301915 0.017772 0.023797
3 0.620886 0.361661 0.017772 0.023797
3 0.709797 0.336542 0.017772 0.023797
3 0.798722 0.269508 0.017772 0.023797
3 0.887633 0.371932 0.017772 0.023797
3 0.976557 0.913763 0.017772 0.023797
4 0.087380 0.778644 0.017772 0.023797
4 0.168203 0.798949 0.017772 0.023797
4 0.249038 0.736576 0.017772 0.023797
4 0.329873 0.795390 0.017772 0.023797
4 0.410709 0.779068 0.017772 0.023797
4 0.491544 0.744492 0.017772 0.023797
4 0.572380 0.817034 0.017772 0.023797
4 0.653215 0.728068 0.017772 0.023797
4 0.734051 0.841068 0.017772 0.023797
4 0.814886 0.702220 0.017772 0.023797
4 0.895722 0.683847 0.017772 0.023797
4 0.976557 0.375237 0.017772 0.023797
6 0.087380 0.432119 0.017772 0.023797
6 0.186177 0.377898 0.017772 0.023797
6 0.284975 0.400000 0.017772 0.023797
6 0.383772 0.383661 0.017772 0.023797
6 0.482570 0.365881 0.017772 0.023797
6 0.581367 0.324441 0.017772 0.023797
6 0.680165 0.352271 0.017772 0.023797
6 0.778962 0.344441 0.017772 0.023797
6 0.877759 0.366186 0.017772 0.023797
6 0.976557 0.115847 0.017772 0.023797
2 0.087380 0.660237 0.017772 0.023797
2 0.198519 0.725525 0.017772 0.023797
2 0.309671 0.576915 0.017772 0.023797
2 0.420823 0.555525 0.017772 0.023797
2 0.531962 0.432949 0.017772 0.023797
2 0.643114 0.292915 0.017772 0.023797
2 0.754266 0.219695 0.017772 0.023797
2 0.865405 0.236576 0.017772 0.023797
2 0.976557 0.230034 0.017772 0.023797
5 0.087380 0.682627 0.017772 0.023797
5 0.186177 0.648203 0.017772 0.023797
5 0.284975 0.591305 0.017772 0.023797
5 0.383772 0.565780 0.017772 0.023797
5 0.482570 0.461932 0.017772 0.023797
5 0.581367 0.337051 0.017772 0.023797
5 0.680165 0.313102 0.017772 0.023797
5 0.778962 0.268203 0.017772 0.023797
5 0.877759 0.310169 0.017772 0.023797
5 0.976557 0.337915 0.017772 0.023797