5 0.087373 0.725686 0.011987 0.016051
5 0.168956 0.732398 0.011987 0.016051
5 0.250538 0.781856 0.011987 0.016051
5 0.332133 0.647992 0.011987 0.016051
5 0.413715 0.631720 0.011987 0.016051
5 0.495297 0.546737 0.011987 0.016051
5 0.576880 0.442805 0.011987 0.016051
5 0.658462 0.476314 0.011987 0.016051
5 0.740057 0.386178 0.011987 0.016051
5 0.821639 0.372500 0.011987 0.016051
5 0.903222 0.392076 0.011987 0.016051
5 0.984804 0.307110 0.011987 0.016051
1 0.087373 0.701314 0.011987 0.016051
1 0.151475 0.785619 0.011987 0.016051
1 0.215576 0.644839 0.011987 0.016051
1 0.279677 0.556720 0.011987 0.016051
1 0.343778 0.522178 0.011987 0.016051
1 0.407880 0.483890 0.011987 0.016051
1 0.471994 0.488042 0.011987 0.016051
1 0.536095 0.393500 0.011987 0.016051
1 0.600196 0.400076 0.011987 0.016051
1 0.664297 0.427669 0.011987 0.016051
1 0.728399 0.274432 0.011987 0.016051
1 0.792500 0.262788 0.011987 0.016051
1 0.856601 0.279466 0.011987 0.016051
1 0.920703 0.256992 0.011987 0.016051
1 0.984804 0.210992 0.011987 0.016051
0 0.087373 0.788822 0.011987 0.016051
0 0.187095 0.671025 0.011987 0.016051
0 0.286804 0.638415 0.011987 0.016051
0 0.386513 0.509568 0.011987 0.016051
0 0.486234 0.489907 0.011987 0.016051
0 0.585943 0.445466 0.011987 0.016051
0 0.685665 0.459280 0.011987 0.016051
0 0.785373 0.363585 0.011987 0.016051
0 0.885095 0.375466 0.011987 0.016051
0 0.984804 0.341585 0.011987 0.016051
2 0.087373 0.787534 0.011987 0.016051
2 0.199551 0.786008 0.011987 0.016051
2 0.311728 0.640568 0.011987 0.016051
2 0.423918 0.626669 0.011987 0.016051
2 0.536095 0.534517 0.011987 0.016051
2 0.648272 0.571924 0.011987 0.016051
2 0.760449 0.451144 0.011987 0.016051
2 0.872627 0.457246 0.011987 0.016051
2 0.984804 0.409788 0.011987 0.016051