6 0.087380 0.766712 0.017747 0.023763
6 0.142949 0.690610 0.017747 0.023763
6 0.198519 0.729458 0.017747 0.023763
6 0.254101 0.598017 0.017747 0.023763
6 0.309671 0.634695 0.017747 0.023763
6 0.365241 0.645492 0.017747 0.023763
6 0.420823 0.604746 0.017747 0.023763
6 0.476392 0.534644 0.017747 0.023763
6 0.531962 0.483695 0.017747 0.023763
6 0.587544 0.374288 0.017747 0.023763
6 0.643114 0.354441 0.017747 0.023763
6 0.698684 0.341169 0.017747 0.023763
6 0.754266 0.203136 0.017747 0.023763
6 0.809835 0.242797 0.017747 0.023763
6 0.865405 0.193695 0.017747 0.023763
6 0.920987 0.230169 0.017747 0.023763
6 0.976557 0.182695 0.017747 0.023763
0 0.087380 0.698119 0.017747 0.023763
0 0.186177 0.754746 0.017747 0.023763
0 0.284975 0.562085 0.017747 0.023763
0 0.383772 0.524305 0.017747 0.023763
0 0.482570 0.513339 0.017747 0.023763
0 0.581367 0.473881 0.017747 0.023763
0 0.680165 0.372797 0.017747 0.023763
0 0.778962 0.355254 0.017747 0.023763
0 0.877759 0.330458 0.017747 0.023763
0 0.976557 0.329288 0.017747 0.023763
4 0.087380 0.768695 0.017747 0.023763
4 0.155772 0.733153 0.017747 0.023763
4 0.224177 0.766356 0.017747 0.023763
4 0.292570 0.827475 0.017747 0.023763
4 0.360975 0.736339 0.017747 0.023763
4 0.429367 0.725814 0.017747 0.023763
4 0.497772 0.668644 0.017747 0.023763
4 0.566165 0.829915 0.017747 0.023763
4 0.634570 0.777136 0.017747 0.023763
4 0.702962 0.860305 0.017747 0.023763
4 0.771367 0.741797 0.017747 0.023763
4 0.839759 0.711136 0.017747 0.023763
4 0.908152 0.400339 0.017747 0.023763
4 0.976557 0.223508 0.017747 0.023763
1 0.087380 0.605508 0.017747 0.023763
1 0.176291 0.559492 0.017747 0.023763
1 0.265215 0.616322 0.017747 0.023763
1 0.354127 0.513305 0.017747 0.023763
1 0.443051 0.619695 0.017747 0.023763
1 0.531962 0.540559 0.017747 0.023763
1 0.620886 0.619932 0.017747 0.023763
1 0.709797 0.552203 0.017747 0.023763
1 0.798722 0.469593 0.017747 0.023763
1 0.887633 0.464983 0.017747 0.023763
1 0.976557 0.176305 0.017747 0.023763