4 0.087373 0.646008 0.012722 0.017034
4 0.265209 0.846297 0.012722 0.017034
4 0.443044 0.881873 0.012722 0.017034
4 0.620880 0.913771 0.012722 0.017034
4 0.798715 0.659432 0.012722 0.017034
4 0.976563 0.344347 0.012722 0.017034
6 0.087373 0.304958 0.012722 0.017034
6 0.176297 0.279602 0.012722 0.017034
6 0.265209 0.385805 0.012722 0.017034
6 0.354133 0.115941 0.012722 0.017034
6 0.443044 0.290975 0.012722 0.017034
6 0.531968 0.292432 0.012722 0.017034
6 0.620880 0.245568 0.012722 0.017034
6 0.709804 0.262212 0.012722 0.017034
6 0.798715 0.270008 0.012722 0.017034
6 0.887639 0.273212 0.012722 0.017034
6 0.976563 0.032195 0.012722 0.017034
1 0.087373 0.444280 0.012722 0.017034
1 0.186171 0.484822 0.012722 0.017034
1 0.284968 0.466110 0.012722 0.017034
1 0.383766 0.625110 0.012722 0.017034
1 0.482563 0.661263 0.012722 0.017034
1 0.581361 0.595941 0.012722 0.017034
1 0.680158 0.581822 0.012722 0.017034
1 0.778956 0.500246 0.012722 0.017034
1 0.877753 0.686754 0.012722 0.017034
1 0.976563 0.257093 0.012722 0.017034
5 0.087373 0.741669 0.012722 0.017034
5 0.155778 0.761975 0.012722 0.017034
5 0.224171 0.806195 0.012722 0.017034
5 0.292576 0.854771 0.012722 0.017034
5 0.360968 0.667517 0.012722 0.017034
5 0.429373 0.724178 0.012722 0.017034
5 0.497766 0.827161 0.012722 0.017034
5 0.566171 0.827449 0.012722 0.017034
5 0.634563 0.754534 0.012722 0.017034
5 0.702968 0.601314 0.012722 0.017034
5 0.771361 0.739873 0.012722 0.017034
5 0.839766 0.804280 0.012722 0.017034
5 0.908158 0.587364 0.012722 0.017034
5 0.976563 0.086534 0.012722 0.017034