3 0.087380 0.832542 0.012152 0.016271
3 0.162165 0.610102 0.012152 0.016271
3 0.236949 0.563475 0.012152 0.016271
3 0.311734 0.422186 0.012152 0.016271
3 0.386519 0.373407 0.012152 0.016271
3 0.461304 0.256441 0.012152 0.016271
3 0.536101 0.360627 0.012152 0.016271
3 0.610886 0.224186 0.012152 0.016271
3 0.685671 0.203797 0.012152 0.016271
3 0.760456 0.265610 0.012152 0.016271
3 0.835241 0.174780 0.012152 0.016271
3 0.910025 0.188695 0.012152 0.016271
3 0.984810 0.201085 0.012152 0.016271
1 0.087380 0.363288 0.012152 0.016271
1 0.168962 0.331186 0.012152 0.016271
1 0.250544 0.197153 0.012152 0.016271
1 0.332139 0.247458 0.012152 0.016271
1 0.413722 0.189458 0.012152 0.016271
1 0.495304 0.221542 0.012152 0.016271
1 0.576886 0.193017 0.012152 0.016271
1 0.658468 0.093695 0.012152 0.016271
1 0.740063 0.158627 0.012152 0.016271
1 0.821646 0.094780 0.012152 0.016271
1 0.903228 0.049508 0.012152 0.016271
1 0.984810 0.032203 0.012152 0.016271
6 0.087380 0.804271 0.012152 0.016271
6 0.156418 0.668136 0.012152 0.016271
6 0.225443 0.563051 0.012152 0.016271
6 0.294481 0.484525 0.012152 0.016271
6 0.363506 0.487169 0.012152 0.016271
6 0.432544 0.408475 0.012152 0.016271
6 0.501582 0.309305 0.012152 0.016271
6 0.570608 0.285831 0.012152 0.016271
6 0.639646 0.343898 0.012152 0.016271
6 0.708684 0.254356 0.012152 0.016271
6 0.777709 0.324153 0.012152 0.016271
6 0.846747 0.230780 0.012152 0.016271
6 0.915785 0.146932 0.012152 0.016271
6 0.984810 0.245102 0.012152 0.016271
7 0.087380 0.829339 0.012152 0.016271
7 0.177127 0.632780 0.012152 0.016271
7 0.266861 0.614390 0.012152 0.016271
7 0.356608 0.495576 0.012152 0.016271
7 0.446354 0.382373 0.012152 0.016271
7 0.536101 0.377339 0.012152 0.016271
7 0.625835 0.321051 0.012152 0.016271
7 0.715582 0.251220 0.012152 0.016271
7 0.805329 0.238085 0.012152 0.016271
7 0.895063 0.223949 0.012152 0.016271
7 0.984810 0.231339 0.012152 0.016271
5 0.087380 0.783254 0.012152 0.016271
5 0.187089 0.697288 0.012152 0.016271
5 0.286810 0.587424 0.012152 0.016271
5 0.386519 0.550746 0.012152 0.016271
5 0.486241 0.477542 0.012152 0.016271
5 0.585949 0.457322 0.012152 0.016271
5 0.685671 0.378085 0.012152 0.016271
5 0.785380 0.372085 0.012152 0.016271
5 0.885101 0.353864 0.012152 0.016271
5 0.984810 0.276441 0.012152 0.016271