2 0.087380 0.738932 0.012025 0.016102
2 0.214405 0.643678 0.012025 0.016102
2 0.341430 0.787949 0.012025 0.016102
2 0.468456 0.629898 0.012025 0.016102
2 0.595481 0.665322 0.012025 0.016102
2 0.722506 0.687339 0.012025 0.016102
2 0.849532 0.744203 0.012025 0.016102
2 0.976557 0.190068 0.012025 0.016102
3 0.087380 0.828085 0.012025 0.016102
3 0.168215 0.876237 0.012025 0.016102
3 0.249051 0.913763 0.012025 0.016102
3 0.329886 0.789915 0.012025 0.016102
3 0.410722 0.653915 0.012025 0.016102
3 0.491557 0.662254 0.012025 0.016102
3 0.572392 0.822153 0.012025 0.016102
3 0.653215 0.832169 0.012025 0.016102
3 0.734051 0.746254 0.012025 0.016102
3 0.814886 0.831102 0.012025 0.016102
3 0.895722 0.611305 0.012025 0.016102
3 0.976557 0.241644 0.012025 0.016102
5 0.087380 0.262220 0.012025 0.016102
5 0.214405 0.362508 0.012025 0.016102
5 0.341430 0.370322 0.012025 0.016102
5 0.468456 0.421271 0.012025 0.016102
5 0.595481 0.417220 0.012025 0.016102
5 0.722506 0.369288 0.012025 0.016102
5 0.849532 0.288847 0.012025 0.016102
5 0.976557 0.032203 0.012025 0.016102
1 0.087380 0.401475 0.012025 0.016102
1 0.176291 0.227983 0.012025 0.016102
1 0.265215 0.361271 0.012025 0.016102
1 0.354127 0.342390 0.012025 0.016102
1 0.443051 0.397237 0.012025 0.016102
1 0.531975 0.523949 0.012025 0.016102
1 0.620886 0.273864 0.012025 0.016102
1 0.709810 0.284339 0.012025 0.016102
1 0.798722 0.357220 0.012025 0.016102
1 0.887646 0.305356 0.012025 0.016102
1 0.976557 0.110169 0.012025 0.016102