1 0.101783 0.731934 0.016180 0.021721
1 0.199537 0.352394 0.016180 0.021721
1 0.297303 0.312087 0.016180 0.021721
1 0.395057 0.315579 0.016180 0.021721
1 0.492811 0.064915 0.016180 0.021721
1 0.590565 0.247453 0.016180 0.021721
1 0.688331 0.248663 0.016180 0.021721
1 0.786085 0.322717 0.016180 0.021721
1 0.883839 0.238220 0.016180 0.021721
1 0.981593 0.039174 0.016180 0.021721
4 0.101783 0.682888 0.016180 0.021721
4 0.189765 0.566942 0.016180 0.021721
4 0.277747 0.626039 0.016180 0.021721
4 0.365730 0.539310 0.016180 0.021721
4 0.453712 0.468271 0.016180 0.021721
4 0.541694 0.471695 0.016180 0.021721
4 0.629676 0.391354 0.016180 0.021721
4 0.717659 0.262853 0.016180 0.021721
4 0.805628 0.233143 0.016180 0.021721
4 0.893610 0.302070 0.016180 0.021721
4 0.981593 0.267044 0.016180 0.021721