4 0.130306 0.779333 0.017478 0.023453
4 0.206217 0.566000 0.017478 0.023453
4 0.282115 0.682752 0.017478 0.023453
4 0.358013 0.819197 0.017478 0.023453
4 0.433924 0.812274 0.017478 0.023453
4 0.509822 0.760906 0.017478 0.023453
4 0.585720 0.700342 0.017478 0.023453
4 0.661631 0.851470 0.017478 0.023453
4 0.737529 0.604598 0.017478 0.023453
4 0.813427 0.704256 0.017478 0.023453
4 0.889338 0.772085 0.017478 0.023453
4 0.965236 0.855795 0.017478 0.023453
5 0.130306 0.702735 0.017478 0.023453
5 0.269465 0.763709 0.017478 0.023453
5 0.408611 0.527197 0.017478 0.023453
5 0.547771 0.459487 0.017478 0.023453
5 0.686930 0.207590 0.017478 0.023453
5 0.826076 0.307761 0.017478 0.023453
5 0.965236 0.216974 0.017478 0.023453