7 0.082158 0.689042 0.011835 0.015847
7 0.141905 0.759297 0.011835 0.015847
7 0.201665 0.708229 0.011835 0.015847
7 0.261424 0.787161 0.011835 0.015847
7 0.321184 0.708788 0.011835 0.015847
7 0.380930 0.796619 0.011835 0.015847
7 0.440690 0.756483 0.011835 0.015847
7 0.500449 0.750805 0.011835 0.015847
7 0.560196 0.679297 0.011835 0.015847
7 0.619956 0.712025 0.011835 0.015847
7 0.679715 0.691093 0.011835 0.015847
7 0.739475 0.716703 0.011835 0.015847
7 0.799222 0.681873 0.011835 0.015847
7 0.858981 0.690246 0.011835 0.015847
7 0.918741 0.695517 0.011835 0.015847
7 0.978487 0.525890 0.011835 0.015847
4 0.082158 0.798398 0.011835 0.015847
4 0.151108 0.784890 0.011835 0.015847
4 0.220057 0.793059 0.011835 0.015847
4 0.289006 0.806686 0.011835 0.015847
4 0.357956 0.821720 0.011835 0.015847
4 0.426905 0.803212 0.011835 0.015847
4 0.495854 0.758500 0.011835 0.015847
4 0.564804 0.758788 0.011835 0.015847
4 0.633753 0.796500 0.011835 0.015847
4 0.702703 0.766076 0.011835 0.015847
4 0.771652 0.692720 0.011835 0.015847
4 0.840589 0.571703 0.011835 0.015847
4 0.909538 0.233144 0.011835 0.015847
4 0.978487 0.222619 0.011835 0.015847
6 0.082158 0.738958 0.011835 0.015847
6 0.156854 0.724500 0.011835 0.015847
6 0.231551 0.764500 0.011835 0.015847
6 0.306234 0.726534 0.011835 0.015847
6 0.380930 0.808008 0.011835 0.015847
6 0.455627 0.681161 0.011835 0.015847
6 0.530323 0.688686 0.011835 0.015847
6 0.605019 0.668466 0.011835 0.015847
6 0.679715 0.704432 0.011835 0.015847
6 0.754411 0.645585 0.011835 0.015847
6 0.829108 0.652669 0.011835 0.015847
6 0.903804 0.592907 0.011835 0.015847
6 0.978487 0.474958 0.011835 0.015847
3 0.082158 0.712636 0.011835 0.015847
3 0.156854 0.670720 0.011835 0.015847
3 0.231551 0.646720 0.011835 0.015847
3 0.306234 0.638924 0.011835 0.015847
3 0.380930 0.551381 0.011835 0.015847
3 0.455627 0.557263 0.011835 0.015847
3 0.530323 0.547381 0.011835 0.015847
3 0.605019 0.456669 0.011835 0.015847
3 0.679715 0.445737 0.011835 0.015847
3 0.754411 0.374347 0.011835 0.015847
3 0.829108 0.372720 0.011835 0.015847
3 0.903804 0.318500 0.011835 0.015847
3 0.978487 0.343042 0.011835 0.015847
0 0.082158 0.771754 0.011835 0.015847
0 0.156854 0.806432 0.011835 0.015847
0 0.231551 0.801839 0.011835 0.015847
0 0.306234 0.769788 0.011835 0.015847
0 0.380930 0.832331 0.011835 0.015847
0 0.455627 0.806686 0.011835 0.015847
0 0.530323 0.773144 0.011835 0.015847
0 0.605019 0.821432 0.011835 0.015847
0 0.679715 0.778703 0.011835 0.015847
0 0.754411 0.754195 0.011835 0.015847
0 0.829108 0.687246 0.011835 0.015847
0 0.903804 0.475873 0.011835 0.015847
0 0.978487 0.169669 0.011835 0.015847
1 0.082158 0.663941 0.011835 0.015847
1 0.156854 0.543110 0.011835 0.015847
1 0.231551 0.667059 0.011835 0.015847
1 0.306234 0.649110 0.011835 0.015847
1 0.380930 0.624839 0.011835 0.015847
1 0.455627 0.566924 0.011835 0.015847
1 0.530323 0.596602 0.011835 0.015847
1 0.605019 0.512686 0.011835 0.015847
1 0.679715 0.378008 0.011835 0.015847
1 0.754411 0.422653 0.011835 0.015847
1 0.829108 0.354144 0.011835 0.015847
1 0.903804 0.276432 0.011835 0.015847
1 0.978487 0.287449 0.011835 0.015847