5 0.107001 0.794702 0.018323 0.024566
5 0.185756 0.843288 0.018323 0.024566
5 0.264498 0.773663 0.018323 0.024566
5 0.343253 0.817717 0.018323 0.024566
5 0.421995 0.747428 0.018323 0.024566
5 0.500750 0.848450 0.018323 0.024566
5 0.579504 0.841397 0.018323 0.024566
5 0.658247 0.856440 0.018323 0.024566
5 0.737001 0.745520 0.018323 0.024566
5 0.815743 0.651346 0.018323 0.024566
5 0.894498 0.383083 0.018323 0.024566
5 0.973253 0.196951 0.018323 0.024566
3 0.107001 0.598944 0.018323 0.024566
3 0.203253 0.591329 0.018323 0.024566
3 0.299504 0.560034 0.018323 0.024566
3 0.395743 0.621158 0.018323 0.024566
3 0.491995 0.659148 0.018323 0.024566
3 0.588247 0.598501 0.018323 0.024566
3 0.684498 0.602368 0.018323 0.024566
3 0.780750 0.583697 0.018323 0.024566
3 0.877001 0.692743 0.018323 0.024566
3 0.973253 0.898484 0.018323 0.024566
2 0.107001 0.778262 0.018323 0.024566
2 0.193621 0.775928 0.018323 0.024566
2 0.280254 0.822964 0.018323 0.024566
2 0.366874 0.764583 0.018323 0.024566
2 0.453494 0.776968 0.018323 0.024566
2 0.540127 0.780221 0.018323 0.024566
2 0.626747 0.693884 0.018323 0.024566
2 0.713367 0.708313 0.018323 0.024566
2 0.800000 0.682317 0.018323 0.024566
2 0.886620 0.419182 0.018323 0.024566
2 0.973253 0.188194 0.018323 0.024566
4 0.107001 0.761465 0.018323 0.024566
4 0.203253 0.819284 0.018323 0.024566
4 0.299504 0.775332 0.018323 0.024566
4 0.395743 0.785571 0.018323 0.024566
4 0.491995 0.745213 0.018323 0.024566
4 0.588247 0.774549 0.018323 0.024566
4 0.684498 0.771670 0.018323 0.024566
4 0.780750 0.718910 0.018323 0.024566
4 0.877001 0.785230 0.018323 0.024566
4 0.973253 0.811090 0.018323 0.024566