5 0.087801 0.743314 0.014157 0.018932
5 0.187611 0.750822 0.014157 0.018932
5 0.287421 0.664636 0.014157 0.018932
5 0.387231 0.669025 0.014157 0.018932
5 0.487028 0.499517 0.014157 0.018932
5 0.586838 0.427381 0.014157 0.018932
5 0.686648 0.041280 0.014157 0.018932
5 0.786445 0.032212 0.014157 0.018932
5 0.886255 0.106415 0.014157 0.018932
5 0.986065 0.055500 0.014157 0.018932
4 0.087801 0.924958 0.014157 0.018932
4 0.200082 0.517686 0.014157 0.018932
4 0.312376 0.217686 0.014157 0.018932
4 0.424658 0.162144 0.014157 0.018932
4 0.536939 0.032212 0.014157 0.018932
4 0.649221 0.207144 0.014157 0.018932
4 0.761502 0.231941 0.014157 0.018932
4 0.873783 0.157703 0.014157 0.018932
4 0.986065 0.178720 0.014157 0.018932
7 0.087801 0.723856 0.014157 0.018932
7 0.162655 0.531093 0.014157 0.018932
7 0.237510 0.543110 0.014157 0.018932
7 0.312376 0.753653 0.014157 0.018932
7 0.387231 0.598941 0.014157 0.018932
7 0.462085 0.603144 0.014157 0.018932
7 0.536939 0.580161 0.014157 0.018932
7 0.611793 0.509500 0.014157 0.018932
7 0.686648 0.523534 0.014157 0.018932
7 0.761502 0.446347 0.014157 0.018932
7 0.836356 0.540839 0.014157 0.018932
7 0.911210 0.463347 0.014157 0.018932
7 0.986065 0.459856 0.014157 0.018932