0 0.141452 0.696205 0.016561 0.022222
0 0.280433 0.614154 0.016561 0.022222
0 0.419414 0.489658 0.016561 0.022222
0 0.558395 0.354410 0.016561 0.022222
0 0.697363 0.368410 0.016561 0.022222
0 0.836344 0.206991 0.016561 0.022222
0 0.975325 0.109983 0.016561 0.022222
5 0.141452 0.737692 0.016561 0.022222
5 0.260586 0.749538 0.016561 0.022222
5 0.379707 0.610684 0.016561 0.022222
5 0.498828 0.539607 0.016561 0.022222
5 0.617949 0.477162 0.016561 0.022222
5 0.737070 0.494137 0.016561 0.022222
5 0.856204 0.341487 0.016561 0.022222
5 0.975325 0.316376 0.016561 0.022222