6 0.129032 0.822359 0.014166 0.019009
6 0.233924 0.876718 0.014166 0.019009
6 0.338815 0.711880 0.014166 0.019009
6 0.443707 0.819487 0.014166 0.019009
6 0.548599 0.876718 0.014166 0.019009
6 0.653490 0.876718 0.014166 0.019009
6 0.758382 0.797094 0.014166 0.019009
6 0.863274 0.830120 0.014166 0.019009
6 0.968166 0.876718 0.014166 0.019009
7 0.129032 0.531590 0.014166 0.019009
7 0.205312 0.498274 0.014166 0.019009
7 0.281605 0.549009 0.014166 0.019009
7 0.357885 0.374051 0.014166 0.019009
7 0.434178 0.568513 0.014166 0.019009
7 0.510459 0.651385 0.014166 0.019009
7 0.586739 0.584974 0.014166 0.019009
7 0.663032 0.526103 0.014166 0.019009
7 0.739312 0.635897 0.014166 0.019009
7 0.815605 0.538650 0.014166 0.019009
7 0.891885 0.641590 0.014166 0.019009
7 0.968166 0.410188 0.014166 0.019009
5 0.129032 0.670547 0.014166 0.019009
5 0.188968 0.531778 0.014166 0.019009
5 0.248904 0.557128 0.014166 0.019009
5 0.308841 0.487812 0.014166 0.019009
5 0.368790 0.423299 0.014166 0.019009
5 0.428726 0.320171 0.014166 0.019009
5 0.488662 0.291812 0.014166 0.019009
5 0.548599 0.310547 0.014166 0.019009
5 0.608535 0.440427 0.014166 0.019009
5 0.668471 0.182803 0.014166 0.019009
5 0.728420 0.266667 0.014166 0.019009
5 0.788357 0.126188 0.014166 0.019009
5 0.848293 0.266650 0.014166 0.019009
5 0.908229 0.269504 0.014166 0.019009
5 0.968166 0.136684 0.014166 0.019009
0 0.129032 0.756803 0.014166 0.019009
0 0.212943 0.782291 0.014166 0.019009
0 0.296854 0.780068 0.014166 0.019009
0 0.380777 0.665726 0.014166 0.019009
0 0.464688 0.750667 0.014166 0.019009
0 0.548599 0.797573 0.014166 0.019009
0 0.632510 0.734957 0.014166 0.019009
0 0.716433 0.682581 0.014166 0.019009
0 0.800344 0.769624 0.014166 0.019009
0 0.884255 0.633863 0.014166 0.019009
0 0.968166 0.620376 0.014166 0.019009