1 0.129038 0.818538 0.014102 0.018923
1 0.212949 0.820128 0.014102 0.018923
1 0.296860 0.706111 0.014102 0.018923
1 0.380771 0.674521 0.014102 0.018923
1 0.464694 0.806504 0.014102 0.018923
1 0.548605 0.757786 0.014102 0.018923
1 0.632516 0.738504 0.014102 0.018923
1 0.716427 0.708077 0.014102 0.018923
1 0.800350 0.588641 0.014102 0.018923
1 0.884261 0.358197 0.014102 0.018923
1 0.968172 0.216915 0.014102 0.018923
4 0.129038 0.835923 0.014102 0.018923
4 0.212949 0.780829 0.014102 0.018923
4 0.296860 0.635410 0.014102 0.018923
4 0.380771 0.744812 0.014102 0.018923
4 0.464694 0.695308 0.014102 0.018923
4 0.548605 0.646983 0.014102 0.018923
4 0.632516 0.863000 0.014102 0.018923
4 0.716427 0.705923 0.014102 0.018923
4 0.800350 0.736658 0.014102 0.018923
4 0.884261 0.501872 0.014102 0.018923
4 0.968172 0.290880 0.014102 0.018923
7 0.129038 0.636590 0.014102 0.018923
7 0.222274 0.739427 0.014102 0.018923
7 0.315510 0.784863 0.014102 0.018923
7 0.408745 0.843974 0.014102 0.018923
7 0.501981 0.850556 0.014102 0.018923
7 0.595217 0.864744 0.014102 0.018923
7 0.688465 0.796282 0.014102 0.018923
7 0.781701 0.734385 0.014102 0.018923
7 0.874936 0.343017 0.014102 0.018923
7 0.968172 0.141684 0.014102 0.018923
2 0.129038 0.654744 0.014102 0.018923
2 0.248911 0.786009 0.014102 0.018923
2 0.368783 0.651342 0.014102 0.018923
2 0.488669 0.669239 0.014102 0.018923
2 0.608541 0.484607 0.014102 0.018923
2 0.728414 0.239051 0.014102 0.018923
2 0.848299 0.299274 0.014102 0.018923
2 0.968172 0.048726 0.014102 0.018923
6 0.129038 0.650624 0.014102 0.018923
6 0.212949 0.536231 0.014102 0.018923
6 0.296860 0.761308 0.014102 0.018923
6 0.380771 0.576880 0.014102 0.018923
6 0.464694 0.605855 0.014102 0.018923
6 0.548605 0.600487 0.014102 0.018923
6 0.632516 0.560060 0.014102 0.018923
6 0.716427 0.555342 0.014102 0.018923
6 0.800350 0.669256 0.014102 0.018923
6 0.884261 0.619906 0.014102 0.018923
6 0.968172 0.480350 0.014102 0.018923
5 0.129038 0.694043 0.014102 0.018923
5 0.222274 0.876726 0.014102 0.018923
5 0.315510 0.535889 0.014102 0.018923
5 0.408745 0.671274 0.014102 0.018923
5 0.501981 0.571479 0.014102 0.018923
5 0.595217 0.442846 0.014102 0.018923
5 0.688465 0.294299 0.014102 0.018923
5 0.781701 0.244248 0.014102 0.018923
5 0.874936 0.132658 0.014102 0.018923
5 0.968172 0.296350 0.014102 0.018923