7 0.130306 0.695726 0.021809 0.029265
7 0.214968 0.651521 0.021809 0.029265
7 0.299643 0.705675 0.021809 0.029265
7 0.384306 0.526154 0.021809 0.029265
7 0.468981 0.501009 0.021809 0.029265
7 0.553643 0.386821 0.021809 0.029265
7 0.638318 0.422308 0.021809 0.029265
7 0.722981 0.509060 0.021809 0.029265
7 0.807656 0.435573 0.021809 0.029265
7 0.892318 0.307436 0.021809 0.029265
7 0.976994 0.290137 0.021809 0.029265
5 0.130306 0.883043 0.021809 0.029265
5 0.200866 0.731761 0.021809 0.029265
5 0.271414 0.677641 0.021809 0.029265
5 0.341975 0.558427 0.021809 0.029265
5 0.412535 0.501453 0.021809 0.029265
5 0.483096 0.471641 0.021809 0.029265
5 0.553643 0.475282 0.021809 0.029265
5 0.624204 0.402838 0.021809 0.029265
5 0.694764 0.286274 0.021809 0.029265
5 0.765312 0.374598 0.021809 0.029265
5 0.835873 0.339179 0.021809 0.029265
5 0.906433 0.313350 0.021809 0.029265
5 0.976994 0.224957 0.021809 0.029265
3 0.130306 0.729350 0.021809 0.029265
3 0.200866 0.697641 0.021809 0.029265
3 0.271414 0.636137 0.021809 0.029265
3 0.341975 0.590906 0.021809 0.029265
3 0.412535 0.573761 0.021809 0.029265
3 0.483096 0.589949 0.021809 0.029265
3 0.553643 0.431385 0.021809 0.029265
3 0.624204 0.364547 0.021809 0.029265
3 0.694764 0.279538 0.021809 0.029265
3 0.765312 0.426239 0.021809 0.029265
3 0.835873 0.399248 0.021809 0.029265
3 0.906433 0.202342 0.021809 0.029265
3 0.976994 0.334906 0.021809 0.029265
1 0.130306 0.826325 0.021809 0.029265
1 0.224382 0.746667 0.021809 0.029265
1 0.318459 0.743128 0.021809 0.029265
1 0.412535 0.801470 0.021809 0.029265
1 0.506611 0.743060 0.021809 0.029265
1 0.600688 0.654838 0.021809 0.029265
1 0.694764 0.626667 0.021809 0.029265
1 0.788841 0.533111 0.021809 0.029265
1 0.882917 0.558513 0.021809 0.029265
1 0.976994 0.573333 0.021809 0.029265