6 0.087373 0.568754 0.013101 0.017542
6 0.168209 0.545483 0.013101 0.017542
6 0.249044 0.540246 0.013101 0.017542
6 0.329880 0.542195 0.013101 0.017542
6 0.410715 0.540686 0.013101 0.017542
6 0.491551 0.559483 0.013101 0.017542
6 0.572386 0.531822 0.013101 0.017542
6 0.653222 0.540975 0.013101 0.017542
6 0.734057 0.541144 0.013101 0.017542
6 0.814892 0.537059 0.013101 0.017542
6 0.895728 0.501229 0.013101 0.017542
6 0.976563 0.292958 0.013101 0.017542
2 0.087373 0.739331 0.013101 0.017542
2 0.150892 0.734364 0.013101 0.017542
2 0.214399 0.742331 0.013101 0.017542
2 0.277918 0.733093 0.013101 0.017542
2 0.341424 0.718890 0.013101 0.017542
2 0.404943 0.724975 0.013101 0.017542
2 0.468449 0.745161 0.013101 0.017542
2 0.531968 0.742449 0.013101 0.017542
2 0.595487 0.745161 0.013101 0.017542
2 0.658994 0.712636 0.013101 0.017542
2 0.722513 0.703161 0.013101 0.017542
2 0.786019 0.698500 0.013101 0.017542
2 0.849538 0.711483 0.013101 0.017542
2 0.913044 0.721754 0.013101 0.017542
2 0.976563 0.698381 0.013101 0.017542
0 0.087373 0.784042 0.013101 0.017542
0 0.214399 0.769008 0.013101 0.017542
0 0.341424 0.779110 0.013101 0.017542
0 0.468449 0.801720 0.013101 0.017542
0 0.595487 0.778059 0.013101 0.017542
0 0.722513 0.760754 0.013101 0.017542
0 0.849538 0.543093 0.013101 0.017542
0 0.976563 0.165839 0.013101 0.017542
4 0.087373 0.623907 0.013101 0.017542
4 0.265209 0.582466 0.013101 0.017542
4 0.443044 0.587466 0.013101 0.017542
4 0.620892 0.608449 0.013101 0.017542
4 0.798728 0.566568 0.013101 0.017542
4 0.976563 0.207737 0.013101 0.017542