1 0.102078 0.663257 0.016404 0.021956
1 0.174873 0.683495 0.016404 0.021956
1 0.247681 0.669260 0.016404 0.021956
1 0.320489 0.700094 0.016404 0.021956
1 0.393285 0.662543 0.016404 0.021956
1 0.466093 0.670944 0.016404 0.021956
1 0.538888 0.655366 0.016404 0.021956
1 0.611696 0.652815 0.016404 0.021956
1 0.684492 0.659532 0.016404 0.021956
1 0.757300 0.677968 0.016404 0.021956
1 0.830108 0.672832 0.016404 0.021956
1 0.902903 0.572509 0.016404 0.021956
1 0.975712 0.176913 0.016404 0.021956
7 0.102078 0.762321 0.016404 0.021956
7 0.169282 0.792168 0.016404 0.021956
7 0.236474 0.757015 0.016404 0.021956
7 0.303679 0.786046 0.016404 0.021956
7 0.370883 0.801318 0.016404 0.021956
7 0.438088 0.789923 0.016404 0.021956
7 0.505292 0.763512 0.016404 0.021956
7 0.572497 0.785621 0.016404 0.021956
7 0.639701 0.798495 0.016404 0.021956
7 0.706893 0.749906 0.016404 0.021956
7 0.774098 0.693886 0.016404 0.021956
7 0.841302 0.560196 0.016404 0.021956
7 0.908507 0.266505 0.016404 0.021956
7 0.975712 0.170893 0.016404 0.021956
3 0.102078 0.779906 0.016404 0.021956
3 0.164479 0.794260 0.016404 0.021956
3 0.226881 0.758410 0.016404 0.021956
3 0.289282 0.791165 0.016404 0.021956
3 0.351684 0.785672 0.016404 0.021956
3 0.414085 0.783053 0.016404 0.021956
3 0.476487 0.766930 0.016404 0.021956
3 0.538888 0.789787 0.016404 0.021956
3 0.601290 0.784617 0.016404 0.021956
3 0.663691 0.749651 0.016404 0.021956
3 0.726093 0.732015 0.016404 0.021956
3 0.788507 0.701522 0.016404 0.021956
3 0.850909 0.504651 0.016404 0.021956
3 0.913310 0.241216 0.016404 0.021956
3 0.975712 0.166233 0.016404 0.021956
2 0.102078 0.673291 0.016404 0.021956
2 0.156677 0.663206 0.016404 0.021956
2 0.211277 0.642883 0.016404 0.021956
2 0.265877 0.609974 0.016404 0.021956
2 0.320489 0.567985 0.016404 0.021956
2 0.375089 0.517611 0.016404 0.021956
2 0.429689 0.468682 0.016404 0.021956
2 0.484288 0.441522 0.016404 0.021956
2 0.538888 0.385060 0.016404 0.021956
2 0.593488 0.364787 0.016404 0.021956
2 0.648100 0.331709 0.016404 0.021956
2 0.702700 0.299515 0.016404 0.021956
2 0.757300 0.285400 0.016404 0.021956
2 0.811900 0.271386 0.016404 0.021956
2 0.866499 0.263954 0.016404 0.021956
2 0.921112 0.252355 0.016404 0.021956
2 0.975712 0.253223 0.016404 0.021956
4 0.102078 0.758716 0.016404 0.021956
4 0.156677 0.782883 0.016404 0.021956
4 0.211277 0.783835 0.016404 0.021956
4 0.265877 0.777355 0.016404 0.021956
4 0.320489 0.790791 0.016404 0.021956
4 0.375089 0.785723 0.016404 0.021956
4 0.429689 0.776318 0.016404 0.021956
4 0.484288 0.785400 0.016404 0.021956
4 0.538888 0.759566 0.016404 0.021956
4 0.593488 0.767781 0.016404 0.021956
4 0.648100 0.782083 0.016404 0.021956
4 0.702700 0.778444 0.016404 0.021956
4 0.757300 0.750128 0.016404 0.021956
4 0.811900 0.723444 0.016404 0.021956
4 0.866499 0.576981 0.016404 0.021956
4 0.921112 0.328036 0.016404 0.021956
4 0.975712 0.187713 0.016404 0.021956