7 0.098766 0.803568 0.013861 0.018559
7 0.161184 0.811110 0.013861 0.018559
7 0.223601 0.838483 0.013861 0.018559
7 0.286019 0.808449 0.013861 0.018559
7 0.348437 0.858534 0.013861 0.018559
7 0.410854 0.846246 0.013861 0.018559
7 0.473259 0.805297 0.013861 0.018559
7 0.535677 0.766025 0.013861 0.018559
7 0.598095 0.867229 0.013861 0.018559
7 0.660513 0.818127 0.013861 0.018559
7 0.722930 0.861364 0.013861 0.018559
7 0.785348 0.861093 0.013861 0.018559
7 0.847753 0.774517 0.013861 0.018559
7 0.910171 0.776161 0.013861 0.018559
7 0.972589 0.812195 0.013861 0.018559
2 0.098766 0.754720 0.013861 0.018559
2 0.223601 0.699771 0.013861 0.018559
2 0.348437 0.607297 0.013861 0.018559
2 0.473259 0.582873 0.013861 0.018559
2 0.598095 0.410110 0.013861 0.018559
2 0.722930 0.376195 0.013861 0.018559
2 0.847753 0.286229 0.013861 0.018559
2 0.972589 0.303636 0.013861 0.018559
5 0.098766 0.747534 0.013861 0.018559
5 0.178209 0.753669 0.013861 0.018559
5 0.257652 0.732720 0.013861 0.018559
5 0.337082 0.832195 0.013861 0.018559
5 0.416525 0.808364 0.013861 0.018559
5 0.495956 0.705958 0.013861 0.018559
5 0.575399 0.863585 0.013861 0.018559
5 0.654842 0.784958 0.013861 0.018559
5 0.734272 0.758076 0.013861 0.018559
5 0.813715 0.709314 0.013861 0.018559
5 0.893158 0.391008 0.013861 0.018559
5 0.972589 0.239229 0.013861 0.018559