3 0.091494 0.686576 0.012709 0.017017
3 0.165835 0.648898 0.012709 0.017017
3 0.240177 0.732644 0.012709 0.017017
3 0.314519 0.682322 0.012709 0.017017
3 0.388873 0.681356 0.012709 0.017017
3 0.463215 0.700034 0.012709 0.017017
3 0.537557 0.575949 0.012709 0.017017
3 0.611899 0.630695 0.012709 0.017017
3 0.686241 0.693153 0.012709 0.017017
3 0.760595 0.639186 0.012709 0.017017
3 0.834937 0.592203 0.012709 0.017017
3 0.909278 0.527220 0.012709 0.017017
3 0.983620 0.569644 0.012709 0.017017
5 0.091494 0.682356 0.012709 0.017017
5 0.180709 0.651271 0.012709 0.017017
5 0.269911 0.744915 0.012709 0.017017
5 0.359127 0.691034 0.012709 0.017017
5 0.448342 0.796203 0.012709 0.017017
5 0.537557 0.791881 0.012709 0.017017
5 0.626772 0.822780 0.012709 0.017017
5 0.715987 0.767085 0.012709 0.017017
5 0.805190 0.774831 0.012709 0.017017
5 0.894405 0.811339 0.012709 0.017017
5 0.983620 0.807356 0.012709 0.017017
7 0.091494 0.679085 0.012709 0.017017
7 0.165835 0.647661 0.012709 0.017017
7 0.240177 0.638288 0.012709 0.017017
7 0.314519 0.650695 0.012709 0.017017
7 0.388873 0.475136 0.012709 0.017017
7 0.463215 0.555203 0.012709 0.017017
7 0.537557 0.459458 0.012709 0.017017
7 0.611899 0.492390 0.012709 0.017017
7 0.686241 0.383678 0.012709 0.017017
7 0.760595 0.348034 0.012709 0.017017
7 0.834937 0.275220 0.012709 0.017017
7 0.909278 0.235746 0.012709 0.017017
7 0.983620 0.240898 0.012709 0.017017
1 0.091494 0.693424 0.012709 0.017017
1 0.155215 0.661847 0.012709 0.017017
1 0.218937 0.614661 0.012709 0.017017
1 0.282658 0.642644 0.012709 0.017017
1 0.346380 0.629576 0.012709 0.017017
1 0.410114 0.660186 0.012709 0.017017
1 0.473835 0.684661 0.012709 0.017017
1 0.537557 0.616814 0.012709 0.017017
1 0.601278 0.625017 0.012709 0.017017
1 0.665000 0.606390 0.012709 0.017017
1 0.728722 0.557034 0.012709 0.017017
1 0.792456 0.619678 0.012709 0.017017
1 0.856177 0.527508 0.012709 0.017017
1 0.919899 0.555085 0.012709 0.017017
1 0.983620 0.623780 0.012709 0.017017
4 0.091494 0.773932 0.012709 0.017017
4 0.218937 0.815780 0.012709 0.017017
4 0.346380 0.845102 0.012709 0.017017
4 0.473835 0.901831 0.012709 0.017017
4 0.601278 0.840610 0.012709 0.017017
4 0.728722 0.919864 0.012709 0.017017
4 0.856177 0.919864 0.012709 0.017017
4 0.983620 0.919864 0.012709 0.017017