4 0.096989 0.596422 0.015324 0.020545
4 0.206836 0.696099 0.015324 0.020545
4 0.316671 0.744991 0.015324 0.020545
4 0.426506 0.714668 0.015324 0.020545
4 0.536353 0.611482 0.015324 0.020545
4 0.646188 0.626865 0.015324 0.020545
4 0.756023 0.636184 0.015324 0.020545
4 0.865870 0.652402 0.015324 0.020545
4 0.975705 0.270528 0.015324 0.020545
6 0.096989 0.757274 0.015324 0.020545
6 0.170216 0.812658 0.015324 0.020545
6 0.243443 0.757615 0.015324 0.020545
6 0.316671 0.773152 0.015324 0.020545
6 0.389898 0.791141 0.015324 0.020545
6 0.463126 0.786457 0.015324 0.020545
6 0.536353 0.798313 0.015324 0.020545
6 0.609581 0.859761 0.015324 0.020545
6 0.682808 0.808211 0.015324 0.020545
6 0.756023 0.812164 0.015324 0.020545
6 0.829250 0.730869 0.015324 0.020545
6 0.902478 0.543049 0.015324 0.020545
6 0.975705 0.234855 0.015324 0.020545