6 0.084842 0.775653 0.014570 0.019508
6 0.184842 0.789449 0.014570 0.019508
6 0.284842 0.757025 0.014570 0.019508
6 0.384829 0.749822 0.014570 0.019508
6 0.484829 0.693856 0.014570 0.019508
6 0.584829 0.639212 0.014570 0.019508
6 0.684816 0.543280 0.014570 0.019508
6 0.784816 0.446297 0.014570 0.019508
6 0.884816 0.371703 0.014570 0.019508
6 0.984804 0.305771 0.014570 0.019508
0 0.084842 0.699907 0.014570 0.019508
0 0.166665 0.713517 0.014570 0.019508
0 0.248475 0.691737 0.014570 0.019508
0 0.330285 0.684958 0.014570 0.019508
0 0.412108 0.635093 0.014570 0.019508
0 0.493918 0.580619 0.014570 0.019508
0 0.575741 0.515941 0.014570 0.019508
0 0.657551 0.467042 0.014570 0.019508
0 0.739361 0.402025 0.014570 0.019508
0 0.821184 0.359093 0.014570 0.019508
0 0.902994 0.345924 0.014570 0.019508
0 0.984804 0.304212 0.014570 0.019508
3 0.084842 0.803619 0.014570 0.019508
3 0.166665 0.528432 0.014570 0.019508
3 0.248475 0.342619 0.014570 0.019508
3 0.330285 0.273602 0.014570 0.019508
3 0.412108 0.254839 0.014570 0.019508
3 0.493918 0.215686 0.014570 0.019508
3 0.575741 0.202619 0.014570 0.019508
3 0.657551 0.175568 0.014570 0.019508
3 0.739361 0.180466 0.014570 0.019508
3 0.821184 0.199331 0.014570 0.019508
3 0.902994 0.176331 0.014570 0.019508
3 0.984804 0.173263 0.014570 0.019508
5 0.084842 0.736110 0.014570 0.019508
5 0.166665 0.740737 0.014570 0.019508
5 0.248475 0.739619 0.014570 0.019508
5 0.330285 0.717314 0.014570 0.019508
5 0.412108 0.685568 0.014570 0.019508
5 0.493918 0.625771 0.014570 0.019508
5 0.575741 0.557076 0.014570 0.019508
5 0.657551 0.492924 0.014570 0.019508
5 0.739361 0.412432 0.014570 0.019508
5 0.821184 0.347076 0.014570 0.019508
5 0.902994 0.323347 0.014570 0.019508
5 0.984804 0.312127 0.014570 0.019508