4 0.101783 0.713092 0.019124 0.025673
4 0.188813 0.680554 0.019124 0.025673
4 0.275831 0.588986 0.019124 0.025673
4 0.362849 0.535187 0.019124 0.025673
4 0.449879 0.524250 0.019124 0.025673
4 0.536897 0.324489 0.019124 0.025673
4 0.623915 0.181934 0.019124 0.025673
4 0.710945 0.104693 0.019124 0.025673
4 0.797963 0.154148 0.019124 0.025673
4 0.884981 0.087589 0.019124 0.025673
4 0.972011 0.190043 0.019124 0.025673
0 0.101783 0.787351 0.019124 0.025673
0 0.188813 0.740468 0.019124 0.025673
0 0.275831 0.779276 0.019124 0.025673
0 0.362849 0.810451 0.019124 0.025673
0 0.449879 0.818441 0.019124 0.025673
0 0.536897 0.800264 0.019124 0.025673
0 0.623915 0.785681 0.019124 0.025673
0 0.710945 0.908118 0.019124 0.025673
0 0.797963 0.819889 0.019124 0.025673
0 0.884981 0.645835 0.019124 0.025673
0 0.972011 0.545153 0.019124 0.025673
7 0.101783 0.530963 0.019124 0.025673
7 0.156174 0.467896 0.019124 0.025673
7 0.210565 0.490230 0.019124 0.025673
7 0.264956 0.573807 0.019124 0.025673
7 0.319346 0.562888 0.019124 0.025673
7 0.373725 0.474557 0.019124 0.025673
7 0.428115 0.556329 0.019124 0.025673
7 0.482506 0.536448 0.019124 0.025673
7 0.536897 0.531150 0.019124 0.025673
7 0.591288 0.618952 0.019124 0.025673
7 0.645679 0.494608 0.019124 0.025673
7 0.700070 0.577095 0.019124 0.025673
7 0.754448 0.556039 0.019124 0.025673
7 0.808839 0.563637 0.019124 0.025673
7 0.863230 0.553143 0.019124 0.025673
7 0.917621 0.285852 0.019124 0.025673
7 0.972011 0.201440 0.019124 0.025673
5 0.101783 0.685136 0.019124 0.025673
5 0.163940 0.776704 0.019124 0.025673
5 0.226098 0.532019 0.019124 0.025673
5 0.288268 0.523041 0.019124 0.025673
5 0.350425 0.526823 0.019124 0.025673
5 0.412582 0.474659 0.019124 0.025673
5 0.474740 0.483859 0.019124 0.025673
5 0.536897 0.320179 0.019124 0.025673
5 0.599055 0.270503 0.019124 0.025673
5 0.661212 0.311644 0.019124 0.025673
5 0.723369 0.283825 0.019124 0.025673
5 0.785527 0.155341 0.019124 0.025673
5 0.847697 0.121269 0.019124 0.025673
5 0.909854 0.163262 0.019124 0.025673
5 0.972011 0.283552 0.019124 0.025673
3 0.101783 0.802428 0.019124 0.025673
3 0.168725 0.798356 0.019124 0.025673
3 0.235666 0.698424 0.019124 0.025673
3 0.302608 0.871917 0.019124 0.025673
3 0.369549 0.773995 0.019124 0.025673
3 0.436491 0.783041 0.019124 0.025673
3 0.503433 0.836567 0.019124 0.025673
3 0.570362 0.908118 0.019124 0.025673
3 0.637303 0.814540 0.019124 0.025673
3 0.704245 0.806090 0.019124 0.025673
3 0.771187 0.772070 0.019124 0.025673
3 0.838128 0.545750 0.019124 0.025673
3 0.905070 0.499583 0.019124 0.025673
3 0.972011 0.235068 0.019124 0.025673
6 0.101783 0.646601 0.019124 0.025673
6 0.198484 0.634267 0.019124 0.025673
6 0.295171 0.546073 0.019124 0.025673
6 0.391859 0.752734 0.019124 0.025673
6 0.488547 0.766635 0.019124 0.025673
6 0.585247 0.681712 0.019124 0.025673
6 0.681935 0.552751 0.019124 0.025673
6 0.778623 0.567726 0.019124 0.025673
6 0.875324 0.589685 0.019124 0.025673
6 0.972011 0.453109 0.019124 0.025673