6 0.091603 0.805703 0.010558 0.014119
6 0.202123 0.801890 0.010558 0.014119
6 0.312643 0.790059 0.010558 0.014119
6 0.423162 0.799483 0.010558 0.014119
6 0.533695 0.798229 0.010558 0.014119
6 0.644214 0.777534 0.010558 0.014119
6 0.754734 0.767992 0.010558 0.014119
6 0.865253 0.567466 0.010558 0.014119
6 0.975773 0.203653 0.010558 0.014119
2 0.091603 0.780975 0.010558 0.014119
2 0.238967 0.808856 0.010558 0.014119
2 0.386331 0.797636 0.010558 0.014119
2 0.533695 0.790280 0.010558 0.014119
2 0.681046 0.782686 0.010558 0.014119
2 0.828409 0.652025 0.010558 0.014119
2 0.975773 0.174500 0.010558 0.014119
4 0.091603 0.759415 0.010558 0.014119
4 0.146863 0.800619 0.010558 0.014119
4 0.202123 0.781280 0.010558 0.014119
4 0.257383 0.795364 0.010558 0.014119
4 0.312643 0.789754 0.010558 0.014119
4 0.367902 0.793127 0.010558 0.014119
4 0.423162 0.810619 0.010558 0.014119
4 0.478435 0.820686 0.010558 0.014119
4 0.533695 0.783297 0.010558 0.014119
4 0.588954 0.778042 0.010558 0.014119
4 0.644214 0.801551 0.010558 0.014119
4 0.699474 0.778127 0.010558 0.014119
4 0.754734 0.785229 0.010558 0.014119
4 0.809994 0.755398 0.010558 0.014119
4 0.865253 0.780669 0.010558 0.014119
4 0.920513 0.718737 0.010558 0.014119
4 0.975773 0.566619 0.010558 0.014119
7 0.091603 0.696432 0.010558 0.014119
7 0.217915 0.705619 0.010558 0.014119
7 0.344227 0.701246 0.010558 0.014119
7 0.470539 0.719873 0.010558 0.014119
7 0.596838 0.724619 0.010558 0.014119
7 0.723150 0.733466 0.010558 0.014119
7 0.849461 0.660110 0.010558 0.014119
7 0.975773 0.227314 0.010558 0.014119