0 0.091177 0.727017 0.012152 0.016271
0 0.159278 0.849627 0.012152 0.016271
0 0.227380 0.824627 0.012152 0.016271
0 0.295494 0.868508 0.012152 0.016271
0 0.363595 0.789695 0.012152 0.016271
0 0.431709 0.830644 0.012152 0.016271
0 0.499810 0.715051 0.012152 0.016271
0 0.567911 0.824610 0.012152 0.016271
0 0.636025 0.719814 0.012152 0.016271
0 0.704127 0.780271 0.012152 0.016271
0 0.772241 0.834661 0.012152 0.016271
0 0.840342 0.718559 0.012152 0.016271
0 0.908456 0.528356 0.012152 0.016271
0 0.976557 0.113949 0.012152 0.016271
3 0.091177 0.658898 0.012152 0.016271
3 0.146506 0.694407 0.012152 0.016271
3 0.201848 0.790576 0.012152 0.016271
3 0.257177 0.820203 0.012152 0.016271
3 0.312519 0.792661 0.012152 0.016271
3 0.367861 0.758339 0.012152 0.016271
3 0.423190 0.679102 0.012152 0.016271
3 0.478532 0.815932 0.012152 0.016271
3 0.533861 0.667322 0.012152 0.016271
3 0.589203 0.908271 0.012152 0.016271
3 0.644532 0.784000 0.012152 0.016271
3 0.699873 0.824610 0.012152 0.016271
3 0.755215 0.878186 0.012152 0.016271
3 0.810544 0.703153 0.012152 0.016271
3 0.865886 0.418542 0.012152 0.016271
3 0.921215 0.239237 0.012152 0.016271
3 0.976557 0.209136 0.012152 0.016271
6 0.091177 0.625763 0.012152 0.016271
6 0.150203 0.629847 0.012152 0.016271
6 0.209228 0.512831 0.012152 0.016271
6 0.268253 0.680983 0.012152 0.016271
6 0.327278 0.629712 0.012152 0.016271
6 0.386304 0.599390 0.012152 0.016271
6 0.445329 0.672881 0.012152 0.016271
6 0.504354 0.650966 0.012152 0.016271
6 0.563380 0.660390 0.012152 0.016271
6 0.622405 0.487492 0.012152 0.016271
6 0.681430 0.566475 0.012152 0.016271
6 0.740456 0.578153 0.012152 0.016271
6 0.799481 0.609322 0.012152 0.016271
6 0.858506 0.521746 0.012152 0.016271
6 0.917532 0.496492 0.012152 0.016271
6 0.976557 0.244068 0.012152 0.016271
1 0.091177 0.601695 0.012152 0.016271
1 0.159278 0.647458 0.012152 0.016271
1 0.227380 0.617746 0.012152 0.016271
1 0.295494 0.665017 0.012152 0.016271
1 0.363595 0.595525 0.012152 0.016271
1 0.431709 0.616915 0.012152 0.016271
1 0.499810 0.699559 0.012152 0.016271
1 0.567911 0.633373 0.012152 0.016271
1 0.636025 0.542729 0.012152 0.016271
1 0.704127 0.749475 0.012152 0.016271
1 0.772241 0.561288 0.012152 0.016271
1 0.840342 0.615627 0.012152 0.016271
1 0.908456 0.483203 0.012152 0.016271
1 0.976557 0.114661 0.012152 0.016271
4 0.091177 0.745508 0.012152 0.016271
4 0.217658 0.613373 0.012152 0.016271
4 0.344139 0.660729 0.012152 0.016271
4 0.470620 0.679136 0.012152 0.016271
4 0.597101 0.420983 0.012152 0.016271
4 0.723595 0.673627 0.012152 0.016271
4 0.850076 0.216593 0.012152 0.016271
4 0.976557 0.294339 0.012152 0.016271
5 0.091177 0.742746 0.012152 0.016271
5 0.164949 0.699763 0.012152 0.016271
5 0.238734 0.869610 0.012152 0.016271
5 0.312519 0.848847 0.012152 0.016271
5 0.386304 0.819814 0.012152 0.016271
5 0.460076 0.775153 0.012152 0.016271
5 0.533861 0.713627 0.012152 0.016271
5 0.607646 0.766153 0.012152 0.016271
5 0.681430 0.737339 0.012152 0.016271
5 0.755215 0.795085 0.012152 0.016271
5 0.828987 0.593458 0.012152 0.016271
5 0.902772 0.371932 0.012152 0.016271
5 0.976557 0.239034 0.012152 0.016271