7 0.107001 0.747415 0.015349 0.020544
7 0.193621 0.700544 0.015349 0.020544
7 0.280241 0.643384 0.015349 0.020544
7 0.366874 0.582211 0.015349 0.020544
7 0.453494 0.488776 0.015349 0.020544
7 0.540114 0.401088 0.015349 0.020544
7 0.626747 0.311667 0.015349 0.020544
7 0.713367 0.241463 0.015349 0.020544
7 0.799987 0.198537 0.015349 0.020544
7 0.886620 0.180068 0.015349 0.020544
7 0.973240 0.176497 0.015349 0.020544
2 0.107001 0.755595 0.015349 0.020544
2 0.193621 0.719405 0.015349 0.020544
2 0.280241 0.703776 0.015349 0.020544
2 0.366874 0.655187 0.015349 0.020544
2 0.453494 0.568163 0.015349 0.020544
2 0.540114 0.467466 0.015349 0.020544
2 0.626747 0.376548 0.015349 0.020544
2 0.713367 0.305442 0.015349 0.020544
2 0.799987 0.272738 0.015349 0.020544
2 0.886620 0.221344 0.015349 0.020544
2 0.973240 0.196020 0.015349 0.020544
1 0.107001 0.771122 0.015349 0.020544
1 0.251372 0.789915 0.015349 0.020544
1 0.395743 0.769218 0.015349 0.020544
1 0.540114 0.790034 0.015349 0.020544
1 0.684498 0.772398 0.015349 0.020544
1 0.828869 0.625748 0.015349 0.020544
1 0.973240 0.166837 0.015349 0.020544
0 0.107001 0.760833 0.015349 0.020544
0 0.251372 0.778265 0.015349 0.020544
0 0.395743 0.771224 0.015349 0.020544
0 0.540114 0.778844 0.015349 0.020544
0 0.684498 0.766395 0.015349 0.020544
0 0.828869 0.581071 0.015349 0.020544
0 0.973240 0.184320 0.015349 0.020544