2 0.087222 0.751331 0.015228 0.020390
2 0.168247 0.752992 0.015228 0.020390
2 0.249272 0.694788 0.015228 0.020390
2 0.330297 0.768669 0.015228 0.020390
2 0.411323 0.754534 0.015228 0.020390
2 0.492348 0.704941 0.015228 0.020390
2 0.573373 0.763534 0.015228 0.020390
2 0.654399 0.774195 0.015228 0.020390
2 0.735424 0.676788 0.015228 0.020390
2 0.816449 0.674331 0.015228 0.020390
2 0.897475 0.671025 0.015228 0.020390
2 0.978500 0.296602 0.015228 0.020390
5 0.087222 0.728907 0.015228 0.020390
5 0.214551 0.628280 0.015228 0.020390
5 0.341867 0.563076 0.015228 0.020390
5 0.469196 0.464992 0.015228 0.020390
5 0.596525 0.351534 0.015228 0.020390
5 0.723842 0.252653 0.015228 0.020390
5 0.851171 0.214602 0.015228 0.020390
5 0.978500 0.178297 0.015228 0.020390
3 0.087222 0.739754 0.015228 0.020390
3 0.168247 0.744347 0.015228 0.020390
3 0.249272 0.708178 0.015228 0.020390
3 0.330297 0.709737 0.015228 0.020390
3 0.411323 0.664754 0.015228 0.020390
3 0.492348 0.782093 0.015228 0.020390
3 0.573373 0.789958 0.015228 0.020390
3 0.654399 0.773025 0.015228 0.020390
3 0.735424 0.795975 0.015228 0.020390
3 0.816449 0.798754 0.015228 0.020390
3 0.897475 0.592805 0.015228 0.020390
3 0.978500 0.215483 0.015228 0.020390
1 0.087222 0.810025 0.015228 0.020390
1 0.150880 0.802839 0.015228 0.020390
1 0.214551 0.786737 0.015228 0.020390
1 0.278209 0.798975 0.015228 0.020390
1 0.341867 0.773754 0.015228 0.020390
1 0.405538 0.812025 0.015228 0.020390
1 0.469196 0.819924 0.015228 0.020390
1 0.532854 0.866178 0.015228 0.020390
1 0.596525 0.818958 0.015228 0.020390
1 0.660184 0.863042 0.015228 0.020390
1 0.723842 0.745839 0.015228 0.020390
1 0.787513 0.795263 0.015228 0.020390
1 0.851171 0.749466 0.015228 0.020390
1 0.914829 0.748059 0.015228 0.020390
1 0.978500 0.576754 0.015228 0.020390
7 0.087222 0.771602 0.015228 0.020390
7 0.168247 0.783839 0.015228 0.020390
7 0.249272 0.780653 0.015228 0.020390
7 0.330297 0.770466 0.015228 0.020390
7 0.411323 0.770229 0.015228 0.020390
7 0.492348 0.806534 0.015228 0.020390
7 0.573373 0.764280 0.015228 0.020390
7 0.654399 0.832720 0.015228 0.020390
7 0.735424 0.728364 0.015228 0.020390
7 0.816449 0.697229 0.015228 0.020390
7 0.897475 0.419297 0.015228 0.020390
7 0.978500 0.173398 0.015228 0.020390