3 0.101789 0.709302 0.016066 0.021567
3 0.226104 0.696882 0.016066 0.021567
3 0.350419 0.692726 0.016066 0.021567
3 0.474734 0.697496 0.016066 0.021567
3 0.599061 0.672760 0.016066 0.021567
3 0.723376 0.627853 0.016066 0.021567
3 0.847690 0.649370 0.016066 0.021567
3 0.972005 0.375451 0.016066 0.021567
0 0.101789 0.569455 0.016066 0.021567
0 0.188807 0.645145 0.016066 0.021567
0 0.275825 0.563118 0.016066 0.021567
0 0.362855 0.574412 0.016066 0.021567
0 0.449873 0.613458 0.016066 0.021567
0 0.536891 0.592283 0.016066 0.021567
0 0.623921 0.578944 0.016066 0.021567
0 0.710939 0.546235 0.016066 0.021567
0 0.797970 0.637802 0.016066 0.021567
0 0.884987 0.577308 0.016066 0.021567
0 0.972005 0.343748 0.016066 0.021567
5 0.101789 0.589813 0.016066 0.021567
5 0.180901 0.592249 0.016066 0.021567
5 0.260013 0.582232 0.016066 0.021567
5 0.339124 0.680034 0.016066 0.021567
5 0.418223 0.687598 0.016066 0.021567
5 0.497335 0.635843 0.016066 0.021567
5 0.576447 0.591584 0.016066 0.021567
5 0.655558 0.601295 0.016066 0.021567
5 0.734670 0.625179 0.016066 0.021567
5 0.813782 0.668399 0.016066 0.021567
5 0.892893 0.522010 0.016066 0.021567
5 0.972005 0.301499 0.016066 0.021567
6 0.101789 0.721329 0.016066 0.021567
6 0.226104 0.769915 0.016066 0.021567
6 0.350419 0.813663 0.016066 0.021567
6 0.474734 0.723935 0.016066 0.021567
6 0.599061 0.730579 0.016066 0.021567
6 0.723376 0.723578 0.016066 0.021567
6 0.847690 0.709250 0.016066 0.021567
6 0.972005 0.255690 0.016066 0.021567