6 0.139866 0.673598 0.015478 0.020769
6 0.303726 0.636009 0.015478 0.020769
6 0.467573 0.544778 0.015478 0.020769
6 0.631433 0.445735 0.015478 0.020769
6 0.795293 0.278863 0.015478 0.020769
6 0.959153 0.173855 0.015478 0.020769
1 0.139866 0.687256 0.015478 0.020769
1 0.256898 0.815803 0.015478 0.020769
1 0.373943 0.769222 0.015478 0.020769
1 0.490987 0.764726 0.015478 0.020769
1 0.608019 0.665188 0.015478 0.020769
1 0.725064 0.804761 0.015478 0.020769
1 0.842108 0.550675 0.015478 0.020769
1 0.959153 0.193427 0.015478 0.020769
0 0.139866 0.640111 0.015478 0.020769
0 0.188057 0.621393 0.015478 0.020769
0 0.236248 0.645410 0.015478 0.020769
0 0.284439 0.626624 0.015478 0.020769
0 0.332631 0.633735 0.015478 0.020769
0 0.380834 0.650026 0.015478 0.020769
0 0.429025 0.604368 0.015478 0.020769
0 0.477217 0.604538 0.015478 0.020769
0 0.525408 0.629581 0.015478 0.020769
0 0.573599 0.627154 0.015478 0.020769
0 0.621790 0.525274 0.015478 0.020769
0 0.669994 0.522829 0.015478 0.020769
0 0.718185 0.500094 0.015478 0.020769
0 0.766376 0.452077 0.015478 0.020769
0 0.814567 0.384590 0.015478 0.020769
0 0.862758 0.361855 0.015478 0.020769
0 0.910949 0.369444 0.015478 0.020769
0 0.959153 0.365325 0.015478 0.020769
4 0.139866 0.723889 0.015478 0.020769
4 0.198389 0.708658 0.015478 0.020769
4 0.256898 0.748043 0.015478 0.020769
4 0.315420 0.697513 0.015478 0.020769
4 0.373943 0.691274 0.015478 0.020769
4 0.432465 0.646009 0.015478 0.020769
4 0.490987 0.585513 0.015478 0.020769
4 0.549510 0.578077 0.015478 0.020769
4 0.608019 0.510863 0.015478 0.020769
4 0.666541 0.386915 0.015478 0.020769
4 0.725064 0.343974 0.015478 0.020769
4 0.783586 0.309769 0.015478 0.020769
4 0.842108 0.291359 0.015478 0.020769
4 0.900631 0.286761 0.015478 0.020769
4 0.959153 0.272350 0.015478 0.020769