3 0.089075 0.820729 0.014930 0.019966
3 0.199911 0.803271 0.014930 0.019966
3 0.310748 0.753136 0.014930 0.019966
3 0.421584 0.806475 0.014930 0.019966
3 0.532421 0.802373 0.014930 0.019966
3 0.643257 0.799288 0.014930 0.019966
3 0.754094 0.748542 0.014930 0.019966
3 0.864930 0.432153 0.014930 0.019966
3 0.975767 0.194949 0.014930 0.019966
2 0.089075 0.774068 0.014930 0.019966
2 0.169683 0.823000 0.014930 0.019966
2 0.250292 0.780966 0.014930 0.019966
2 0.330900 0.780831 0.014930 0.019966
2 0.411508 0.792186 0.014930 0.019966
2 0.492117 0.783237 0.014930 0.019966
2 0.572725 0.809356 0.014930 0.019966
2 0.653333 0.830627 0.014930 0.019966
2 0.733942 0.794356 0.014930 0.019966
2 0.814550 0.787966 0.014930 0.019966
2 0.895158 0.783881 0.014930 0.019966
2 0.975767 0.804458 0.014930 0.019966
1 0.089075 0.806407 0.014930 0.019966
1 0.169683 0.780831 0.014930 0.019966
1 0.250292 0.797678 0.014930 0.019966
1 0.330900 0.845763 0.014930 0.019966
1 0.411508 0.824458 0.014930 0.019966
1 0.492117 0.774322 0.014930 0.019966
1 0.572725 0.776508 0.014930 0.019966
1 0.653333 0.798508 0.014930 0.019966
1 0.733942 0.786966 0.014930 0.019966
1 0.814550 0.689915 0.014930 0.019966
1 0.895158 0.382373 0.014930 0.019966
1 0.975767 0.157305 0.014930 0.019966
0 0.089075 0.661288 0.014930 0.019966
0 0.187592 0.669441 0.014930 0.019966
0 0.286109 0.691847 0.014930 0.019966
0 0.384639 0.657305 0.014930 0.019966
0 0.483156 0.680356 0.014930 0.019966
0 0.581686 0.690831 0.014930 0.019966
0 0.680203 0.726458 0.014930 0.019966
0 0.778720 0.694237 0.014930 0.019966
0 0.877250 0.718186 0.014930 0.019966
0 0.975767 0.810153 0.014930 0.019966