6 0.132860 0.738077 0.021261 0.028530
6 0.273548 0.273154 0.021261 0.028530
6 0.414236 0.250538 0.021261 0.028530
6 0.554924 0.116983 0.021261 0.028530
6 0.695611 0.178197 0.021261 0.028530
6 0.836299 0.190419 0.021261 0.028530
6 0.976987 0.155188 0.021261 0.028530
7 0.132860 0.642111 0.021261 0.028530
7 0.273548 0.699650 0.021261 0.028530
7 0.414236 0.758624 0.021261 0.028530
7 0.554924 0.770128 0.021261 0.028530
7 0.695611 0.744282 0.021261 0.028530
7 0.836299 0.815564 0.021261 0.028530
7 0.976987 0.809034 0.021261 0.028530