1 0.087373 0.598025 0.015051 0.020153
1 0.198525 0.502449 0.015051 0.020153
1 0.309665 0.633212 0.015051 0.020153
1 0.420816 0.512805 0.015051 0.020153
1 0.531968 0.581398 0.015051 0.020153
1 0.643108 0.564381 0.015051 0.020153
1 0.754259 0.607517 0.015051 0.020153
1 0.865411 0.544178 0.015051 0.020153
1 0.976551 0.425042 0.015051 0.020153
7 0.087373 0.753737 0.015051 0.020153
7 0.176297 0.702992 0.015051 0.020153
7 0.265209 0.825619 0.015051 0.020153
7 0.354133 0.790941 0.015051 0.020153
7 0.443044 0.876297 0.015051 0.020153
7 0.531968 0.802042 0.015051 0.020153
7 0.620880 0.814619 0.015051 0.020153
7 0.709804 0.773297 0.015051 0.020153
7 0.798715 0.839364 0.015051 0.020153
7 0.887639 0.885703 0.015051 0.020153
7 0.976551 0.753280 0.015051 0.020153