1 0.095462 0.632924 0.010139 0.013576
1 0.176108 0.631754 0.010139 0.013576
1 0.256741 0.550432 0.010139 0.013576
1 0.337386 0.499720 0.010139 0.013576
1 0.418032 0.391805 0.010139 0.013576
1 0.498665 0.469839 0.010139 0.013576
1 0.579310 0.366534 0.010139 0.013576
1 0.659956 0.325975 0.010139 0.013576
1 0.740589 0.262144 0.010139 0.013576
1 0.821234 0.249754 0.010139 0.013576
1 0.901867 0.129025 0.010139 0.013576
1 0.982513 0.144975 0.010139 0.013576
3 0.095462 0.681585 0.010139 0.013576
3 0.206348 0.743025 0.010139 0.013576
3 0.317222 0.681534 0.010139 0.013576
3 0.428108 0.698822 0.010139 0.013576
3 0.538994 0.575754 0.010139 0.013576
3 0.649867 0.414280 0.010139 0.013576
3 0.760753 0.254669 0.010139 0.013576
3 0.871627 0.124839 0.010139 0.013576
3 0.982513 0.209805 0.010139 0.013576
2 0.095462 0.800144 0.010139 0.013576
2 0.194019 0.822653 0.010139 0.013576
2 0.292589 0.748958 0.010139 0.013576
2 0.391146 0.734449 0.010139 0.013576
2 0.489703 0.597771 0.010139 0.013576
2 0.588272 0.506653 0.010139 0.013576
2 0.686829 0.455873 0.010139 0.013576
2 0.785386 0.361144 0.010139 0.013576
2 0.883956 0.367364 0.010139 0.013576
2 0.982513 0.302703 0.010139 0.013576
6 0.095462 0.785534 0.010139 0.013576
6 0.184171 0.587127 0.010139 0.013576
6 0.272880 0.425805 0.010139 0.013576
6 0.361576 0.438585 0.010139 0.013576
6 0.450285 0.264042 0.010139 0.013576
6 0.538994 0.277212 0.010139 0.013576
6 0.627690 0.221669 0.010139 0.013576
6 0.716399 0.212602 0.010139 0.013576
6 0.805108 0.151415 0.010139 0.013576
6 0.893804 0.120144 0.010139 0.013576
6 0.982513 0.104110 0.010139 0.013576