7 0.087380 0.714814 0.012709 0.017017
7 0.176291 0.779373 0.012709 0.017017
7 0.265215 0.763339 0.012709 0.017017
7 0.354127 0.703322 0.012709 0.017017
7 0.443051 0.645695 0.012709 0.017017
7 0.531962 0.592847 0.012709 0.017017
7 0.620886 0.656508 0.012709 0.017017
7 0.709810 0.514627 0.012709 0.017017
7 0.798722 0.398712 0.012709 0.017017
7 0.887646 0.370847 0.012709 0.017017
7 0.976557 0.348034 0.012709 0.017017
4 0.087380 0.835305 0.012709 0.017017
4 0.186177 0.767966 0.012709 0.017017
4 0.284975 0.739593 0.012709 0.017017
4 0.383772 0.775034 0.012709 0.017017
4 0.482570 0.849203 0.012709 0.017017
4 0.581367 0.743220 0.012709 0.017017
4 0.680165 0.784610 0.012709 0.017017
4 0.778962 0.774949 0.012709 0.017017
4 0.877759 0.546034 0.012709 0.017017
4 0.976557 0.149407 0.012709 0.017017
2 0.087380 0.592661 0.012709 0.017017
2 0.186177 0.515356 0.012709 0.017017
2 0.284975 0.506508 0.012709 0.017017
2 0.383772 0.359254 0.012709 0.017017
2 0.482570 0.261712 0.012709 0.017017
2 0.581367 0.238542 0.012709 0.017017
2 0.680165 0.099644 0.012709 0.017017
2 0.778962 0.158797 0.012709 0.017017
2 0.877759 0.180254 0.012709 0.017017
2 0.976557 0.159932 0.012709 0.017017
5 0.087380 0.542593 0.012709 0.017017
5 0.186177 0.551356 0.012709 0.017017
5 0.284975 0.577814 0.012709 0.017017
5 0.383772 0.548407 0.012709 0.017017
5 0.482570 0.618542 0.012709 0.017017
5 0.581367 0.580814 0.012709 0.017017
5 0.680165 0.591407 0.012709 0.017017
5 0.778962 0.581271 0.012709 0.017017
5 0.877759 0.635983 0.012709 0.017017
5 0.976557 0.913763 0.012709 0.017017