0 0.108272 0.783322 0.017281 0.023169
0 0.174803 0.724378 0.017281 0.023169
0 0.241334 0.607308 0.017281 0.023169
0 0.307878 0.806354 0.017281 0.023169
0 0.374409 0.668637 0.017281 0.023169
0 0.440953 0.675451 0.017281 0.023169
0 0.507484 0.684957 0.017281 0.023169
0 0.574028 0.550818 0.017281 0.023169
0 0.640559 0.363680 0.017281 0.023169
0 0.707103 0.396934 0.017281 0.023169
0 0.773634 0.342402 0.017281 0.023169
0 0.840165 0.365366 0.017281 0.023169
0 0.906709 0.294957 0.017281 0.023169
0 0.973240 0.374480 0.017281 0.023169
4 0.108272 0.696661 0.017281 0.023169
4 0.194765 0.712436 0.017281 0.023169
4 0.281258 0.745639 0.017281 0.023169
4 0.367764 0.762879 0.017281 0.023169
4 0.454257 0.586167 0.017281 0.023169
4 0.540750 0.525724 0.017281 0.023169
4 0.627255 0.424259 0.017281 0.023169
4 0.713748 0.495026 0.017281 0.023169
4 0.800254 0.373731 0.017281 0.023169
4 0.886747 0.293867 0.017281 0.023169
4 0.973240 0.366968 0.017281 0.023169
6 0.108272 0.740954 0.017281 0.023169
6 0.186900 0.748007 0.017281 0.023169
6 0.265540 0.754906 0.017281 0.023169
6 0.344168 0.805588 0.017281 0.023169
6 0.422808 0.683203 0.017281 0.023169
6 0.501436 0.825503 0.017281 0.023169
6 0.580076 0.848944 0.017281 0.023169
6 0.658704 0.809489 0.017281 0.023169
6 0.737344 0.835537 0.017281 0.023169
6 0.815972 0.768279 0.017281 0.023169
6 0.894612 0.560443 0.017281 0.023169
6 0.973240 0.170647 0.017281 0.023169