4 0.132860 0.625017 0.019070 0.025590
4 0.225344 0.767188 0.019070 0.025590
4 0.317828 0.616436 0.019070 0.025590
4 0.410312 0.657479 0.019070 0.025590
4 0.502809 0.725000 0.019070 0.025590
4 0.595293 0.837906 0.019070 0.025590
4 0.687777 0.802863 0.019070 0.025590
4 0.780261 0.763803 0.019070 0.025590
4 0.872745 0.735376 0.019070 0.025590
4 0.965242 0.691034 0.019070 0.025590
1 0.132860 0.873256 0.019070 0.025590
1 0.225344 0.685769 0.019070 0.025590
1 0.317828 0.794504 0.019070 0.025590
1 0.410312 0.726590 0.019070 0.025590
1 0.502809 0.793752 0.019070 0.025590
1 0.595293 0.750009 0.019070 0.025590
1 0.687777 0.721393 0.019070 0.025590
1 0.780261 0.591342 0.019070 0.025590
1 0.872745 0.526897 0.019070 0.025590
1 0.965242 0.199325 0.019070 0.025590
7 0.132860 0.790624 0.019070 0.025590
7 0.251764 0.729393 0.019070 0.025590
7 0.370682 0.721872 0.019070 0.025590
7 0.489586 0.692829 0.019070 0.025590
7 0.608503 0.742419 0.019070 0.025590
7 0.727408 0.666265 0.019070 0.025590
7 0.846325 0.617769 0.019070 0.025590
7 0.965242 0.238094 0.019070 0.025590
5 0.132860 0.598983 0.019070 0.025590
5 0.271586 0.686265 0.019070 0.025590
5 0.410312 0.537427 0.019070 0.025590
5 0.549051 0.605957 0.019070 0.025590
5 0.687777 0.614932 0.019070 0.025590
5 0.826503 0.543906 0.019070 0.025590
5 0.965242 0.819444 0.019070 0.025590