0 0.083418 0.844508 0.010557 0.014136
0 0.143089 0.800441 0.010557 0.014136
0 0.202759 0.791186 0.010557 0.014136
0 0.262430 0.878763 0.010557 0.014136
0 0.322114 0.776153 0.010557 0.014136
0 0.381785 0.803780 0.010557 0.014136
0 0.441456 0.723169 0.010557 0.014136
0 0.501127 0.703881 0.010557 0.014136
0 0.560797 0.743424 0.010557 0.014136
0 0.620468 0.648305 0.010557 0.014136
0 0.680139 0.484254 0.010557 0.014136
0 0.739810 0.541831 0.010557 0.014136
0 0.799481 0.330525 0.010557 0.014136
0 0.859152 0.374695 0.010557 0.014136
0 0.918823 0.394559 0.010557 0.014136
0 0.978494 0.338254 0.010557 0.014136
3 0.083418 0.789797 0.010557 0.014136
3 0.172924 0.832475 0.010557 0.014136
3 0.262430 0.852373 0.010557 0.014136
3 0.351949 0.816949 0.010557 0.014136
3 0.441456 0.815678 0.010557 0.014136
3 0.530962 0.784508 0.010557 0.014136
3 0.620468 0.770441 0.010557 0.014136
3 0.709975 0.775610 0.010557 0.014136
3 0.799481 0.681203 0.010557 0.014136
3 0.888987 0.650847 0.010557 0.014136
3 0.978494 0.117458 0.010557 0.014136
4 0.083418 0.774017 0.010557 0.014136
4 0.164797 0.809051 0.010557 0.014136
4 0.246165 0.821932 0.010557 0.014136
4 0.327532 0.802085 0.010557 0.014136
4 0.408899 0.749136 0.010557 0.014136
4 0.490278 0.726864 0.010557 0.014136
4 0.571646 0.788864 0.010557 0.014136
4 0.653013 0.823458 0.010557 0.014136
4 0.734380 0.792746 0.010557 0.014136
4 0.815759 0.681814 0.010557 0.014136
4 0.897127 0.428407 0.010557 0.014136
4 0.978494 0.162949 0.010557 0.014136
7 0.083418 0.667153 0.010557 0.014136
7 0.164797 0.737102 0.010557 0.014136
7 0.246165 0.728322 0.010557 0.014136
7 0.327532 0.738373 0.010557 0.014136
7 0.408899 0.745797 0.010557 0.014136
7 0.490278 0.733085 0.010557 0.014136
7 0.571646 0.752339 0.010557 0.014136
7 0.653013 0.725797 0.010557 0.014136
7 0.734380 0.775068 0.010557 0.014136
7 0.815759 0.793356 0.010557 0.014136
7 0.897127 0.758390 0.010557 0.014136
7 0.978494 0.749949 0.010557 0.014136
5 0.083418 0.671610 0.010557 0.014136
5 0.143089 0.676119 0.010557 0.014136
5 0.202759 0.745136 0.010557 0.014136
5 0.262430 0.619136 0.010557 0.014136
5 0.322114 0.669881 0.010557 0.014136
5 0.381785 0.602017 0.010557 0.014136
5 0.441456 0.740661 0.010557 0.014136
5 0.501127 0.681305 0.010557 0.014136
5 0.560797 0.653864 0.010557 0.014136
5 0.620468 0.730864 0.010557 0.014136
5 0.680139 0.657119 0.010557 0.014136
5 0.739810 0.670186 0.010557 0.014136
5 0.799481 0.655729 0.010557 0.014136
5 0.859152 0.740085 0.010557 0.014136
5 0.918823 0.618797 0.010557 0.014136
5 0.978494 0.522983 0.010557 0.014136