7 0.087373 0.611144 0.015177 0.020322
7 0.168209 0.646686 0.015177 0.020322
7 0.249044 0.389602 0.015177 0.020322
7 0.329880 0.728720 0.015177 0.020322
7 0.410715 0.601263 0.015177 0.020322
7 0.491551 0.475314 0.015177 0.020322
7 0.572386 0.573229 0.015177 0.020322
7 0.653222 0.558008 0.015177 0.020322
7 0.734057 0.533263 0.015177 0.020322
7 0.814892 0.407415 0.015177 0.020322
7 0.895728 0.457246 0.015177 0.020322
7 0.976563 0.096229 0.015177 0.020322
1 0.087373 0.852992 0.015177 0.020322
1 0.168209 0.825568 0.015177 0.020322
1 0.249044 0.816975 0.015177 0.020322
1 0.329880 0.727992 0.015177 0.020322
1 0.410715 0.797686 0.015177 0.020322
1 0.491551 0.895636 0.015177 0.020322
1 0.572386 0.728263 0.015177 0.020322
1 0.653222 0.681449 0.015177 0.020322
1 0.734057 0.772161 0.015177 0.020322
1 0.814892 0.645331 0.015177 0.020322
1 0.895728 0.333754 0.015177 0.020322
1 0.976563 0.158178 0.015177 0.020322
0 0.087373 0.913771 0.015177 0.020322
0 0.176297 0.759856 0.015177 0.020322
0 0.265222 0.709449 0.015177 0.020322
0 0.354133 0.865890 0.015177 0.020322
0 0.443057 0.843924 0.015177 0.020322
0 0.531968 0.721212 0.015177 0.020322
0 0.620892 0.822025 0.015177 0.020322
0 0.709804 0.736703 0.015177 0.020322
0 0.798728 0.586754 0.015177 0.020322
0 0.887639 0.743127 0.015177 0.020322
0 0.976563 0.577771 0.015177 0.020322
3 0.087373 0.600619 0.015177 0.020322
3 0.168209 0.584619 0.015177 0.020322
3 0.249044 0.629856 0.015177 0.020322
3 0.329880 0.497449 0.015177 0.020322
3 0.410715 0.548941 0.015177 0.020322
3 0.491551 0.591873 0.015177 0.020322
3 0.572386 0.563754 0.015177 0.020322
3 0.653222 0.657178 0.015177 0.020322
3 0.734057 0.543263 0.015177 0.020322
3 0.814892 0.477585 0.015177 0.020322
3 0.895728 0.509975 0.015177 0.020322
3 0.976563 0.277907 0.015177 0.020322
6 0.087373 0.913771 0.015177 0.020322
6 0.168209 0.780483 0.015177 0.020322
6 0.249044 0.913771 0.015177 0.020322
6 0.329880 0.779025 0.015177 0.020322
6 0.410715 0.880653 0.015177 0.020322
6 0.491551 0.875415 0.015177 0.020322
6 0.572386 0.686856 0.015177 0.020322
6 0.653222 0.913771 0.015177 0.020322
6 0.734057 0.799737 0.015177 0.020322
6 0.814892 0.843127 0.015177 0.020322
6 0.895728 0.897364 0.015177 0.020322
6 0.976563 0.913771 0.015177 0.020322
5 0.087373 0.556059 0.015177 0.020322
5 0.168209 0.665381 0.015177 0.020322
5 0.249044 0.597500 0.015177 0.020322
5 0.329880 0.635534 0.015177 0.020322
5 0.410715 0.582788 0.015177 0.020322
5 0.491551 0.467686 0.015177 0.020322
5 0.572386 0.366280 0.015177 0.020322
5 0.653222 0.310754 0.015177 0.020322
5 0.734057 0.249449 0.015177 0.020322
5 0.814892 0.214653 0.015177 0.020322
5 0.895728 0.212873 0.015177 0.020322
5 0.976563 0.133195 0.015177 0.020322