6 0.099410 0.649957 0.011358 0.015247
6 0.173039 0.632598 0.011358 0.015247
6 0.246669 0.490366 0.011358 0.015247
6 0.320286 0.559327 0.011358 0.015247
6 0.393915 0.497470 0.011358 0.015247
6 0.467544 0.487283 0.011358 0.015247
6 0.541174 0.408458 0.011358 0.015247
6 0.614803 0.396158 0.011358 0.015247
6 0.688433 0.470690 0.011358 0.015247
6 0.762062 0.206193 0.011358 0.015247
6 0.835692 0.320366 0.011358 0.015247
6 0.909321 0.191627 0.011358 0.015247
6 0.982951 0.217232 0.011358 0.015247
3 0.099410 0.806891 0.011358 0.015247
3 0.209854 0.413859 0.011358 0.015247
3 0.320286 0.317743 0.011358 0.015247
3 0.430730 0.344489 0.011358 0.015247
3 0.541174 0.284353 0.011358 0.015247
3 0.651618 0.297283 0.011358 0.015247
3 0.762062 0.195273 0.011358 0.015247
3 0.872506 0.292291 0.011358 0.015247
3 0.982951 0.150843 0.011358 0.015247
5 0.099410 0.822768 0.011358 0.015247
5 0.209854 0.804983 0.011358 0.015247
5 0.320286 0.762206 0.011358 0.015247
5 0.430730 0.581440 0.011358 0.015247
5 0.541174 0.522223 0.011358 0.015247
5 0.651618 0.362206 0.011358 0.015247
5 0.762062 0.432888 0.011358 0.015247
5 0.872506 0.277641 0.011358 0.015247
5 0.982951 0.281797 0.011358 0.015247