2 0.130312 0.749137 0.013210 0.017726
2 0.189943 0.755034 0.013210 0.017726
2 0.249586 0.766692 0.013210 0.017726
2 0.309217 0.764487 0.013210 0.017726
2 0.368860 0.772145 0.013210 0.017726
2 0.428503 0.750265 0.013210 0.017726
2 0.488134 0.755342 0.013210 0.017726
2 0.547777 0.783188 0.013210 0.017726
2 0.607408 0.761701 0.013210 0.017726
2 0.667051 0.728573 0.013210 0.017726
2 0.726682 0.735786 0.013210 0.017726
2 0.786325 0.689803 0.013210 0.017726
2 0.845955 0.563171 0.013210 0.017726
2 0.905599 0.319940 0.013210 0.017726
2 0.965242 0.181513 0.013210 0.017726
0 0.130312 0.588538 0.013210 0.017726
0 0.185968 0.589923 0.013210 0.017726
0 0.241637 0.578949 0.013210 0.017726
0 0.297293 0.587957 0.013210 0.017726
0 0.352962 0.591735 0.013210 0.017726
0 0.408618 0.590966 0.013210 0.017726
0 0.464274 0.582179 0.013210 0.017726
0 0.519943 0.581188 0.013210 0.017726
0 0.575599 0.585256 0.013210 0.017726
0 0.631268 0.585462 0.013210 0.017726
0 0.686924 0.584162 0.013210 0.017726
0 0.742592 0.570145 0.013210 0.017726
0 0.798248 0.576761 0.013210 0.017726
0 0.853917 0.571838 0.013210 0.017726
0 0.909573 0.440778 0.013210 0.017726
0 0.965242 0.163017 0.013210 0.017726
3 0.130312 0.746009 0.013210 0.017726
3 0.249586 0.695051 0.013210 0.017726
3 0.368860 0.645974 0.013210 0.017726
3 0.488134 0.539530 0.013210 0.017726
3 0.607408 0.443034 0.013210 0.017726
3 0.726682 0.373769 0.013210 0.017726
3 0.845955 0.348932 0.013210 0.017726
3 0.965242 0.354932 0.013210 0.017726
7 0.130312 0.772214 0.013210 0.017726
7 0.206210 0.732333 0.013210 0.017726
7 0.282108 0.711684 0.013210 0.017726
7 0.358019 0.682333 0.013210 0.017726
7 0.433917 0.659769 0.013210 0.017726
7 0.509815 0.570128 0.013210 0.017726
7 0.585726 0.499103 0.013210 0.017726
7 0.661624 0.427462 0.013210 0.017726
7 0.737522 0.378231 0.013210 0.017726
7 0.813433 0.350880 0.013210 0.017726
7 0.889331 0.348419 0.013210 0.017726
7 0.965242 0.304333 0.013210 0.017726