0 0.089905 0.800754 0.012873 0.017237
0 0.267234 0.737636 0.012873 0.017237
0 0.444563 0.813195 0.012873 0.017237
0 0.621905 0.827466 0.012873 0.017237
0 0.799234 0.711686 0.012873 0.017237
0 0.976563 0.152653 0.012873 0.017237
4 0.089905 0.706093 0.012873 0.017237
4 0.216576 0.571246 0.012873 0.017237
4 0.343234 0.604008 0.012873 0.017237
4 0.469905 0.415144 0.012873 0.017237
4 0.596563 0.359076 0.012873 0.017237
4 0.723234 0.288110 0.012873 0.017237
4 0.849892 0.256602 0.012873 0.017237
4 0.976563 0.251686 0.012873 0.017237