3 0.087373 0.757229 0.015506 0.020763
3 0.162158 0.738280 0.015506 0.020763
3 0.236943 0.717568 0.015506 0.020763
3 0.311728 0.696297 0.015506 0.020763
3 0.386525 0.618144 0.015506 0.020763
3 0.461310 0.552161 0.015506 0.020763
3 0.536095 0.556737 0.015506 0.020763
3 0.610880 0.579314 0.015506 0.020763
3 0.685665 0.543958 0.015506 0.020763
3 0.760449 0.498568 0.015506 0.020763
3 0.835234 0.430076 0.015506 0.020763
3 0.910019 0.450093 0.015506 0.020763
3 0.984804 0.495195 0.015506 0.020763
2 0.087373 0.778619 0.015506 0.020763
2 0.215576 0.606297 0.015506 0.020763
2 0.343778 0.503466 0.015506 0.020763
2 0.471994 0.367449 0.015506 0.020763
2 0.600196 0.307551 0.015506 0.020763
2 0.728399 0.241500 0.015506 0.020763
2 0.856601 0.271229 0.015506 0.020763
2 0.984804 0.209331 0.015506 0.020763
6 0.087373 0.802669 0.015506 0.020763
6 0.215576 0.410585 0.015506 0.020763
6 0.343778 0.286449 0.015506 0.020763
6 0.471994 0.172907 0.015506 0.020763
6 0.600196 0.163585 0.015506 0.020763
6 0.728399 0.241907 0.015506 0.020763
6 0.856601 0.182636 0.015506 0.020763
6 0.984804 0.126958 0.015506 0.020763
0 0.087373 0.833839 0.015506 0.020763
0 0.187095 0.740483 0.015506 0.020763
0 0.286804 0.695619 0.015506 0.020763
0 0.386525 0.587856 0.015506 0.020763
0 0.486234 0.461737 0.015506 0.020763
0 0.585943 0.377551 0.015506 0.020763
0 0.685665 0.327212 0.015506 0.020763
0 0.785373 0.364551 0.015506 0.020763
0 0.885095 0.251483 0.015506 0.020763
0 0.984804 0.252398 0.015506 0.020763