2 0.090228 0.824305 0.010025 0.013424
2 0.201899 0.769949 0.010025 0.013424
2 0.313582 0.731627 0.010025 0.013424
2 0.425253 0.680695 0.010025 0.013424
2 0.536924 0.618847 0.010025 0.013424
2 0.648608 0.604000 0.010025 0.013424
2 0.760278 0.519136 0.010025 0.013424
2 0.871949 0.465475 0.010025 0.013424
2 0.983620 0.427237 0.010025 0.013424
3 0.090228 0.758458 0.010025 0.013424
3 0.171443 0.724186 0.010025 0.013424
3 0.252658 0.683610 0.010025 0.013424
3 0.333886 0.677186 0.010025 0.013424
3 0.415101 0.609458 0.010025 0.013424
3 0.496316 0.524169 0.010025 0.013424
3 0.577532 0.475068 0.010025 0.013424
3 0.658759 0.407169 0.010025 0.013424
3 0.739975 0.375305 0.010025 0.013424
3 0.821190 0.355424 0.010025 0.013424
3 0.902405 0.315763 0.010025 0.013424
3 0.983620 0.296983 0.010025 0.013424
1 0.090228 0.656424 0.010025 0.013424
1 0.179570 0.718898 0.010025 0.013424
1 0.268911 0.733780 0.010025 0.013424
1 0.358253 0.763763 0.010025 0.013424
1 0.447582 0.807593 0.010025 0.013424
1 0.536924 0.840780 0.010025 0.013424
1 0.626266 0.856881 0.010025 0.013424
1 0.715608 0.889153 0.010025 0.013424
1 0.804949 0.898864 0.010025 0.013424
1 0.894291 0.921559 0.010025 0.013424
1 0.983620 0.921559 0.010025 0.013424
0 0.090228 0.569712 0.010025 0.013424
0 0.189494 0.497525 0.010025 0.013424
0 0.288759 0.433678 0.010025 0.013424
0 0.388025 0.367983 0.010025 0.013424
0 0.487291 0.322644 0.010025 0.013424
0 0.586557 0.250729 0.010025 0.013424
0 0.685823 0.193661 0.010025 0.013424
0 0.785089 0.121373 0.010025 0.013424
0 0.884354 0.058203 0.010025 0.013424
0 0.983620 0.058203 0.010025 0.013424