7 0.106865 0.699218 0.017284 0.023163
7 0.179759 0.631412 0.017284 0.023163
7 0.252652 0.580102 0.017284 0.023163
7 0.325546 0.484371 0.017284 0.023163
7 0.398439 0.369201 0.017284 0.023163
7 0.471345 0.323810 0.017284 0.023163
7 0.544239 0.238112 0.017284 0.023163
7 0.617132 0.179269 0.017284 0.023163
7 0.690025 0.152330 0.017284 0.023163
7 0.762919 0.126497 0.017284 0.023163
7 0.835812 0.110969 0.017284 0.023163
7 0.908706 0.100595 0.017284 0.023163
7 0.981599 0.103929 0.017284 0.023163
0 0.106865 0.588282 0.017284 0.023163
0 0.252652 0.628112 0.017284 0.023163
0 0.398439 0.675272 0.017284 0.023163
0 0.544239 0.713248 0.017284 0.023163
0 0.690025 0.777381 0.017284 0.023163
0 0.835812 0.788963 0.017284 0.023163
0 0.981599 0.851037 0.017284 0.023163
5 0.106865 0.654966 0.017284 0.023163
5 0.252652 0.623418 0.017284 0.023163
5 0.398439 0.532075 0.017284 0.023163
5 0.544239 0.435578 0.017284 0.023163
5 0.690025 0.354558 0.017284 0.023163
5 0.835812 0.337483 0.017284 0.023163
5 0.981599 0.324286 0.017284 0.023163