1 0.107001 0.722709 0.016900 0.022658
1 0.230750 0.563288 0.016900 0.022658
1 0.354498 0.517359 0.016900 0.022658
1 0.478247 0.455945 0.016900 0.022658
1 0.601995 0.187019 0.016900 0.022658
1 0.725743 0.178688 0.016900 0.022658
1 0.849504 0.171227 0.016900 0.022658
1 0.973253 0.222436 0.016900 0.022658
5 0.107001 0.843237 0.016900 0.022658
5 0.230750 0.692947 0.016900 0.022658
5 0.354498 0.769591 0.016900 0.022658
5 0.478247 0.762232 0.016900 0.022658
5 0.601995 0.815094 0.016900 0.022658
5 0.725743 0.753765 0.016900 0.022658
5 0.849504 0.671175 0.016900 0.022658
5 0.973253 0.262964 0.016900 0.022658
7 0.107001 0.741840 0.016900 0.022658
7 0.203253 0.787530 0.016900 0.022658
7 0.299504 0.673765 0.016900 0.022658
7 0.395756 0.849353 0.016900 0.022658
7 0.491995 0.888211 0.016900 0.022658
7 0.588247 0.801874 0.016900 0.022658
7 0.684498 0.579693 0.016900 0.022658
7 0.780750 0.810511 0.016900 0.022658
7 0.877001 0.574753 0.016900 0.022658
7 0.973253 0.243612 0.016900 0.022658
0 0.107001 0.767530 0.016900 0.022658
0 0.251372 0.818228 0.016900 0.022658
0 0.395756 0.805673 0.016900 0.022658
0 0.540127 0.767428 0.016900 0.022658
0 0.684498 0.768773 0.016900 0.022658
0 0.828869 0.724242 0.016900 0.022658
0 0.973253 0.239302 0.016900 0.022658