0 0.095412 0.586186 0.011128 0.014881
0 0.205450 0.608678 0.011128 0.014881
0 0.315501 0.659271 0.011128 0.014881
0 0.425539 0.499983 0.011128 0.014881
0 0.535589 0.662831 0.011128 0.014881
0 0.645627 0.646068 0.011128 0.014881
0 0.755678 0.588661 0.011128 0.014881
0 0.865729 0.606237 0.011128 0.014881
0 0.975767 0.172424 0.011128 0.014881
4 0.095412 0.870542 0.011128 0.014881
4 0.193219 0.777729 0.011128 0.014881
4 0.291039 0.784492 0.011128 0.014881
4 0.388859 0.749661 0.011128 0.014881
4 0.486679 0.682661 0.011128 0.014881
4 0.584499 0.538797 0.011128 0.014881
4 0.682319 0.478831 0.011128 0.014881
4 0.780127 0.348136 0.011128 0.014881
4 0.877947 0.183186 0.011128 0.014881
4 0.975767 0.146593 0.011128 0.014881