6 0.087380 0.914305 0.014456 0.019356
6 0.151481 0.644068 0.014456 0.019356
6 0.215582 0.605864 0.014456 0.019356
6 0.279684 0.683373 0.014456 0.019356
6 0.343785 0.559458 0.014456 0.019356
6 0.407886 0.490203 0.014456 0.019356
6 0.472000 0.337034 0.014456 0.019356
6 0.536101 0.420610 0.014456 0.019356
6 0.600203 0.254644 0.014456 0.019356
6 0.664304 0.231169 0.014456 0.019356
6 0.728405 0.372525 0.014456 0.019356
6 0.792506 0.372220 0.014456 0.019356
6 0.856608 0.128627 0.014456 0.019356
6 0.920709 0.429847 0.014456 0.019356
6 0.984810 0.315576 0.014456 0.019356
2 0.087380 0.734407 0.014456 0.019356
2 0.187089 0.557593 0.014456 0.019356
2 0.286810 0.507983 0.014456 0.019356
2 0.386519 0.695322 0.014456 0.019356
2 0.486241 0.635000 0.014456 0.019356
2 0.585949 0.595542 0.014456 0.019356
2 0.685671 0.572373 0.014456 0.019356
2 0.785380 0.515271 0.014456 0.019356
2 0.885101 0.361000 0.014456 0.019356
2 0.984810 0.445051 0.014456 0.019356
3 0.087380 0.717356 0.014456 0.019356
3 0.168962 0.817729 0.014456 0.019356
3 0.250544 0.724017 0.014456 0.019356
3 0.332139 0.589831 0.014456 0.019356
3 0.413722 0.585186 0.014456 0.019356
3 0.495304 0.484593 0.014456 0.019356
3 0.576886 0.444458 0.014456 0.019356
3 0.658468 0.387407 0.014456 0.019356
3 0.740063 0.299288 0.014456 0.019356
3 0.821646 0.421153 0.014456 0.019356
3 0.903228 0.326712 0.014456 0.019356
3 0.984810 0.287136 0.014456 0.019356
5 0.087380 0.775678 0.014456 0.019356
5 0.162165 0.797305 0.014456 0.019356
5 0.236949 0.671576 0.014456 0.019356
5 0.311734 0.719966 0.014456 0.019356
5 0.386519 0.662390 0.014456 0.019356
5 0.461316 0.631339 0.014456 0.019356
5 0.536101 0.510898 0.014456 0.019356
5 0.610886 0.497322 0.014456 0.019356
5 0.685671 0.258186 0.014456 0.019356
5 0.760456 0.442983 0.014456 0.019356
5 0.835241 0.423508 0.014456 0.019356
5 0.910025 0.323017 0.014456 0.019356
5 0.984810 0.271881 0.014456 0.019356
0 0.087380 0.629288 0.014456 0.019356
0 0.177127 0.462407 0.014456 0.019356
0 0.266861 0.687576 0.014456 0.019356
0 0.356608 0.706169 0.014456 0.019356
0 0.446354 0.709508 0.014456 0.019356
0 0.536101 0.611983 0.014456 0.019356
0 0.625835 0.702441 0.014456 0.019356
0 0.715582 0.548407 0.014456 0.019356
0 0.805329 0.653254 0.014456 0.019356
0 0.895076 0.714525 0.014456 0.019356
0 0.984810 0.661729 0.014456 0.019356
1 0.087380 0.677763 0.014456 0.019356
1 0.143468 0.625593 0.014456 0.019356
1 0.199557 0.516492 0.014456 0.019356
1 0.255646 0.557424 0.014456 0.019356
1 0.311734 0.658271 0.014456 0.019356
1 0.367823 0.704322 0.014456 0.019356
1 0.423911 0.682237 0.014456 0.019356
1 0.480013 0.620661 0.014456 0.019356
1 0.536101 0.538814 0.014456 0.019356
1 0.592190 0.513746 0.014456 0.019356
1 0.648278 0.640322 0.014456 0.019356
1 0.704367 0.554017 0.014456 0.019356
1 0.760456 0.604847 0.014456 0.019356
1 0.816544 0.513814 0.014456 0.019356
1 0.872633 0.709102 0.014456 0.019356
1 0.928722 0.574627 0.014456 0.019356
1 0.984810 0.688220 0.014456 0.019356