0 0.091487 0.634636 0.013076 0.017508
0 0.165829 0.495771 0.013076 0.017508
0 0.240184 0.624246 0.013076 0.017508
0 0.314525 0.433161 0.013076 0.017508
0 0.388867 0.479415 0.013076 0.017508
0 0.463209 0.323737 0.013076 0.017508
0 0.537551 0.366144 0.013076 0.017508
0 0.611905 0.414280 0.013076 0.017508
0 0.686247 0.362737 0.013076 0.017508
0 0.760589 0.285534 0.013076 0.017508
0 0.834930 0.318076 0.013076 0.017508
0 0.909272 0.256449 0.013076 0.017508
0 0.983627 0.176653 0.013076 0.017508
3 0.091487 0.689602 0.013076 0.017508
3 0.240184 0.656144 0.013076 0.017508
3 0.388867 0.686195 0.013076 0.017508
3 0.537551 0.442924 0.013076 0.017508
3 0.686247 0.538585 0.013076 0.017508
3 0.834930 0.462653 0.013076 0.017508
3 0.983627 0.208059 0.013076 0.017508
1 0.091487 0.631686 0.013076 0.017508
1 0.180703 0.663127 0.013076 0.017508
1 0.269918 0.602093 0.013076 0.017508
1 0.359133 0.573636 0.013076 0.017508
1 0.448348 0.558686 0.013076 0.017508
1 0.537551 0.321517 0.013076 0.017508
1 0.626766 0.187975 0.013076 0.017508
1 0.715981 0.197534 0.013076 0.017508
1 0.805196 0.164025 0.013076 0.017508
1 0.894411 0.211432 0.013076 0.017508
1 0.983627 0.164941 0.013076 0.017508
4 0.091487 0.844924 0.013076 0.017508
4 0.218943 0.441110 0.013076 0.017508
4 0.346386 0.305415 0.013076 0.017508
4 0.473829 0.120500 0.013076 0.017508
4 0.601285 0.093737 0.013076 0.017508
4 0.728728 0.229890 0.013076 0.017508
4 0.856171 0.208127 0.013076 0.017508
4 0.983627 0.069534 0.013076 0.017508
6 0.091487 0.909415 0.013076 0.017508
6 0.203006 0.486263 0.013076 0.017508
6 0.314525 0.373788 0.013076 0.017508
6 0.426044 0.252093 0.013076 0.017508
6 0.537551 0.120788 0.013076 0.017508
6 0.649070 0.293263 0.013076 0.017508
6 0.760589 0.333534 0.013076 0.017508
6 0.872108 0.234653 0.013076 0.017508
6 0.983627 0.162093 0.013076 0.017508