7 0.091487 0.782873 0.014494 0.019407
7 0.180703 0.481517 0.014494 0.019407
7 0.269918 0.319398 0.014494 0.019407
7 0.359133 0.231737 0.014494 0.019407
7 0.448348 0.201246 0.014494 0.019407
7 0.537563 0.184568 0.014494 0.019407
7 0.626766 0.180636 0.014494 0.019407
7 0.715981 0.162941 0.014494 0.019407
7 0.805196 0.162788 0.014494 0.019407
7 0.894411 0.161127 0.014494 0.019407
7 0.983627 0.155466 0.014494 0.019407
2 0.091487 0.689466 0.014494 0.019407
2 0.190614 0.672449 0.014494 0.019407
2 0.289741 0.660263 0.014494 0.019407
2 0.388867 0.612195 0.014494 0.019407
2 0.487994 0.567975 0.014494 0.019407
2 0.587120 0.536568 0.014494 0.019407
2 0.686247 0.544941 0.014494 0.019407
2 0.785373 0.474280 0.014494 0.019407
2 0.884500 0.449737 0.014494 0.019407
2 0.983627 0.405839 0.014494 0.019407
6 0.091487 0.797517 0.014494 0.019407
6 0.203006 0.504568 0.014494 0.019407
6 0.314525 0.333992 0.014494 0.019407
6 0.426044 0.246839 0.014494 0.019407
6 0.537563 0.196483 0.014494 0.019407
6 0.649070 0.190636 0.014494 0.019407
6 0.760589 0.168737 0.014494 0.019407
6 0.872108 0.166059 0.014494 0.019407
6 0.983627 0.169856 0.014494 0.019407