7 0.115749 0.812658 0.013528 0.018160
7 0.210355 0.807376 0.013528 0.018160
7 0.304975 0.768348 0.013528 0.018160
7 0.399581 0.751908 0.013528 0.018160
7 0.494201 0.784787 0.013528 0.018160
7 0.588820 0.731210 0.013528 0.018160
7 0.683426 0.797291 0.013528 0.018160
7 0.778046 0.722606 0.013528 0.018160
7 0.872652 0.447070 0.013528 0.018160
7 0.967272 0.213356 0.013528 0.018160
0 0.115749 0.693186 0.013528 0.018160
0 0.222183 0.583271 0.013528 0.018160
0 0.328629 0.438910 0.013528 0.018160
0 0.435063 0.408790 0.013528 0.018160
0 0.541510 0.263220 0.013528 0.018160
0 0.647944 0.246917 0.013528 0.018160
0 0.754391 0.231806 0.013528 0.018160
0 0.860825 0.166048 0.013528 0.018160
0 0.967272 0.206082 0.013528 0.018160