7 0.112719 0.585298 0.012884 0.017274
7 0.208069 0.643867 0.012884 0.017274
7 0.303431 0.595826 0.012884 0.017274
7 0.398780 0.577564 0.012884 0.017274
7 0.494130 0.572436 0.012884 0.017274
7 0.589492 0.486865 0.012884 0.017274
7 0.684841 0.579830 0.012884 0.017274
7 0.780203 0.553969 0.012884 0.017274
7 0.875553 0.604480 0.012884 0.017274
7 0.970902 0.888501 0.012884 0.017274
2 0.112719 0.716951 0.012884 0.017274
2 0.208069 0.713663 0.012884 0.017274
2 0.303431 0.601806 0.012884 0.017274
2 0.398780 0.600886 0.012884 0.017274
2 0.494130 0.558893 0.012884 0.017274
2 0.589492 0.499455 0.012884 0.017274
2 0.684841 0.368501 0.012884 0.017274
2 0.780203 0.341431 0.012884 0.017274
2 0.875553 0.278313 0.012884 0.017274
2 0.970902 0.320017 0.012884 0.017274
5 0.112719 0.693884 0.012884 0.017274
5 0.198539 0.724191 0.012884 0.017274
5 0.284358 0.669932 0.012884 0.017274
5 0.370178 0.657274 0.012884 0.017274
5 0.455997 0.573135 0.012884 0.017274
5 0.541817 0.547445 0.012884 0.017274
5 0.627637 0.404242 0.012884 0.017274
5 0.713443 0.322368 0.012884 0.017274
5 0.799263 0.229046 0.012884 0.017274
5 0.885083 0.219847 0.012884 0.017274
5 0.970902 0.160647 0.012884 0.017274
4 0.112719 0.732164 0.012884 0.017274
4 0.178729 0.833083 0.012884 0.017274
4 0.244752 0.774549 0.012884 0.017274
4 0.310762 0.790613 0.012884 0.017274
4 0.376773 0.806320 0.012884 0.017274
4 0.442795 0.762419 0.012884 0.017274
4 0.508806 0.802419 0.012884 0.017274
4 0.574816 0.815656 0.012884 0.017274
4 0.640839 0.820256 0.012884 0.017274
4 0.706849 0.757411 0.012884 0.017274
4 0.772859 0.759710 0.012884 0.017274
4 0.838882 0.513152 0.012884 0.017274
4 0.904892 0.218296 0.012884 0.017274
4 0.970902 0.192419 0.012884 0.017274
3 0.112719 0.820767 0.012884 0.017274
3 0.198539 0.814923 0.012884 0.017274
3 0.284358 0.792164 0.012884 0.017274
3 0.370178 0.725060 0.012884 0.017274
3 0.455997 0.752709 0.012884 0.017274
3 0.541817 0.749182 0.012884 0.017274
3 0.627637 0.806286 0.012884 0.017274
3 0.713443 0.714532 0.012884 0.017274
3 0.799263 0.705026 0.012884 0.017274
3 0.885083 0.563271 0.012884 0.017274
3 0.970902 0.249642 0.012884 0.017274
0 0.112719 0.735298 0.012884 0.017274
0 0.190737 0.810290 0.012884 0.017274
0 0.268755 0.721993 0.012884 0.017274
0 0.346773 0.657257 0.012884 0.017274
0 0.424790 0.698365 0.012884 0.017274
0 0.502808 0.670562 0.012884 0.017274
0 0.580826 0.549523 0.012884 0.017274
0 0.658844 0.601721 0.012884 0.017274
0 0.736849 0.518245 0.012884 0.017274
0 0.814867 0.401329 0.012884 0.017274
0 0.892884 0.366542 0.012884 0.017274
0 0.970902 0.314140 0.012884 0.017274