0 0.087380 0.791305 0.009848 0.013186
0 0.146658 0.799254 0.009848 0.013186
0 0.205937 0.789237 0.009848 0.013186
0 0.265215 0.804678 0.009848 0.013186
0 0.324494 0.781644 0.009848 0.013186
0 0.383772 0.813305 0.009848 0.013186
0 0.443051 0.778271 0.009848 0.013186
0 0.502329 0.812932 0.009848 0.013186
0 0.561608 0.810695 0.009848 0.013186
0 0.620886 0.779576 0.009848 0.013186
0 0.680165 0.795915 0.009848 0.013186
0 0.739443 0.789390 0.009848 0.013186
0 0.798722 0.766763 0.009848 0.013186
0 0.858000 0.685169 0.009848 0.013186
0 0.917278 0.491169 0.009848 0.013186
0 0.976557 0.258983 0.009848 0.013186
5 0.087380 0.794864 0.009848 0.013186
5 0.146658 0.811407 0.009848 0.013186
5 0.205937 0.783322 0.009848 0.013186
5 0.265215 0.784102 0.009848 0.013186
5 0.324494 0.807441 0.009848 0.013186
5 0.383772 0.776407 0.009848 0.013186
5 0.443051 0.797576 0.009848 0.013186
5 0.502329 0.795847 0.009848 0.013186
5 0.561608 0.795051 0.009848 0.013186
5 0.620886 0.781356 0.009848 0.013186
5 0.680165 0.779136 0.009848 0.013186
5 0.739443 0.759254 0.009848 0.013186
5 0.798722 0.721492 0.009848 0.013186
5 0.858000 0.562169 0.009848 0.013186
5 0.917278 0.308797 0.009848 0.013186
5 0.976557 0.174322 0.009848 0.013186
3 0.087380 0.835763 0.009848 0.013186
3 0.150886 0.855847 0.009848 0.013186
3 0.214405 0.839051 0.009848 0.013186
3 0.277911 0.833407 0.009848 0.013186
3 0.341430 0.829288 0.009848 0.013186
3 0.404949 0.839678 0.009848 0.013186
3 0.468456 0.835153 0.009848 0.013186
3 0.531975 0.833661 0.009848 0.013186
3 0.595481 0.819322 0.009848 0.013186
3 0.659000 0.835780 0.009848 0.013186
3 0.722506 0.830085 0.009848 0.013186
3 0.786025 0.840678 0.009848 0.013186
3 0.849532 0.825220 0.009848 0.013186
3 0.913051 0.855305 0.009848 0.013186
3 0.976557 0.853339 0.009848 0.013186
1 0.087380 0.733661 0.009848 0.013186
1 0.161481 0.748729 0.009848 0.013186
1 0.235570 0.723712 0.009848 0.013186
1 0.309671 0.706881 0.009848 0.013186
1 0.383772 0.728695 0.009848 0.013186
1 0.457873 0.683424 0.009848 0.013186
1 0.531975 0.647763 0.009848 0.013186
1 0.606063 0.555068 0.009848 0.013186
1 0.680165 0.502237 0.009848 0.013186
1 0.754266 0.431695 0.009848 0.013186
1 0.828367 0.391339 0.009848 0.013186
1 0.902468 0.328610 0.009848 0.013186
1 0.976557 0.272966 0.009848 0.013186