2 0.106366 0.718756 0.011080 0.014855
2 0.192821 0.665060 0.011080 0.014855
2 0.279276 0.603203 0.011080 0.014855
2 0.365731 0.542521 0.011080 0.014855
2 0.452186 0.459761 0.011080 0.014855
2 0.538640 0.355077 0.011080 0.014855
2 0.625095 0.300307 0.011080 0.014855
2 0.711537 0.341193 0.011080 0.014855
2 0.797992 0.253322 0.011080 0.014855
2 0.884447 0.234412 0.011080 0.014855
2 0.970902 0.278569 0.011080 0.014855
1 0.106366 0.669267 0.011080 0.014855
1 0.202427 0.741976 0.011080 0.014855
1 0.298488 0.724991 0.011080 0.014855
1 0.394549 0.676405 0.011080 0.014855
1 0.490610 0.709625 0.011080 0.014855
1 0.586671 0.710119 0.011080 0.014855
1 0.682732 0.663475 0.011080 0.014855
1 0.778780 0.678007 0.011080 0.014855
1 0.874841 0.651414 0.011080 0.014855
1 0.970902 0.587615 0.011080 0.014855
5 0.106366 0.674293 0.011080 0.014855
5 0.192821 0.676695 0.011080 0.014855
5 0.279276 0.726457 0.011080 0.014855
5 0.365731 0.702845 0.011080 0.014855
5 0.452186 0.593220 0.011080 0.014855
5 0.538640 0.515434 0.011080 0.014855
5 0.625095 0.427002 0.011080 0.014855
5 0.711537 0.336065 0.011080 0.014855
5 0.797992 0.372266 0.011080 0.014855
5 0.884447 0.290324 0.011080 0.014855
5 0.970902 0.325451 0.011080 0.014855
3 0.106366 0.756218 0.011080 0.014855
3 0.192821 0.739676 0.011080 0.014855
3 0.279276 0.734003 0.011080 0.014855
3 0.365731 0.771567 0.011080 0.014855
3 0.452186 0.803595 0.011080 0.014855
3 0.538640 0.779063 0.011080 0.014855
3 0.625095 0.745690 0.011080 0.014855
3 0.711537 0.693441 0.011080 0.014855
3 0.797992 0.667564 0.011080 0.014855
3 0.884447 0.287359 0.011080 0.014855
3 0.970902 0.176491 0.011080 0.014855