6 0.087380 0.681322 0.012051 0.016136
6 0.198532 0.644220 0.012051 0.016136
6 0.309671 0.611678 0.012051 0.016136
6 0.420823 0.586492 0.012051 0.016136
6 0.531975 0.488339 0.012051 0.016136
6 0.643114 0.406186 0.012051 0.016136
6 0.754266 0.375203 0.012051 0.016136
6 0.865418 0.298051 0.012051 0.016136
6 0.976557 0.310254 0.012051 0.016136
5 0.087380 0.641288 0.012051 0.016136
5 0.176291 0.639254 0.012051 0.016136
5 0.265215 0.606644 0.012051 0.016136
5 0.354127 0.642000 0.012051 0.016136
5 0.443051 0.620763 0.012051 0.016136
5 0.531975 0.644254 0.012051 0.016136
5 0.620886 0.571508 0.012051 0.016136
5 0.709810 0.617508 0.012051 0.016136
5 0.798722 0.655983 0.012051 0.016136
5 0.887646 0.628373 0.012051 0.016136
5 0.976557 0.325797 0.012051 0.016136
1 0.087380 0.757678 0.012051 0.016136
1 0.176291 0.818627 0.012051 0.016136
1 0.265215 0.855271 0.012051 0.016136
1 0.354127 0.907017 0.012051 0.016136
1 0.443051 0.837153 0.012051 0.016136
1 0.531975 0.803881 0.012051 0.016136
1 0.620886 0.783932 0.012051 0.016136
1 0.709810 0.786695 0.012051 0.016136
1 0.798722 0.807712 0.012051 0.016136
1 0.887646 0.815424 0.012051 0.016136
1 0.976557 0.846475 0.012051 0.016136
2 0.087380 0.631949 0.012051 0.016136
2 0.214405 0.702203 0.012051 0.016136
2 0.341430 0.520814 0.012051 0.016136
2 0.468456 0.393373 0.012051 0.016136
2 0.595481 0.375237 0.012051 0.016136
2 0.722506 0.338017 0.012051 0.016136
2 0.849532 0.251186 0.012051 0.016136
2 0.976557 0.299746 0.012051 0.016136