5 0.091603 0.706720 0.013118 0.017542
5 0.159626 0.822314 0.013118 0.017542
5 0.227636 0.753042 0.013118 0.017542
5 0.295646 0.796737 0.013118 0.017542
5 0.363657 0.781958 0.013118 0.017542
5 0.431667 0.856619 0.013118 0.017542
5 0.499689 0.813788 0.013118 0.017542
5 0.567700 0.788059 0.013118 0.017542
5 0.635710 0.821025 0.013118 0.017542
5 0.703720 0.846110 0.013118 0.017542
5 0.771730 0.825686 0.013118 0.017542
5 0.839740 0.749110 0.013118 0.017542
5 0.907763 0.656297 0.013118 0.017542
5 0.975773 0.413381 0.013118 0.017542
2 0.091603 0.744415 0.013118 0.017542
2 0.165292 0.713619 0.013118 0.017542
2 0.238967 0.904958 0.013118 0.017542
2 0.312655 0.801093 0.013118 0.017542
2 0.386331 0.816856 0.013118 0.017542
2 0.460006 0.803602 0.013118 0.017542
2 0.533695 0.755839 0.013118 0.017542
2 0.607370 0.817551 0.013118 0.017542
2 0.681046 0.836839 0.013118 0.017542
2 0.754734 0.702737 0.013118 0.017542
2 0.828409 0.579229 0.013118 0.017542
2 0.902098 0.232907 0.013118 0.017542
2 0.975773 0.149771 0.013118 0.017542