5 0.132975 0.774316 0.014484 0.019436
5 0.225446 0.772692 0.014484 0.019436
5 0.317917 0.751547 0.014484 0.019436
5 0.410389 0.758897 0.014484 0.019436
5 0.502873 0.775120 0.014484 0.019436
5 0.595344 0.774863 0.014484 0.019436
5 0.687815 0.777855 0.014484 0.019436
5 0.780287 0.729530 0.014484 0.019436
5 0.872758 0.523667 0.014484 0.019436
5 0.965229 0.232778 0.014484 0.019436
4 0.132975 0.778641 0.014484 0.019436
4 0.251866 0.790521 0.014484 0.019436
4 0.370758 0.737513 0.014484 0.019436
4 0.489662 0.661462 0.014484 0.019436
4 0.608554 0.585325 0.014484 0.019436
4 0.727446 0.460521 0.014484 0.019436
4 0.846338 0.390316 0.014484 0.019436
4 0.965229 0.348248 0.014484 0.019436
7 0.132975 0.667889 0.014484 0.019436
7 0.237013 0.619752 0.014484 0.019436
7 0.341038 0.537291 0.014484 0.019436
7 0.445076 0.440556 0.014484 0.019436
7 0.549102 0.357872 0.014484 0.019436
7 0.653140 0.319188 0.014484 0.019436
7 0.757166 0.288932 0.014484 0.019436
7 0.861204 0.267940 0.014484 0.019436
7 0.965229 0.236897 0.014484 0.019436
1 0.132975 0.777410 0.014484 0.019436
1 0.216197 0.754812 0.014484 0.019436
1 0.299420 0.763376 0.014484 0.019436
1 0.382656 0.774214 0.014484 0.019436
1 0.465879 0.764385 0.014484 0.019436
1 0.549102 0.754624 0.014484 0.019436
1 0.632325 0.757906 0.014484 0.019436
1 0.715561 0.770504 0.014484 0.019436
1 0.798783 0.727735 0.014484 0.019436
1 0.882006 0.575291 0.014484 0.019436
1 0.965229 0.258419 0.014484 0.019436
3 0.132975 0.782932 0.014484 0.019436
3 0.225446 0.749684 0.014484 0.019436
3 0.317917 0.726436 0.014484 0.019436
3 0.410389 0.669718 0.014484 0.019436
3 0.502873 0.582470 0.014484 0.019436
3 0.595344 0.480709 0.014484 0.019436
3 0.687815 0.399274 0.014484 0.019436
3 0.780287 0.335684 0.014484 0.019436
3 0.872758 0.306248 0.014484 0.019436
3 0.965229 0.284812 0.014484 0.019436
6 0.132975 0.733325 0.014484 0.019436
6 0.237013 0.695821 0.014484 0.019436
6 0.341038 0.630077 0.014484 0.019436
6 0.445076 0.556128 0.014484 0.019436
6 0.549102 0.470436 0.014484 0.019436
6 0.653140 0.411513 0.014484 0.019436
6 0.757166 0.338060 0.014484 0.019436
6 0.861204 0.339906 0.014484 0.019436
6 0.965229 0.319376 0.014484 0.019436