7 0.083530 0.827415 0.015475 0.020695
7 0.158828 0.810754 0.015475 0.020695
7 0.234138 0.650008 0.015475 0.020695
7 0.309436 0.599093 0.015475 0.020695
7 0.384747 0.588653 0.015475 0.020695
7 0.460044 0.452941 0.015475 0.020695
7 0.535355 0.493839 0.015475 0.020695
7 0.610653 0.403568 0.015475 0.020695
7 0.685951 0.365907 0.015475 0.020695
7 0.761261 0.306178 0.015475 0.020695
7 0.836559 0.362602 0.015475 0.020695
7 0.911869 0.291280 0.015475 0.020695
7 0.987167 0.367297 0.015475 0.020695
0 0.083530 0.787653 0.015475 0.020695
0 0.165684 0.701110 0.015475 0.020695
0 0.247826 0.672941 0.015475 0.020695
0 0.329981 0.616805 0.015475 0.020695
0 0.412123 0.465771 0.015475 0.020695
0 0.494278 0.389263 0.015475 0.020695
0 0.576420 0.235161 0.015475 0.020695
0 0.658574 0.147873 0.015475 0.020695
0 0.740716 0.148602 0.015475 0.020695
0 0.822871 0.094839 0.015475 0.020695
0 0.905025 0.102822 0.015475 0.020695
0 0.987167 0.077602 0.015475 0.020695
1 0.083530 0.675381 0.015475 0.020695
1 0.212617 0.715788 0.015475 0.020695
1 0.341717 0.585381 0.015475 0.020695
1 0.470805 0.523415 0.015475 0.020695
1 0.599892 0.573093 0.015475 0.020695
1 0.728992 0.495059 0.015475 0.020695
1 0.858080 0.374364 0.015475 0.020695
1 0.987167 0.374008 0.015475 0.020695
3 0.083530 0.827958 0.015475 0.020695
3 0.158828 0.601212 0.015475 0.020695
3 0.234138 0.473653 0.015475 0.020695
3 0.309436 0.392500 0.015475 0.020695
3 0.384747 0.317127 0.015475 0.020695
3 0.460044 0.269788 0.015475 0.020695
3 0.535355 0.343568 0.015475 0.020695
3 0.610653 0.208314 0.015475 0.020695
3 0.685951 0.218517 0.015475 0.020695
3 0.761261 0.160653 0.015475 0.020695
3 0.836559 0.181466 0.015475 0.020695
3 0.911869 0.204025 0.015475 0.020695
3 0.987167 0.149653 0.015475 0.020695