7 0.087373 0.728703 0.010089 0.013508
7 0.161475 0.818195 0.010089 0.013508
7 0.235576 0.830297 0.010089 0.013508
7 0.309677 0.807551 0.010089 0.013508
7 0.383766 0.835534 0.010089 0.013508
7 0.457867 0.776619 0.010089 0.013508
7 0.531968 0.801059 0.010089 0.013508
7 0.606070 0.800331 0.010089 0.013508
7 0.680158 0.871873 0.010089 0.013508
7 0.754259 0.786246 0.010089 0.013508
7 0.828361 0.852839 0.010089 0.013508
7 0.902462 0.744805 0.010089 0.013508
7 0.976563 0.481314 0.010089 0.013508
2 0.087373 0.772805 0.010089 0.013508
2 0.161475 0.811737 0.010089 0.013508
2 0.235576 0.806144 0.010089 0.013508
2 0.309677 0.801144 0.010089 0.013508
2 0.383766 0.808585 0.010089 0.013508
2 0.457867 0.808958 0.010089 0.013508
2 0.531968 0.811246 0.010089 0.013508
2 0.606070 0.733127 0.010089 0.013508
2 0.680158 0.757432 0.010089 0.013508
2 0.754259 0.740381 0.010089 0.013508
2 0.828361 0.697822 0.010089 0.013508
2 0.902462 0.471924 0.010089 0.013508
2 0.976563 0.155941 0.010089 0.013508
1 0.087373 0.725500 0.010089 0.013508
1 0.161475 0.745483 0.010089 0.013508
1 0.235576 0.769178 0.010089 0.013508
1 0.309677 0.767415 0.010089 0.013508
1 0.383766 0.789585 0.010089 0.013508
1 0.457867 0.677110 0.010089 0.013508
1 0.531968 0.683500 0.010089 0.013508
1 0.606070 0.622585 0.010089 0.013508
1 0.680158 0.554076 0.010089 0.013508
1 0.754259 0.538178 0.010089 0.013508
1 0.828361 0.404941 0.010089 0.013508
1 0.902462 0.407636 0.010089 0.013508
1 0.976563 0.350144 0.010089 0.013508
3 0.087373 0.627534 0.010089 0.013508
3 0.161475 0.549415 0.010089 0.013508
3 0.235576 0.634517 0.010089 0.013508
3 0.309677 0.641941 0.010089 0.013508
3 0.383766 0.670297 0.010089 0.013508
3 0.457867 0.644720 0.010089 0.013508
3 0.531968 0.568975 0.010089 0.013508
3 0.606070 0.564398 0.010089 0.013508
3 0.680158 0.590720 0.010089 0.013508
3 0.754259 0.594263 0.010089 0.013508
3 0.828361 0.603686 0.010089 0.013508
3 0.902462 0.529093 0.010089 0.013508
3 0.976563 0.249229 0.010089 0.013508