2 0.097506 0.787983 0.015646 0.020949
2 0.208127 0.448034 0.015646 0.020949
2 0.318759 0.315847 0.015646 0.020949
2 0.429380 0.251407 0.015646 0.020949
2 0.540013 0.182288 0.015646 0.020949
2 0.650633 0.180712 0.015646 0.020949
2 0.761266 0.170915 0.015646 0.020949
2 0.871886 0.181458 0.015646 0.020949
2 0.982519 0.166644 0.015646 0.020949
4 0.097506 0.824542 0.015646 0.020949
4 0.208127 0.780119 0.015646 0.020949
4 0.318759 0.733915 0.015646 0.020949
4 0.429380 0.676136 0.015646 0.020949
4 0.540013 0.571508 0.015646 0.020949
4 0.650633 0.437780 0.015646 0.020949
4 0.761266 0.337051 0.015646 0.020949
4 0.871886 0.275864 0.015646 0.020949
4 0.982519 0.282203 0.015646 0.020949
5 0.097506 0.560102 0.015646 0.020949
5 0.186000 0.488881 0.015646 0.020949
5 0.274506 0.466356 0.015646 0.020949
5 0.363000 0.389949 0.015646 0.020949
5 0.451506 0.359525 0.015646 0.020949
5 0.540013 0.295305 0.015646 0.020949
5 0.628506 0.260407 0.015646 0.020949
5 0.717013 0.208661 0.015646 0.020949
5 0.805506 0.169983 0.015646 0.020949
5 0.894013 0.136678 0.015646 0.020949
5 0.982519 0.089797 0.015646 0.020949
1 0.097506 0.694102 0.015646 0.020949
1 0.223937 0.672373 0.015646 0.020949
1 0.350367 0.642237 0.015646 0.020949
1 0.476797 0.554068 0.015646 0.020949
1 0.603228 0.448864 0.015646 0.020949
1 0.729658 0.328407 0.015646 0.020949
1 0.856089 0.254847 0.015646 0.020949
1 0.982519 0.232492 0.015646 0.020949
6 0.097506 0.770102 0.015646 0.020949
6 0.223937 0.714305 0.015646 0.020949
6 0.350367 0.665983 0.015646 0.020949
6 0.476797 0.588441 0.015646 0.020949
6 0.603228 0.523203 0.015646 0.020949
6 0.729658 0.425525 0.015646 0.020949
6 0.856089 0.393864 0.015646 0.020949
6 0.982519 0.300441 0.015646 0.020949