5 0.127879 0.758282 0.016369 0.021966
5 0.232911 0.763769 0.016369 0.021966
5 0.337955 0.763103 0.016369 0.021966
5 0.442987 0.747769 0.016369 0.021966
5 0.548019 0.754556 0.016369 0.021966
5 0.653064 0.764880 0.016369 0.021966
5 0.758096 0.750145 0.016369 0.021966
5 0.863127 0.579222 0.016369 0.021966
5 0.968172 0.193957 0.016369 0.021966
7 0.127879 0.746453 0.016369 0.021966
7 0.204261 0.741410 0.016369 0.021966
7 0.280656 0.758453 0.016369 0.021966
7 0.357051 0.749769 0.016369 0.021966
7 0.433433 0.759940 0.016369 0.021966
7 0.509828 0.759325 0.016369 0.021966
7 0.586223 0.770795 0.016369 0.021966
7 0.662605 0.759632 0.016369 0.021966
7 0.739000 0.745325 0.016369 0.021966
7 0.815395 0.680692 0.016369 0.021966
7 0.891777 0.441034 0.016369 0.021966
7 0.968172 0.172179 0.016369 0.021966
0 0.127879 0.612214 0.016369 0.021966
0 0.247917 0.652778 0.016369 0.021966
0 0.367955 0.631085 0.016369 0.021966
0 0.488006 0.628573 0.016369 0.021966
0 0.608045 0.633940 0.016369 0.021966
0 0.728083 0.607103 0.016369 0.021966
0 0.848134 0.615222 0.016369 0.021966
0 0.968172 0.445940 0.016369 0.021966
6 0.127879 0.740521 0.016369 0.021966
6 0.247917 0.756145 0.016369 0.021966
6 0.367955 0.752675 0.016369 0.021966
6 0.488006 0.756197 0.016369 0.021966
6 0.608045 0.757701 0.016369 0.021966
6 0.728083 0.757256 0.016369 0.021966
6 0.848134 0.609000 0.016369 0.021966
6 0.968172 0.177222 0.016369 0.021966
4 0.127879 0.772624 0.016369 0.021966
4 0.221242 0.760043 0.016369 0.021966
4 0.314605 0.747650 0.016369 0.021966
4 0.407981 0.755838 0.016369 0.021966
4 0.501344 0.764897 0.016369 0.021966
4 0.594707 0.759291 0.016369 0.021966
4 0.688070 0.770897 0.016369 0.021966
4 0.781433 0.713325 0.016369 0.021966
4 0.874809 0.572197 0.016369 0.021966
4 0.968172 0.203222 0.016369 0.021966