2 0.094975 0.837593 0.013114 0.017559
2 0.220342 0.841458 0.013114 0.017559
2 0.345722 0.798729 0.013114 0.017559
2 0.471089 0.823271 0.013114 0.017559
2 0.596468 0.863492 0.013114 0.017559
2 0.721835 0.853356 0.013114 0.017559
2 0.847215 0.846610 0.013114 0.017559
2 0.972595 0.527237 0.013114 0.017559
5 0.094975 0.771424 0.013114 0.017559
5 0.192481 0.774542 0.013114 0.017559
5 0.290000 0.777898 0.013114 0.017559
5 0.387506 0.807966 0.013114 0.017559
5 0.485025 0.806339 0.013114 0.017559
5 0.582532 0.887729 0.013114 0.017559
5 0.680051 0.767898 0.013114 0.017559
5 0.777557 0.714746 0.013114 0.017559
5 0.875076 0.615746 0.013114 0.017559
5 0.972595 0.193797 0.013114 0.017559
7 0.094975 0.868492 0.013114 0.017559
7 0.149823 0.822407 0.013114 0.017559
7 0.204671 0.793763 0.013114 0.017559
7 0.259519 0.794102 0.013114 0.017559
7 0.314380 0.855492 0.013114 0.017559
7 0.369228 0.817424 0.013114 0.017559
7 0.424076 0.755051 0.013114 0.017559
7 0.478924 0.821441 0.013114 0.017559
7 0.533785 0.740271 0.013114 0.017559
7 0.588633 0.789237 0.013114 0.017559
7 0.643481 0.784186 0.013114 0.017559
7 0.698329 0.814068 0.013114 0.017559
7 0.753190 0.809475 0.013114 0.017559
7 0.808038 0.808000 0.013114 0.017559
7 0.862886 0.753153 0.013114 0.017559
7 0.917734 0.626695 0.013114 0.017559
7 0.972595 0.236475 0.013114 0.017559
6 0.094975 0.723288 0.013114 0.017559
6 0.146595 0.662356 0.013114 0.017559
6 0.198215 0.701339 0.013114 0.017559
6 0.249848 0.723695 0.013114 0.017559
6 0.301468 0.715712 0.013114 0.017559
6 0.353089 0.691424 0.013114 0.017559
6 0.404722 0.670102 0.013114 0.017559
6 0.456342 0.594034 0.013114 0.017559
6 0.507962 0.566966 0.013114 0.017559
6 0.559595 0.533237 0.013114 0.017559
6 0.611215 0.516475 0.013114 0.017559
6 0.662835 0.463153 0.013114 0.017559
6 0.714468 0.403068 0.013114 0.017559
6 0.766089 0.375627 0.013114 0.017559
6 0.817709 0.340729 0.013114 0.017559
6 0.869342 0.306475 0.013114 0.017559
6 0.920962 0.182593 0.013114 0.017559
6 0.972595 0.206136 0.013114 0.017559
4 0.094975 0.764864 0.013114 0.017559
4 0.153481 0.628492 0.013114 0.017559
4 0.211987 0.663831 0.013114 0.017559
4 0.270494 0.576407 0.013114 0.017559
4 0.329000 0.645644 0.013114 0.017559
4 0.387506 0.465763 0.013114 0.017559
4 0.446013 0.407407 0.013114 0.017559
4 0.504532 0.421949 0.013114 0.017559
4 0.563038 0.415712 0.013114 0.017559
4 0.621544 0.339390 0.013114 0.017559
4 0.680051 0.369898 0.013114 0.017559
4 0.738557 0.310339 0.013114 0.017559
4 0.797063 0.306780 0.013114 0.017559
4 0.855570 0.323542 0.013114 0.017559
4 0.914076 0.251627 0.013114 0.017559
4 0.972595 0.240254 0.013114 0.017559