0 0.087373 0.702025 0.015380 0.020593
0 0.198525 0.680822 0.015380 0.020593
0 0.309665 0.665483 0.015380 0.020593
0 0.420816 0.628839 0.015380 0.020593
0 0.531968 0.555958 0.015380 0.020593
0 0.643108 0.509686 0.015380 0.020593
0 0.754259 0.423432 0.015380 0.020593
0 0.865411 0.340907 0.015380 0.020593
0 0.976551 0.333517 0.015380 0.020593
1 0.087373 0.536703 0.015380 0.020593
1 0.168209 0.554619 0.015380 0.020593
1 0.249044 0.573144 0.015380 0.020593
1 0.329880 0.529263 0.015380 0.020593
1 0.410715 0.532144 0.015380 0.020593
1 0.491551 0.538619 0.015380 0.020593
1 0.572386 0.535364 0.015380 0.020593
1 0.653222 0.540347 0.015380 0.020593
1 0.734057 0.525754 0.015380 0.020593
1 0.814892 0.537890 0.015380 0.020593
1 0.895728 0.505822 0.015380 0.020593
1 0.976551 0.347415 0.015380 0.020593
3 0.087373 0.832958 0.015380 0.020593
3 0.168209 0.832008 0.015380 0.020593
3 0.249044 0.841636 0.015380 0.020593
3 0.329880 0.837008 0.015380 0.020593
3 0.410715 0.842195 0.015380 0.020593
3 0.491551 0.829534 0.015380 0.020593
3 0.572386 0.818585 0.015380 0.020593
3 0.653222 0.834466 0.015380 0.020593
3 0.734057 0.821551 0.015380 0.020593
3 0.814892 0.847025 0.015380 0.020593
3 0.895728 0.822466 0.015380 0.020593
3 0.976551 0.816398 0.015380 0.020593
5 0.087373 0.723398 0.015380 0.020593
5 0.176297 0.712551 0.015380 0.020593
5 0.265209 0.710331 0.015380 0.020593
5 0.354133 0.668517 0.015380 0.020593
5 0.443044 0.619941 0.015380 0.020593
5 0.531968 0.556703 0.015380 0.020593
5 0.620880 0.477805 0.015380 0.020593
5 0.709804 0.369585 0.015380 0.020593
5 0.798715 0.276771 0.015380 0.020593
5 0.887639 0.220229 0.015380 0.020593
5 0.976551 0.186449 0.015380 0.020593