6 0.114473 0.839055 0.017703 0.023765
6 0.209232 0.803807 0.017703 0.023765
6 0.303991 0.781934 0.017703 0.023765
6 0.398737 0.756721 0.017703 0.023765
6 0.493496 0.644131 0.017703 0.023765
6 0.588255 0.693262 0.017703 0.023765
6 0.683001 0.579123 0.017703 0.023765
6 0.777760 0.485170 0.017703 0.023765
6 0.872519 0.400043 0.017703 0.023765
6 0.967265 0.291661 0.017703 0.023765
0 0.114473 0.733910 0.017703 0.023765
0 0.209232 0.759855 0.017703 0.023765
0 0.303991 0.742189 0.017703 0.023765
0 0.398737 0.828952 0.017703 0.023765
0 0.493496 0.788441 0.017703 0.023765
0 0.588255 0.784949 0.017703 0.023765
0 0.683001 0.787266 0.017703 0.023765
0 0.777760 0.735477 0.017703 0.023765
0 0.872519 0.418271 0.017703 0.023765
0 0.967265 0.259685 0.017703 0.023765
7 0.114473 0.755852 0.017703 0.023765
7 0.209232 0.797760 0.017703 0.023765
7 0.303991 0.778271 0.017703 0.023765
7 0.398737 0.720366 0.017703 0.023765
7 0.493496 0.769003 0.017703 0.023765
7 0.588255 0.768697 0.017703 0.023765
7 0.683001 0.737470 0.017703 0.023765
7 0.777760 0.757555 0.017703 0.023765
7 0.872519 0.462359 0.017703 0.023765
7 0.967265 0.204199 0.017703 0.023765
3 0.114473 0.807862 0.017703 0.023765
3 0.199753 0.799344 0.017703 0.023765
3 0.285032 0.789327 0.017703 0.023765
3 0.370311 0.700383 0.017703 0.023765
3 0.455590 0.667675 0.017703 0.023765
3 0.540869 0.493177 0.017703 0.023765
3 0.626148 0.454659 0.017703 0.023765
3 0.711428 0.432291 0.017703 0.023765
3 0.796707 0.285477 0.017703 0.023765
3 0.881986 0.253228 0.017703 0.023765
3 0.967265 0.179838 0.017703 0.023765