1 0.093709 0.718237 0.015544 0.020814
1 0.181595 0.669305 0.015544 0.020814
1 0.269481 0.773203 0.015544 0.020814
1 0.357367 0.665017 0.015544 0.020814
1 0.445253 0.725220 0.015544 0.020814
1 0.533139 0.688525 0.015544 0.020814
1 0.621038 0.727000 0.015544 0.020814
1 0.708924 0.788085 0.015544 0.020814
1 0.796810 0.692034 0.015544 0.020814
1 0.884696 0.714102 0.015544 0.020814
1 0.972582 0.782305 0.015544 0.020814
5 0.093709 0.805373 0.015544 0.020814
5 0.191354 0.788746 0.015544 0.020814
5 0.289013 0.737746 0.015544 0.020814
5 0.386671 0.619695 0.015544 0.020814
5 0.484316 0.560288 0.015544 0.020814
5 0.581975 0.426627 0.015544 0.020814
5 0.679620 0.350492 0.015544 0.020814
5 0.777278 0.247085 0.015544 0.020814
5 0.874937 0.103119 0.015544 0.020814
5 0.972582 0.119492 0.015544 0.020814
6 0.093709 0.558610 0.015544 0.020814
6 0.219253 0.557593 0.015544 0.020814
6 0.344810 0.615322 0.015544 0.020814
6 0.470367 0.568712 0.015544 0.020814
6 0.595924 0.597576 0.015544 0.020814
6 0.721481 0.535068 0.015544 0.020814
6 0.847038 0.643305 0.015544 0.020814
6 0.972582 0.876169 0.015544 0.020814
7 0.093709 0.820627 0.015544 0.020814
7 0.181595 0.770797 0.015544 0.020814
7 0.269481 0.750695 0.015544 0.020814
7 0.357367 0.845847 0.015544 0.020814
7 0.445253 0.731847 0.015544 0.020814
7 0.533139 0.791085 0.015544 0.020814
7 0.621038 0.791610 0.015544 0.020814
7 0.708924 0.857102 0.015544 0.020814
7 0.796810 0.732203 0.015544 0.020814
7 0.884696 0.306254 0.015544 0.020814
7 0.972582 0.185492 0.015544 0.020814