7 0.140172 0.717256 0.017414 0.023368
7 0.203408 0.713752 0.017414 0.023368
7 0.266643 0.781376 0.017414 0.023368
7 0.329879 0.864675 0.017414 0.023368
7 0.393115 0.783325 0.017414 0.023368
7 0.456350 0.758368 0.017414 0.023368
7 0.519586 0.800983 0.017414 0.023368
7 0.582822 0.767701 0.017414 0.023368
7 0.646057 0.847786 0.017414 0.023368
7 0.709293 0.714111 0.017414 0.023368
7 0.772529 0.733239 0.017414 0.023368
7 0.835764 0.700487 0.017414 0.023368
7 0.898987 0.460026 0.017414 0.023368
7 0.962223 0.252880 0.017414 0.023368
6 0.140172 0.736111 0.017414 0.023368
6 0.214911 0.756128 0.017414 0.023368
6 0.289637 0.786231 0.017414 0.023368
6 0.364376 0.737752 0.017414 0.023368
6 0.439102 0.789735 0.017414 0.023368
6 0.513841 0.680316 0.017414 0.023368
6 0.588567 0.822385 0.017414 0.023368
6 0.663306 0.823632 0.017414 0.023368
6 0.738032 0.689017 0.017414 0.023368
6 0.812758 0.658504 0.017414 0.023368
6 0.887497 0.331855 0.017414 0.023368
6 0.962223 0.208111 0.017414 0.023368
2 0.140172 0.748470 0.017414 0.023368
2 0.242936 0.780983 0.017414 0.023368
2 0.345688 0.762624 0.017414 0.023368
2 0.448452 0.766179 0.017414 0.023368
2 0.551204 0.723752 0.017414 0.023368
2 0.653955 0.751940 0.017414 0.023368
2 0.756720 0.750282 0.017414 0.023368
2 0.859471 0.758880 0.017414 0.023368
2 0.962223 0.334265 0.017414 0.023368