3 0.144955 0.681060 0.014013 0.018803
3 0.226382 0.692803 0.014013 0.018803
3 0.307796 0.628342 0.014013 0.018803
3 0.389210 0.626667 0.014013 0.018803
3 0.470637 0.688188 0.014013 0.018803
3 0.552051 0.698735 0.014013 0.018803
3 0.633465 0.623470 0.014013 0.018803
3 0.714892 0.604684 0.014013 0.018803
3 0.796306 0.637641 0.014013 0.018803
3 0.877732 0.616821 0.014013 0.018803
3 0.959146 0.365590 0.014013 0.018803
7 0.144955 0.572205 0.014013 0.018803
7 0.246726 0.597231 0.014013 0.018803
7 0.348510 0.567778 0.014013 0.018803
7 0.450280 0.614462 0.014013 0.018803
7 0.552051 0.548513 0.014013 0.018803
7 0.653822 0.585128 0.014013 0.018803
7 0.755605 0.660376 0.014013 0.018803
7 0.857376 0.543761 0.014013 0.018803
7 0.959146 0.867316 0.014013 0.018803