7 0.130312 0.635410 0.018357 0.024632
7 0.200860 0.661154 0.018357 0.024632
7 0.271420 0.512897 0.018357 0.024632
7 0.341981 0.563376 0.018357 0.024632
7 0.412541 0.595085 0.018357 0.024632
7 0.483089 0.569838 0.018357 0.024632
7 0.553650 0.465735 0.018357 0.024632
7 0.624210 0.582231 0.018357 0.024632
7 0.694758 0.492043 0.018357 0.024632
7 0.765318 0.493444 0.018357 0.024632
7 0.835879 0.523239 0.018357 0.024632
7 0.906439 0.522470 0.018357 0.024632
7 0.976987 0.385444 0.018357 0.024632
2 0.130312 0.762624 0.018357 0.024632
2 0.214975 0.747769 0.018357 0.024632
2 0.299650 0.760573 0.018357 0.024632
2 0.384312 0.652726 0.018357 0.024632
2 0.468975 0.615222 0.018357 0.024632
2 0.553650 0.553940 0.018357 0.024632
2 0.638312 0.455034 0.018357 0.024632
2 0.722987 0.352915 0.018357 0.024632
2 0.807650 0.328128 0.018357 0.024632
2 0.892325 0.256812 0.018357 0.024632
2 0.976987 0.224829 0.018357 0.024632
1 0.130312 0.728060 0.018357 0.024632
1 0.190783 0.794846 0.018357 0.024632
1 0.251268 0.731000 0.018357 0.024632
1 0.311739 0.701718 0.018357 0.024632
1 0.372223 0.702333 0.018357 0.024632
1 0.432694 0.728829 0.018357 0.024632
1 0.493166 0.667325 0.018357 0.024632
1 0.553650 0.688111 0.018357 0.024632
1 0.614121 0.679376 0.018357 0.024632
1 0.674605 0.631496 0.018357 0.024632
1 0.735076 0.588607 0.018357 0.024632
1 0.795561 0.522487 0.018357 0.024632
1 0.856032 0.560419 0.018357 0.024632
1 0.916516 0.603821 0.018357 0.024632
1 0.976987 0.525256 0.018357 0.024632
3 0.130312 0.621376 0.018357 0.024632
3 0.190783 0.742487 0.018357 0.024632
3 0.251268 0.702897 0.018357 0.024632
3 0.311739 0.757410 0.018357 0.024632
3 0.372223 0.726026 0.018357 0.024632
3 0.432694 0.736179 0.018357 0.024632
3 0.493166 0.702009 0.018357 0.024632
3 0.553650 0.782966 0.018357 0.024632
3 0.614121 0.791342 0.018357 0.024632
3 0.674605 0.787256 0.018357 0.024632
3 0.735076 0.856043 0.018357 0.024632
3 0.795561 0.798128 0.018357 0.024632
3 0.856032 0.835068 0.018357 0.024632
3 0.916516 0.875838 0.018357 0.024632
3 0.976987 0.883051 0.018357 0.024632