2 0.083418 0.763814 0.016177 0.021661
2 0.139367 0.761644 0.016177 0.021661
2 0.195304 0.749424 0.016177 0.021661
2 0.251253 0.692763 0.016177 0.021661
2 0.307190 0.628322 0.016177 0.021661
2 0.363139 0.582203 0.016177 0.021661
2 0.419076 0.512288 0.016177 0.021661
2 0.475013 0.443864 0.016177 0.021661
2 0.530962 0.418305 0.016177 0.021661
2 0.586899 0.357678 0.016177 0.021661
2 0.642848 0.310729 0.016177 0.021661
2 0.698785 0.305983 0.016177 0.021661
2 0.754722 0.273169 0.016177 0.021661
2 0.810671 0.274695 0.016177 0.021661
2 0.866608 0.261136 0.016177 0.021661
2 0.922557 0.230508 0.016177 0.021661
2 0.978494 0.247780 0.016177 0.021661
0 0.083418 0.768695 0.016177 0.021661
0 0.182873 0.787492 0.016177 0.021661
0 0.282329 0.783576 0.016177 0.021661
0 0.381785 0.794814 0.016177 0.021661
0 0.481228 0.805627 0.016177 0.021661
0 0.580684 0.771932 0.016177 0.021661
0 0.680139 0.784559 0.016177 0.021661
0 0.779595 0.788780 0.016177 0.021661
0 0.879038 0.637661 0.016177 0.021661
0 0.978494 0.196593 0.016177 0.021661
4 0.083418 0.793678 0.016177 0.021661
4 0.152278 0.795610 0.016177 0.021661
4 0.221127 0.781932 0.016177 0.021661
4 0.289975 0.797915 0.016177 0.021661
4 0.358835 0.797169 0.016177 0.021661
4 0.427684 0.795356 0.016177 0.021661
4 0.496532 0.747932 0.016177 0.021661
4 0.565380 0.786508 0.016177 0.021661
4 0.634241 0.777695 0.016177 0.021661
4 0.703089 0.768797 0.016177 0.021661
4 0.771937 0.743983 0.016177 0.021661
4 0.840797 0.617186 0.016177 0.021661
4 0.909646 0.383831 0.016177 0.021661
4 0.978494 0.135525 0.016177 0.021661
1 0.083418 0.785390 0.016177 0.021661
1 0.172937 0.790932 0.016177 0.021661
1 0.262443 0.775898 0.016177 0.021661
1 0.351949 0.795508 0.016177 0.021661
1 0.441456 0.787017 0.016177 0.021661
1 0.530962 0.766966 0.016177 0.021661
1 0.620468 0.794627 0.016177 0.021661
1 0.709975 0.769373 0.016177 0.021661
1 0.799481 0.724661 0.016177 0.021661
1 0.888987 0.419322 0.016177 0.021661
1 0.978494 0.146203 0.016177 0.021661