4 0.083530 0.752805 0.010355 0.013847
4 0.158828 0.592076 0.010355 0.013847
4 0.234138 0.458483 0.010355 0.013847
4 0.309436 0.381381 0.010355 0.013847
4 0.384747 0.289788 0.010355 0.013847
4 0.460044 0.288771 0.010355 0.013847
4 0.535342 0.250754 0.010355 0.013847
4 0.610653 0.165449 0.010355 0.013847
4 0.685951 0.181246 0.010355 0.013847
4 0.761261 0.190534 0.010355 0.013847
4 0.836559 0.206093 0.010355 0.013847
4 0.911869 0.148110 0.010355 0.013847
4 0.987167 0.220246 0.010355 0.013847
2 0.083530 0.811297 0.010355 0.013847
2 0.196483 0.499280 0.010355 0.013847
2 0.309436 0.379941 0.010355 0.013847
2 0.422389 0.257449 0.010355 0.013847
2 0.535342 0.224924 0.010355 0.013847
2 0.648308 0.190517 0.010355 0.013847
2 0.761261 0.195856 0.010355 0.013847
2 0.874214 0.202127 0.010355 0.013847
2 0.987167 0.156042 0.010355 0.013847
3 0.083530 0.688398 0.010355 0.013847
3 0.158828 0.707788 0.010355 0.013847
3 0.234138 0.680042 0.010355 0.013847
3 0.309436 0.711195 0.010355 0.013847
3 0.384747 0.670585 0.010355 0.013847
3 0.460044 0.670585 0.010355 0.013847
3 0.535342 0.704432 0.010355 0.013847
3 0.610653 0.617856 0.010355 0.013847
3 0.685951 0.728890 0.010355 0.013847
3 0.761261 0.715788 0.010355 0.013847
3 0.836559 0.739805 0.010355 0.013847
3 0.911869 0.691331 0.010355 0.013847
3 0.987167 0.792297 0.010355 0.013847
6 0.083530 0.784703 0.010355 0.013847
6 0.153035 0.581924 0.010355 0.013847
6 0.222554 0.461500 0.010355 0.013847
6 0.292060 0.445619 0.010355 0.013847
6 0.361565 0.353805 0.010355 0.013847
6 0.431084 0.283195 0.010355 0.013847
6 0.500589 0.219144 0.010355 0.013847
6 0.570108 0.204992 0.010355 0.013847
6 0.639613 0.270924 0.010355 0.013847
6 0.709119 0.197042 0.010355 0.013847
6 0.778638 0.216585 0.010355 0.013847
6 0.848143 0.225873 0.010355 0.013847
6 0.917662 0.171483 0.010355 0.013847
6 0.987167 0.233534 0.010355 0.013847
1 0.083530 0.878314 0.010355 0.013847
1 0.148067 0.615636 0.010355 0.013847
1 0.212617 0.493924 0.010355 0.013847
1 0.277167 0.367636 0.010355 0.013847
1 0.341705 0.243720 0.010355 0.013847
1 0.406255 0.291381 0.010355 0.013847
1 0.470805 0.204686 0.010355 0.013847
1 0.535342 0.236110 0.010355 0.013847
1 0.599892 0.237958 0.010355 0.013847
1 0.664442 0.192246 0.010355 0.013847
1 0.728980 0.244144 0.010355 0.013847
1 0.793530 0.229415 0.010355 0.013847
1 0.858080 0.147263 0.010355 0.013847
1 0.922617 0.182127 0.010355 0.013847
1 0.987167 0.170602 0.010355 0.013847
0 0.083530 0.788720 0.010355 0.013847
0 0.148067 0.536398 0.010355 0.013847
0 0.212617 0.385042 0.010355 0.013847
0 0.277167 0.304008 0.010355 0.013847
0 0.341705 0.275161 0.010355 0.013847
0 0.406255 0.189873 0.010355 0.013847
0 0.470805 0.225042 0.010355 0.013847
0 0.535342 0.207771 0.010355 0.013847
0 0.599892 0.212585 0.010355 0.013847
0 0.664442 0.173686 0.010355 0.013847
0 0.728980 0.216195 0.010355 0.013847
0 0.793530 0.195703 0.010355 0.013847
0 0.858080 0.230517 0.010355 0.013847
0 0.922617 0.223195 0.010355 0.013847
0 0.987167 0.225449 0.010355 0.013847