1 0.107001 0.715918 0.012020 0.016088
1 0.185743 0.815510 0.012020 0.016088
1 0.264498 0.745901 0.012020 0.016088
1 0.343253 0.795000 0.012020 0.016088
1 0.421995 0.774337 0.012020 0.016088
1 0.500750 0.784796 0.012020 0.016088
1 0.579492 0.793741 0.012020 0.016088
1 0.658247 0.725374 0.012020 0.016088
1 0.737001 0.706361 0.012020 0.016088
1 0.815743 0.744167 0.012020 0.016088
1 0.894498 0.479966 0.012020 0.016088
1 0.973240 0.138503 0.012020 0.016088
3 0.107001 0.645561 0.012020 0.016088
3 0.179187 0.663673 0.012020 0.016088
3 0.251372 0.594371 0.012020 0.016088
3 0.323558 0.624592 0.012020 0.016088
3 0.395743 0.625680 0.012020 0.016088
3 0.467929 0.609150 0.012020 0.016088
3 0.540127 0.599371 0.012020 0.016088
3 0.612313 0.725527 0.012020 0.016088
3 0.684498 0.585527 0.012020 0.016088
3 0.756684 0.641752 0.012020 0.016088
3 0.828869 0.656105 0.012020 0.016088
3 0.901055 0.641071 0.012020 0.016088
3 0.973240 0.723980 0.012020 0.016088
6 0.107001 0.754031 0.012020 0.016088
6 0.193621 0.771684 0.012020 0.016088
6 0.280241 0.788793 0.012020 0.016088
6 0.366874 0.816650 0.012020 0.016088
6 0.453494 0.844235 0.012020 0.016088
6 0.540127 0.846786 0.012020 0.016088
6 0.626747 0.761207 0.012020 0.016088
6 0.713367 0.802568 0.012020 0.016088
6 0.800000 0.685901 0.012020 0.016088
6 0.886620 0.569677 0.012020 0.016088
6 0.973240 0.180782 0.012020 0.016088
5 0.107001 0.664524 0.012020 0.016088
5 0.203253 0.670663 0.012020 0.016088
5 0.299492 0.694252 0.012020 0.016088
5 0.395743 0.605051 0.012020 0.016088
5 0.491995 0.515272 0.012020 0.016088
5 0.588247 0.468605 0.012020 0.016088
5 0.684498 0.353180 0.012020 0.016088
5 0.780750 0.347279 0.012020 0.016088
5 0.876989 0.322160 0.012020 0.016088
5 0.973240 0.274541 0.012020 0.016088
4 0.107001 0.798095 0.012020 0.016088
4 0.203253 0.833486 0.012020 0.016088
4 0.299492 0.744915 0.012020 0.016088
4 0.395743 0.839371 0.012020 0.016088
4 0.491995 0.804133 0.012020 0.016088
4 0.588247 0.753741 0.012020 0.016088
4 0.684498 0.812041 0.012020 0.016088
4 0.780750 0.729830 0.012020 0.016088
4 0.876989 0.492483 0.012020 0.016088
4 0.973240 0.172653 0.012020 0.016088