1 0.102071 0.643963 0.016239 0.021735
1 0.199149 0.738707 0.016239 0.021735
1 0.296213 0.567126 0.016239 0.021735
1 0.393291 0.610272 0.016239 0.021735
1 0.490356 0.483265 0.016239 0.021735
1 0.587433 0.469388 0.016239 0.021735
1 0.684498 0.410952 0.016239 0.021735
1 0.781576 0.342738 0.016239 0.021735
1 0.878640 0.356514 0.016239 0.021735
1 0.975705 0.285119 0.016239 0.021735
5 0.102071 0.788384 0.016239 0.021735
5 0.189441 0.746173 0.016239 0.021735
5 0.276798 0.802840 0.016239 0.021735
5 0.364168 0.798027 0.016239 0.021735
5 0.451525 0.753776 0.016239 0.021735
5 0.538895 0.777228 0.016239 0.021735
5 0.626252 0.766395 0.016239 0.021735
5 0.713621 0.729898 0.016239 0.021735
5 0.800978 0.758810 0.016239 0.021735
5 0.888348 0.421701 0.016239 0.021735
5 0.975705 0.175306 0.016239 0.021735
3 0.102071 0.739626 0.016239 0.021735
3 0.189441 0.766395 0.016239 0.021735
3 0.276798 0.757534 0.016239 0.021735
3 0.364168 0.768384 0.016239 0.021735
3 0.451525 0.754796 0.016239 0.021735
3 0.538895 0.810748 0.016239 0.021735
3 0.626252 0.776531 0.016239 0.021735
3 0.713621 0.741786 0.016239 0.021735
3 0.800978 0.696667 0.016239 0.021735
3 0.888348 0.443146 0.016239 0.021735
3 0.975705 0.192262 0.016239 0.021735
0 0.102071 0.764949 0.016239 0.021735
0 0.156684 0.766412 0.016239 0.021735
0 0.211283 0.792789 0.016239 0.021735
0 0.265883 0.741565 0.016239 0.021735
0 0.320483 0.743367 0.016239 0.021735
0 0.375083 0.738946 0.016239 0.021735
0 0.429695 0.788350 0.016239 0.021735
0 0.484295 0.758656 0.016239 0.021735
0 0.538895 0.803946 0.016239 0.021735
0 0.593494 0.776548 0.016239 0.021735
0 0.648094 0.738452 0.016239 0.021735
0 0.702706 0.796616 0.016239 0.021735
0 0.757306 0.772993 0.016239 0.021735
0 0.811906 0.760884 0.016239 0.021735
0 0.866506 0.777262 0.016239 0.021735
0 0.921105 0.856718 0.016239 0.021735
0 0.975705 0.899779 0.016239 0.021735