6 0.130306 0.656017 0.021299 0.028581
6 0.234675 0.614889 0.021299 0.028581
6 0.339045 0.541709 0.021299 0.028581
6 0.443414 0.474667 0.021299 0.028581
6 0.547771 0.354017 0.021299 0.028581
6 0.652140 0.240393 0.021299 0.028581
6 0.756510 0.213043 0.021299 0.028581
6 0.860866 0.161778 0.021299 0.028581
6 0.965236 0.169231 0.021299 0.028581
3 0.130306 0.790342 0.021299 0.028581
3 0.199885 0.772615 0.021299 0.028581
3 0.269465 0.756752 0.021299 0.028581
3 0.339045 0.731470 0.021299 0.028581
3 0.408624 0.690479 0.021299 0.028581
3 0.478191 0.632940 0.021299 0.028581
3 0.547771 0.562530 0.021299 0.028581
3 0.617350 0.521658 0.021299 0.028581
3 0.686930 0.447846 0.021299 0.028581
3 0.756510 0.405778 0.021299 0.028581
3 0.826089 0.373761 0.021299 0.028581
3 0.895656 0.334171 0.021299 0.028581
3 0.965236 0.332650 0.021299 0.028581
5 0.130306 0.769214 0.021299 0.028581
5 0.194535 0.769402 0.021299 0.028581
5 0.258764 0.758991 0.021299 0.028581
5 0.322981 0.725504 0.021299 0.028581
5 0.387210 0.698188 0.021299 0.028581
5 0.451439 0.606547 0.021299 0.028581
5 0.515656 0.590068 0.021299 0.028581
5 0.579885 0.533026 0.021299 0.028581
5 0.644115 0.464496 0.021299 0.028581
5 0.708331 0.429162 0.021299 0.028581
5 0.772561 0.394598 0.021299 0.028581
5 0.836790 0.393436 0.021299 0.028581
5 0.901006 0.360376 0.021299 0.028581
5 0.965236 0.350923 0.021299 0.028581
4 0.130306 0.767641 0.021299 0.028581
4 0.194535 0.774821 0.021299 0.028581
4 0.258764 0.774222 0.021299 0.028581
4 0.322981 0.766393 0.021299 0.028581
4 0.387210 0.768632 0.021299 0.028581
4 0.451439 0.749368 0.021299 0.028581
4 0.515656 0.766632 0.021299 0.028581
4 0.579885 0.748291 0.021299 0.028581
4 0.644115 0.758838 0.021299 0.028581
4 0.708331 0.760821 0.021299 0.028581
4 0.772561 0.717521 0.021299 0.028581
4 0.836790 0.548923 0.021299 0.028581
4 0.901006 0.275419 0.021299 0.028581
4 0.965236 0.153573 0.021299 0.028581
7 0.130306 0.622376 0.021299 0.028581
7 0.185975 0.607538 0.021299 0.028581
7 0.241631 0.605795 0.021299 0.028581
7 0.297299 0.576256 0.021299 0.028581
7 0.352955 0.542667 0.021299 0.028581
7 0.408624 0.503607 0.021299 0.028581
7 0.464280 0.448701 0.021299 0.028581
7 0.519949 0.412496 0.021299 0.028581
7 0.575605 0.365795 0.021299 0.028581
7 0.631261 0.314872 0.021299 0.028581
7 0.686930 0.296103 0.021299 0.028581
7 0.742586 0.276291 0.021299 0.028581
7 0.798255 0.248718 0.021299 0.028581
7 0.853911 0.251282 0.021299 0.028581
7 0.909580 0.228735 0.021299 0.028581
7 0.965236 0.229487 0.021299 0.028581
0 0.130306 0.775282 0.021299 0.028581
0 0.185975 0.771675 0.021299 0.028581
0 0.241631 0.751744 0.021299 0.028581
0 0.297299 0.767966 0.021299 0.028581
0 0.352955 0.765026 0.021299 0.028581
0 0.408624 0.751675 0.021299 0.028581
0 0.464280 0.748632 0.021299 0.028581
0 0.519949 0.757333 0.021299 0.028581
0 0.575605 0.752291 0.021299 0.028581
0 0.631261 0.782137 0.021299 0.028581
0 0.686930 0.745675 0.021299 0.028581
0 0.742586 0.742667 0.021299 0.028581
0 0.798255 0.653607 0.021299 0.028581
0 0.853911 0.489675 0.021299 0.028581
0 0.909580 0.271761 0.021299 0.028581
0 0.965236 0.170957 0.021299 0.028581