4 0.091171 0.729127 0.010797 0.014458
4 0.201842 0.743008 0.010797 0.014458
4 0.312525 0.810364 0.010797 0.014458
4 0.423196 0.757432 0.010797 0.014458
4 0.533867 0.715415 0.010797 0.014458
4 0.644538 0.808246 0.010797 0.014458
4 0.755209 0.745771 0.010797 0.014458
4 0.865880 0.493737 0.010797 0.014458
4 0.976563 0.124449 0.010797 0.014458
3 0.091171 0.683246 0.010797 0.014458
3 0.159285 0.700941 0.010797 0.014458
3 0.227386 0.629195 0.010797 0.014458
3 0.295500 0.617398 0.010797 0.014458
3 0.363601 0.613331 0.010797 0.014458
3 0.431703 0.541381 0.010797 0.014458
3 0.499816 0.520398 0.010797 0.014458
3 0.567918 0.497347 0.010797 0.014458
3 0.636032 0.424076 0.010797 0.014458
3 0.704133 0.421822 0.010797 0.014458
3 0.772234 0.364805 0.010797 0.014458
3 0.840348 0.345178 0.010797 0.014458
3 0.908449 0.246500 0.010797 0.014458
3 0.976563 0.246076 0.010797 0.014458
2 0.091171 0.776331 0.010797 0.014458
2 0.164956 0.826381 0.010797 0.014458
2 0.238741 0.821805 0.010797 0.014458
2 0.312525 0.750771 0.010797 0.014458
2 0.386297 0.777873 0.010797 0.014458
2 0.460082 0.771364 0.010797 0.014458
2 0.533867 0.853314 0.010797 0.014458
2 0.607652 0.751398 0.010797 0.014458
2 0.681437 0.779008 0.010797 0.014458
2 0.755209 0.731686 0.010797 0.014458
2 0.828994 0.616856 0.010797 0.014458
2 0.902778 0.405093 0.010797 0.014458
2 0.976563 0.186364 0.010797 0.014458
6 0.091171 0.765263 0.010797 0.014458
6 0.179715 0.757432 0.010797 0.014458
6 0.268247 0.671805 0.010797 0.014458
6 0.356791 0.734042 0.010797 0.014458
6 0.445323 0.778737 0.010797 0.014458
6 0.533867 0.685941 0.010797 0.014458
6 0.622411 0.682619 0.010797 0.014458
6 0.710943 0.625059 0.010797 0.014458
6 0.799487 0.685466 0.010797 0.014458
6 0.888019 0.561449 0.010797 0.014458
6 0.976563 0.062161 0.010797 0.014458
7 0.091171 0.798890 0.010797 0.014458
7 0.164956 0.878127 0.010797 0.014458
7 0.238741 0.796805 0.010797 0.014458
7 0.312525 0.800551 0.010797 0.014458
7 0.386297 0.798178 0.010797 0.014458
7 0.460082 0.761941 0.010797 0.014458
7 0.533867 0.776449 0.010797 0.014458
7 0.607652 0.809924 0.010797 0.014458
7 0.681437 0.805059 0.010797 0.014458
7 0.755209 0.689585 0.010797 0.014458
7 0.828994 0.678127 0.010797 0.014458
7 0.902778 0.382958 0.010797 0.014458
7 0.976563 0.137229 0.010797 0.014458