3 0.087373 0.790636 0.014165 0.018966
3 0.214399 0.718381 0.014165 0.018966
3 0.341437 0.659246 0.014165 0.018966
3 0.468462 0.678500 0.014165 0.018966
3 0.595487 0.552636 0.014165 0.018966
3 0.722513 0.426788 0.014165 0.018966
3 0.849538 0.296839 0.014165 0.018966
3 0.976563 0.122568 0.014165 0.018966
2 0.087373 0.728873 0.014165 0.018966
2 0.168209 0.736076 0.014165 0.018966
2 0.249044 0.632229 0.014165 0.018966
2 0.329880 0.587331 0.014165 0.018966
2 0.410715 0.482500 0.014165 0.018966
2 0.491551 0.455161 0.014165 0.018966
2 0.572386 0.319924 0.014165 0.018966
2 0.653222 0.130992 0.014165 0.018966
2 0.734057 0.281314 0.014165 0.018966
2 0.814892 0.174839 0.014165 0.018966
2 0.895728 0.114653 0.014165 0.018966
2 0.976563 0.177093 0.014165 0.018966
6 0.087373 0.614076 0.014165 0.018966
6 0.198525 0.630280 0.014165 0.018966
6 0.309677 0.659941 0.014165 0.018966
6 0.420816 0.604585 0.014165 0.018966
6 0.531968 0.595347 0.014165 0.018966
6 0.643120 0.631042 0.014165 0.018966
6 0.754259 0.686398 0.014165 0.018966
6 0.865411 0.618907 0.014165 0.018966
6 0.976563 0.632212 0.014165 0.018966
0 0.087373 0.776042 0.014165 0.018966
0 0.198525 0.780500 0.014165 0.018966
0 0.309677 0.762297 0.014165 0.018966
0 0.420816 0.821347 0.014165 0.018966
0 0.531968 0.854873 0.014165 0.018966
0 0.643120 0.809669 0.014165 0.018966
0 0.754259 0.760619 0.014165 0.018966
0 0.865411 0.480229 0.014165 0.018966
0 0.976563 0.149025 0.014165 0.018966
4 0.087373 0.828839 0.014165 0.018966
4 0.214399 0.757805 0.014165 0.018966
4 0.341437 0.797364 0.014165 0.018966
4 0.468462 0.804669 0.014165 0.018966
4 0.595487 0.808076 0.014165 0.018966
4 0.722513 0.739737 0.014165 0.018966
4 0.849538 0.801737 0.014165 0.018966
4 0.976563 0.585517 0.014165 0.018966
5 0.087373 0.688585 0.014165 0.018966
5 0.155778 0.689890 0.014165 0.018966
5 0.224171 0.605381 0.014165 0.018966
5 0.292576 0.649754 0.014165 0.018966
5 0.360968 0.581246 0.014165 0.018966
5 0.429373 0.549958 0.014165 0.018966
5 0.497766 0.448314 0.014165 0.018966
5 0.566171 0.381788 0.014165 0.018966
5 0.634563 0.483432 0.014165 0.018966
5 0.702968 0.321839 0.014165 0.018966
5 0.771361 0.365246 0.014165 0.018966
5 0.839766 0.286483 0.014165 0.018966
5 0.908158 0.265568 0.014165 0.018966
5 0.976563 0.182788 0.014165 0.018966