4 0.080892 0.751314 0.013608 0.018220
4 0.140728 0.726924 0.013608 0.018220
4 0.200563 0.712669 0.013608 0.018220
4 0.260411 0.707992 0.013608 0.018220
4 0.320247 0.691127 0.013608 0.018220
4 0.380082 0.650314 0.013608 0.018220
4 0.439930 0.578822 0.013608 0.018220
4 0.499766 0.500483 0.013608 0.018220
4 0.559614 0.455890 0.013608 0.018220
4 0.619449 0.404127 0.013608 0.018220
4 0.679285 0.333178 0.013608 0.018220
4 0.739133 0.263771 0.013608 0.018220
4 0.798968 0.257178 0.013608 0.018220
4 0.858816 0.207195 0.013608 0.018220
4 0.918652 0.190263 0.013608 0.018220
4 0.978487 0.191076 0.013608 0.018220
1 0.080892 0.597059 0.013608 0.018220
1 0.136994 0.594246 0.013608 0.018220
1 0.193082 0.608924 0.013608 0.018220
1 0.249184 0.598771 0.013608 0.018220
1 0.305285 0.601144 0.013608 0.018220
1 0.361386 0.605381 0.013608 0.018220
1 0.417487 0.612381 0.013608 0.018220
1 0.473589 0.598805 0.013608 0.018220
1 0.529690 0.601771 0.013608 0.018220
1 0.585791 0.586737 0.013608 0.018220
1 0.641892 0.615585 0.013608 0.018220
1 0.697994 0.594466 0.013608 0.018220
1 0.754095 0.599822 0.013608 0.018220
1 0.810196 0.610890 0.013608 0.018220
1 0.866285 0.548873 0.013608 0.018220
1 0.922386 0.462771 0.013608 0.018220
1 0.978487 0.209669 0.013608 0.018220
7 0.080892 0.706076 0.013608 0.018220
7 0.180627 0.638195 0.013608 0.018220
7 0.280361 0.552568 0.013608 0.018220
7 0.380082 0.457788 0.013608 0.018220
7 0.479816 0.356754 0.013608 0.018220
7 0.579551 0.253568 0.013608 0.018220
7 0.679285 0.204703 0.013608 0.018220
7 0.779019 0.173025 0.013608 0.018220
7 0.878753 0.155381 0.013608 0.018220
7 0.978487 0.135686 0.013608 0.018220
6 0.080892 0.687025 0.013608 0.018220
6 0.193082 0.667890 0.013608 0.018220
6 0.305285 0.691093 0.013608 0.018220
6 0.417487 0.655449 0.013608 0.018220
6 0.529690 0.655754 0.013608 0.018220
6 0.641892 0.646297 0.013608 0.018220
6 0.754095 0.645364 0.013608 0.018220
6 0.866285 0.646246 0.013608 0.018220
6 0.978487 0.395161 0.013608 0.018220
0 0.080892 0.779364 0.013608 0.018220
0 0.170652 0.802992 0.013608 0.018220
0 0.260411 0.781398 0.013608 0.018220
0 0.350171 0.807585 0.013608 0.018220
0 0.439930 0.820347 0.013608 0.018220
0 0.529690 0.794161 0.013608 0.018220
0 0.619449 0.786839 0.013608 0.018220
0 0.709209 0.764364 0.013608 0.018220
0 0.798968 0.692025 0.013608 0.018220
0 0.888728 0.396839 0.013608 0.018220
0 0.978487 0.167483 0.013608 0.018220
3 0.080892 0.747517 0.013608 0.018220
3 0.136994 0.758347 0.013608 0.018220
3 0.193082 0.743534 0.013608 0.018220
3 0.249184 0.729551 0.013608 0.018220
3 0.305285 0.749754 0.013608 0.018220
3 0.361386 0.756992 0.013608 0.018220
3 0.417487 0.749551 0.013608 0.018220
3 0.473589 0.747127 0.013608 0.018220
3 0.529690 0.746331 0.013608 0.018220
3 0.585791 0.759602 0.013608 0.018220
3 0.641892 0.730314 0.013608 0.018220
3 0.697994 0.741585 0.013608 0.018220
3 0.754095 0.765568 0.013608 0.018220
3 0.810196 0.738314 0.013608 0.018220
3 0.866285 0.760059 0.013608 0.018220
3 0.922386 0.760178 0.013608 0.018220
3 0.978487 0.737500 0.013608 0.018220