7 0.080886 0.842271 0.015823 0.021186
7 0.180620 0.857119 0.015823 0.021186
7 0.280354 0.773169 0.015823 0.021186
7 0.380089 0.818949 0.015823 0.021186
7 0.479823 0.798085 0.015823 0.021186
7 0.579557 0.835424 0.015823 0.021186
7 0.679291 0.770169 0.015823 0.021186
7 0.779025 0.712051 0.015823 0.021186
7 0.878759 0.443441 0.015823 0.021186
7 0.978494 0.125288 0.015823 0.021186
4 0.080886 0.790881 0.015823 0.021186
4 0.170646 0.786983 0.015823 0.021186
4 0.260405 0.873661 0.015823 0.021186
4 0.350165 0.815441 0.015823 0.021186
4 0.439937 0.825492 0.015823 0.021186
4 0.529696 0.835780 0.015823 0.021186
4 0.619456 0.816966 0.015823 0.021186
4 0.709215 0.783203 0.015823 0.021186
4 0.798975 0.735136 0.015823 0.021186
4 0.888734 0.595051 0.015823 0.021186
4 0.978494 0.198475 0.015823 0.021186