5 0.087373 0.694195 0.014671 0.019644
5 0.176297 0.736653 0.014671 0.019644
5 0.265209 0.664127 0.014671 0.019644
5 0.354133 0.611585 0.014671 0.019644
5 0.443044 0.478280 0.014671 0.019644
5 0.531968 0.503449 0.014671 0.019644
5 0.620880 0.405619 0.014671 0.019644
5 0.709804 0.296331 0.014671 0.019644
5 0.798728 0.205059 0.014671 0.019644
5 0.887639 0.183805 0.014671 0.019644
5 0.976563 0.203263 0.014671 0.019644
1 0.087373 0.695805 0.014671 0.019644
1 0.176297 0.813924 0.014671 0.019644
1 0.265209 0.838534 0.014671 0.019644
1 0.354133 0.874585 0.014671 0.019644
1 0.443044 0.913771 0.014671 0.019644
1 0.531968 0.873686 0.014671 0.019644
1 0.620880 0.728449 0.014671 0.019644
1 0.709804 0.776263 0.014671 0.019644
1 0.798728 0.619076 0.014671 0.019644
1 0.887639 0.472229 0.014671 0.019644
1 0.976563 0.141568 0.014671 0.019644
4 0.087373 0.713483 0.014671 0.019644
4 0.186171 0.774042 0.014671 0.019644
4 0.284968 0.636331 0.014671 0.019644
4 0.383766 0.695246 0.014671 0.019644
4 0.482563 0.539364 0.014671 0.019644
4 0.581361 0.600144 0.014671 0.019644
4 0.680158 0.317805 0.014671 0.019644
4 0.778968 0.253500 0.014671 0.019644
4 0.877766 0.374686 0.014671 0.019644
4 0.976563 0.323381 0.014671 0.019644
2 0.087373 0.732059 0.014671 0.019644
2 0.186171 0.759822 0.014671 0.019644
2 0.284968 0.856907 0.014671 0.019644
2 0.383766 0.840873 0.014671 0.019644
2 0.482563 0.673466 0.014671 0.019644
2 0.581361 0.737331 0.014671 0.019644
2 0.680158 0.676873 0.014671 0.019644
2 0.778968 0.601500 0.014671 0.019644
2 0.877766 0.420381 0.014671 0.019644
2 0.976563 0.146602 0.014671 0.019644