1 0.139860 0.794821 0.022624 0.030359
1 0.214344 0.682034 0.022624 0.030359
1 0.288828 0.718188 0.022624 0.030359
1 0.363299 0.635744 0.022624 0.030359
1 0.437783 0.709179 0.022624 0.030359
1 0.512268 0.709282 0.022624 0.030359
1 0.586752 0.749983 0.022624 0.030359
1 0.661223 0.687795 0.022624 0.030359
1 0.735707 0.788701 0.022624 0.030359
1 0.810191 0.621179 0.022624 0.030359
1 0.884662 0.301675 0.022624 0.030359
1 0.959146 0.175111 0.022624 0.030359
3 0.139860 0.665265 0.022624 0.030359
3 0.221796 0.676632 0.022624 0.030359
3 0.303720 0.595607 0.022624 0.030359
3 0.385643 0.691829 0.022624 0.030359
3 0.467580 0.673966 0.022624 0.030359
3 0.549503 0.554068 0.022624 0.030359
3 0.631439 0.499197 0.022624 0.030359
3 0.713363 0.419197 0.022624 0.030359
3 0.795287 0.305863 0.022624 0.030359
3 0.877223 0.469197 0.022624 0.030359
3 0.959146 0.236239 0.022624 0.030359
6 0.139860 0.584581 0.022624 0.030359
6 0.230892 0.796085 0.022624 0.030359
6 0.321924 0.771573 0.022624 0.030359
6 0.412955 0.550256 0.022624 0.030359
6 0.503987 0.450667 0.022624 0.030359
6 0.595019 0.490000 0.022624 0.030359
6 0.686051 0.489350 0.022624 0.030359
6 0.777083 0.388889 0.022624 0.030359
6 0.868115 0.219214 0.022624 0.030359
6 0.959146 0.339368 0.022624 0.030359
5 0.139860 0.666120 0.022624 0.030359
5 0.242280 0.617641 0.022624 0.030359
5 0.344688 0.715709 0.022624 0.030359
5 0.447096 0.756137 0.022624 0.030359
5 0.549503 0.735675 0.022624 0.030359
5 0.651911 0.679949 0.022624 0.030359
5 0.754331 0.710667 0.022624 0.030359
5 0.856739 0.520308 0.022624 0.030359
5 0.959146 0.266632 0.022624 0.030359