5 0.083418 0.743949 0.009848 0.013186
5 0.195304 0.822322 0.009848 0.013186
5 0.307190 0.834068 0.009848 0.013186
5 0.419076 0.887305 0.009848 0.013186
5 0.530962 0.830017 0.009848 0.013186
5 0.642835 0.776627 0.009848 0.013186
5 0.754722 0.798881 0.009848 0.013186
5 0.866608 0.753475 0.009848 0.013186
5 0.978494 0.190763 0.009848 0.013186
4 0.083418 0.779983 0.009848 0.013186
4 0.195304 0.843068 0.009848 0.013186
4 0.307190 0.784932 0.009848 0.013186
4 0.419076 0.785661 0.009848 0.013186
4 0.530962 0.765288 0.009848 0.013186
4 0.642835 0.773932 0.009848 0.013186
4 0.754722 0.794949 0.009848 0.013186
4 0.866608 0.602559 0.009848 0.013186
4 0.978494 0.125237 0.009848 0.013186
3 0.083418 0.714525 0.009848 0.013186
3 0.172924 0.587729 0.009848 0.013186
3 0.262430 0.644119 0.009848 0.013186
3 0.351949 0.508492 0.009848 0.013186
3 0.441456 0.464932 0.009848 0.013186
3 0.530962 0.307610 0.009848 0.013186
3 0.620468 0.266966 0.009848 0.013186
3 0.709975 0.141780 0.009848 0.013186
3 0.799481 0.186525 0.009848 0.013186
3 0.888987 0.118017 0.009848 0.013186
3 0.978494 0.121542 0.009848 0.013186
2 0.083418 0.681576 0.009848 0.013186
2 0.195304 0.613780 0.009848 0.013186
2 0.307190 0.682102 0.009848 0.013186
2 0.419076 0.674441 0.009848 0.013186
2 0.530962 0.581424 0.009848 0.013186
2 0.642835 0.505644 0.009848 0.013186
2 0.754722 0.465966 0.009848 0.013186
2 0.866608 0.334763 0.009848 0.013186
2 0.978494 0.365254 0.009848 0.013186