0 0.087373 0.709585 0.011203 0.015000
0 0.187095 0.697161 0.011203 0.015000
0 0.286804 0.648754 0.011203 0.015000
0 0.386513 0.510890 0.011203 0.015000
0 0.486234 0.500500 0.011203 0.015000
0 0.585943 0.496856 0.011203 0.015000
0 0.685665 0.468737 0.011203 0.015000
0 0.785373 0.356263 0.011203 0.015000
0 0.885095 0.275331 0.011203 0.015000
0 0.984804 0.239636 0.011203 0.015000
6 0.087373 0.681585 0.011203 0.015000
6 0.168956 0.514805 0.011203 0.015000
6 0.250538 0.580093 0.011203 0.015000
6 0.332133 0.528347 0.011203 0.015000
6 0.413715 0.511161 0.011203 0.015000
6 0.495297 0.498856 0.011203 0.015000
6 0.576880 0.450483 0.011203 0.015000
6 0.658462 0.433653 0.011203 0.015000
6 0.740057 0.371568 0.011203 0.015000
6 0.821639 0.375873 0.011203 0.015000
6 0.903222 0.290619 0.011203 0.015000
6 0.984804 0.281432 0.011203 0.015000
7 0.087373 0.534093 0.011203 0.015000
7 0.199551 0.593042 0.011203 0.015000
7 0.311728 0.615297 0.011203 0.015000
7 0.423918 0.576229 0.011203 0.015000
7 0.536095 0.574771 0.011203 0.015000
7 0.648272 0.609737 0.011203 0.015000
7 0.760449 0.552432 0.011203 0.015000
7 0.872627 0.615466 0.011203 0.015000
7 0.984804 0.543331 0.011203 0.015000