5 0.107001 0.608333 0.017510 0.023435
5 0.173634 0.597313 0.017510 0.023435
5 0.240267 0.700238 0.017510 0.023435
5 0.306900 0.589677 0.017510 0.023435
5 0.373532 0.629133 0.017510 0.023435
5 0.440165 0.467517 0.017510 0.023435
5 0.506811 0.601276 0.017510 0.023435
5 0.573443 0.421173 0.017510 0.023435
5 0.640076 0.571207 0.017510 0.023435
5 0.706709 0.543895 0.017510 0.023435
5 0.773342 0.545714 0.017510 0.023435
5 0.839975 0.617126 0.017510 0.023435
5 0.906607 0.521735 0.017510 0.023435
5 0.973240 0.276871 0.017510 0.023435
0 0.107001 0.817908 0.017510 0.023435
0 0.168869 0.725051 0.017510 0.023435
0 0.230750 0.800629 0.017510 0.023435
0 0.292618 0.827959 0.017510 0.023435
0 0.354498 0.746718 0.017510 0.023435
0 0.416379 0.727160 0.017510 0.023435
0 0.478247 0.868605 0.017510 0.023435
0 0.540127 0.761429 0.017510 0.023435
0 0.601995 0.751190 0.017510 0.023435
0 0.663875 0.828554 0.017510 0.023435
0 0.725743 0.657364 0.017510 0.023435
0 0.787624 0.759065 0.017510 0.023435
0 0.849492 0.691531 0.017510 0.023435
0 0.911372 0.393776 0.017510 0.023435
0 0.973240 0.244354 0.017510 0.023435
3 0.107001 0.832500 0.017510 0.023435
3 0.179187 0.725952 0.017510 0.023435
3 0.251372 0.705595 0.017510 0.023435
3 0.323558 0.569881 0.017510 0.023435
3 0.395743 0.487313 0.017510 0.023435
3 0.467942 0.390680 0.017510 0.023435
3 0.540127 0.334558 0.017510 0.023435
3 0.612313 0.314014 0.017510 0.023435
3 0.684498 0.237194 0.017510 0.023435
3 0.756684 0.261582 0.017510 0.023435
3 0.828869 0.117483 0.017510 0.023435
3 0.901055 0.263622 0.017510 0.023435
3 0.973240 0.277415 0.017510 0.023435
6 0.107001 0.820561 0.017510 0.023435
6 0.215286 0.612160 0.017510 0.023435
6 0.323558 0.899779 0.017510 0.023435
6 0.431842 0.618554 0.017510 0.023435
6 0.540127 0.755578 0.017510 0.023435
6 0.648399 0.764694 0.017510 0.023435
6 0.756684 0.684949 0.017510 0.023435
6 0.864968 0.660544 0.017510 0.023435
6 0.973240 0.885340 0.017510 0.023435