2 0.090342 0.773000 0.009708 0.012983
2 0.201014 0.797746 0.009708 0.012983
2 0.311698 0.793525 0.009708 0.012983
2 0.422383 0.851169 0.009708 0.012983
2 0.533054 0.802186 0.009708 0.012983
2 0.643739 0.815407 0.009708 0.012983
2 0.754411 0.825949 0.009708 0.012983
2 0.865095 0.817051 0.009708 0.012983
2 0.975767 0.575017 0.009708 0.012983
5 0.090342 0.798763 0.009708 0.012983
5 0.164132 0.813797 0.009708 0.012983
5 0.237909 0.830593 0.009708 0.012983
5 0.311698 0.744695 0.009708 0.012983
5 0.385488 0.781644 0.009708 0.012983
5 0.459265 0.756305 0.009708 0.012983
5 0.533054 0.801864 0.009708 0.012983
5 0.606844 0.733441 0.009708 0.012983
5 0.680634 0.818373 0.009708 0.012983
5 0.754411 0.756169 0.009708 0.012983
5 0.828200 0.669678 0.009708 0.012983
5 0.901990 0.377898 0.009708 0.012983
5 0.975767 0.155492 0.009708 0.012983
4 0.090342 0.724542 0.009708 0.012983
4 0.164132 0.700983 0.009708 0.012983
4 0.237909 0.658864 0.009708 0.012983
4 0.311698 0.671085 0.009708 0.012983
4 0.385488 0.731593 0.009708 0.012983
4 0.459265 0.697068 0.009708 0.012983
4 0.533054 0.701102 0.009708 0.012983
4 0.606844 0.672237 0.009708 0.012983
4 0.680634 0.681373 0.009708 0.012983
4 0.754411 0.785169 0.009708 0.012983
4 0.828200 0.685407 0.009708 0.012983
4 0.901990 0.753712 0.009708 0.012983
4 0.975767 0.839288 0.009708 0.012983