0 0.091610 0.595271 0.015006 0.020068
0 0.202129 0.597492 0.015006 0.020068
0 0.312649 0.606576 0.015006 0.020068
0 0.423169 0.621153 0.015006 0.020068
0 0.533688 0.629983 0.015006 0.020068
0 0.644208 0.639288 0.015006 0.020068
0 0.754728 0.614915 0.015006 0.020068
0 0.865247 0.561356 0.015006 0.020068
0 0.975767 0.350322 0.015006 0.020068
2 0.091610 0.835373 0.015006 0.020068
2 0.171990 0.836000 0.015006 0.020068
2 0.252370 0.822695 0.015006 0.020068
2 0.332750 0.809763 0.015006 0.020068
2 0.413118 0.746949 0.015006 0.020068
2 0.493498 0.783797 0.015006 0.020068
2 0.573878 0.765525 0.015006 0.020068
2 0.654259 0.858966 0.015006 0.020068
2 0.734639 0.733508 0.015006 0.020068
2 0.815019 0.677085 0.015006 0.020068
2 0.895399 0.397220 0.015006 0.020068
2 0.975767 0.192814 0.015006 0.020068
6 0.091610 0.764186 0.015006 0.020068
6 0.180025 0.663966 0.015006 0.020068
6 0.268441 0.728542 0.015006 0.020068
6 0.356857 0.630305 0.015006 0.020068
6 0.445272 0.706339 0.015006 0.020068
6 0.533688 0.535593 0.015006 0.020068
6 0.622104 0.582712 0.015006 0.020068
6 0.710520 0.419492 0.015006 0.020068
6 0.798935 0.420373 0.015006 0.020068
6 0.887351 0.414356 0.015006 0.020068
6 0.975767 0.326559 0.015006 0.020068
4 0.091610 0.797949 0.015006 0.020068
4 0.180025 0.792034 0.015006 0.020068
4 0.268441 0.754492 0.015006 0.020068
4 0.356857 0.627729 0.015006 0.020068
4 0.445272 0.540610 0.015006 0.020068
4 0.533688 0.439983 0.015006 0.020068
4 0.622104 0.408000 0.015006 0.020068
4 0.710520 0.313203 0.015006 0.020068
4 0.798935 0.235475 0.015006 0.020068
4 0.887351 0.275085 0.015006 0.020068
4 0.975767 0.230729 0.015006 0.020068