3 0.110673 0.636031 0.011523 0.015468
3 0.176561 0.570664 0.011523 0.015468
3 0.242449 0.498279 0.011523 0.015468
3 0.308350 0.532198 0.011523 0.015468
3 0.374239 0.411601 0.011523 0.015468
3 0.440127 0.418007 0.011523 0.015468
3 0.506028 0.294889 0.011523 0.015468
3 0.571916 0.148160 0.011523 0.015468
3 0.637805 0.280716 0.011523 0.015468
3 0.703706 0.258160 0.011523 0.015468
3 0.769594 0.201635 0.011523 0.015468
3 0.835482 0.167070 0.011523 0.015468
3 0.901383 0.137683 0.011523 0.015468
3 0.967272 0.173475 0.011523 0.015468
7 0.110673 0.871244 0.011523 0.015468
7 0.182056 0.843935 0.011523 0.015468
7 0.253439 0.801874 0.011523 0.015468
7 0.324822 0.768927 0.011523 0.015468
7 0.396206 0.778330 0.011523 0.015468
7 0.467589 0.721499 0.011523 0.015468
7 0.538972 0.775468 0.011523 0.015468
7 0.610355 0.732624 0.011523 0.015468
7 0.681739 0.723083 0.011523 0.015468
7 0.753122 0.751840 0.011523 0.015468
7 0.824505 0.596150 0.011523 0.015468
7 0.895888 0.344940 0.011523 0.015468
7 0.967272 0.101073 0.011523 0.015468
0 0.110673 0.810460 0.011523 0.015468
0 0.164213 0.799353 0.011523 0.015468
0 0.217741 0.742010 0.011523 0.015468
0 0.271282 0.721465 0.011523 0.015468
0 0.324822 0.769455 0.011523 0.015468
0 0.378363 0.785264 0.011523 0.015468
0 0.431891 0.737717 0.011523 0.015468
0 0.485431 0.804804 0.011523 0.015468
0 0.538972 0.809012 0.011523 0.015468
0 0.592513 0.791993 0.011523 0.015468
0 0.646041 0.793509 0.011523 0.015468
0 0.699581 0.734821 0.011523 0.015468
0 0.753122 0.760579 0.011523 0.015468
0 0.806662 0.827394 0.011523 0.015468
0 0.860190 0.833526 0.011523 0.015468
0 0.913731 0.902164 0.011523 0.015468
0 0.967272 0.902164 0.011523 0.015468