0 0.117018 0.674327 0.015051 0.020204
0 0.203211 0.678416 0.015051 0.020204
0 0.289404 0.709591 0.015051 0.020204
0 0.375609 0.773049 0.015051 0.020204
0 0.461802 0.825451 0.015051 0.020204
0 0.547995 0.763765 0.015051 0.020204
0 0.634188 0.818842 0.015051 0.020204
0 0.720393 0.795434 0.015051 0.020204
0 0.806586 0.855434 0.015051 0.020204
0 0.892779 0.814259 0.015051 0.020204
0 0.978985 0.862504 0.015051 0.020204
1 0.117018 0.778722 0.015051 0.020204
1 0.240152 0.529864 0.015051 0.020204
1 0.363287 0.402453 0.015051 0.020204
1 0.486421 0.346746 0.015051 0.020204
1 0.609569 0.234532 0.015051 0.020204
1 0.732703 0.259591 0.015051 0.020204
1 0.855838 0.218859 0.015051 0.020204
1 0.978985 0.220903 0.015051 0.020204
2 0.117018 0.616082 0.015051 0.020204
2 0.224759 0.493441 0.015051 0.020204
2 0.332500 0.465775 0.015051 0.020204
2 0.440254 0.524804 0.015051 0.020204
2 0.547995 0.438228 0.015051 0.020204
2 0.655736 0.485417 0.015051 0.020204
2 0.763490 0.519438 0.015051 0.020204
2 0.871231 0.472845 0.015051 0.020204
2 0.978985 0.400068 0.015051 0.020204
3 0.117018 0.699864 0.015051 0.020204
3 0.212792 0.676269 0.015051 0.020204
3 0.308566 0.642078 0.015051 0.020204
3 0.404340 0.610187 0.015051 0.020204
3 0.500114 0.596763 0.015051 0.020204
3 0.595888 0.597053 0.015051 0.020204
3 0.691662 0.577905 0.015051 0.020204
3 0.787437 0.513032 0.015051 0.020204
3 0.883211 0.505690 0.015051 0.020204
3 0.978985 0.553032 0.015051 0.020204