7 0.087380 0.856780 0.010278 0.013763
7 0.156405 0.705000 0.010278 0.013763
7 0.225443 0.373339 0.010278 0.013763
7 0.294481 0.375610 0.010278 0.013763
7 0.363506 0.247881 0.010278 0.013763
7 0.432544 0.262305 0.010278 0.013763
7 0.501570 0.201051 0.010278 0.013763
7 0.570608 0.274407 0.010278 0.013763
7 0.639646 0.200542 0.010278 0.013763
7 0.708671 0.181763 0.010278 0.013763
7 0.777709 0.128746 0.010278 0.013763
7 0.846747 0.128492 0.010278 0.013763
7 0.915772 0.141780 0.010278 0.013763
7 0.984810 0.201847 0.010278 0.013763
6 0.087380 0.726712 0.010278 0.013763
6 0.156405 0.776831 0.010278 0.013763
6 0.225443 0.745102 0.010278 0.013763
6 0.294481 0.749966 0.010278 0.013763
6 0.363506 0.656797 0.010278 0.013763
6 0.432544 0.590525 0.010278 0.013763
6 0.501570 0.551271 0.010278 0.013763
6 0.570608 0.564237 0.010278 0.013763
6 0.639646 0.579220 0.010278 0.013763
6 0.708671 0.403136 0.010278 0.013763
6 0.777709 0.394153 0.010278 0.013763
6 0.846747 0.289949 0.010278 0.013763
6 0.915772 0.480644 0.010278 0.013763
6 0.984810 0.412068 0.010278 0.013763
3 0.087380 0.864458 0.010278 0.013763
3 0.151481 0.467525 0.010278 0.013763
3 0.215582 0.358339 0.010278 0.013763
3 0.279684 0.203169 0.010278 0.013763
3 0.343785 0.156085 0.010278 0.013763
3 0.407886 0.302424 0.010278 0.013763
3 0.471987 0.241169 0.010278 0.013763
3 0.536089 0.219119 0.010278 0.013763
3 0.600190 0.251492 0.010278 0.013763
3 0.664291 0.275644 0.010278 0.013763
3 0.728405 0.192373 0.010278 0.013763
3 0.792506 0.117220 0.010278 0.013763
3 0.856608 0.114780 0.010278 0.013763
3 0.920709 0.136356 0.010278 0.013763
3 0.984810 0.108102 0.010278 0.013763
2 0.087380 0.857898 0.010278 0.013763
2 0.162165 0.759610 0.010278 0.013763
2 0.236949 0.795000 0.010278 0.013763
2 0.311734 0.753797 0.010278 0.013763
2 0.386519 0.653627 0.010278 0.013763
2 0.461304 0.681339 0.010278 0.013763
2 0.536089 0.729492 0.010278 0.013763
2 0.610873 0.508644 0.010278 0.013763
2 0.685658 0.462390 0.010278 0.013763
2 0.760456 0.419780 0.010278 0.013763
2 0.835241 0.426695 0.010278 0.013763
2 0.910025 0.320186 0.010278 0.013763
2 0.984810 0.246949 0.010278 0.013763