3 0.091177 0.838373 0.015544 0.020814
3 0.202886 0.795508 0.015544 0.020814
3 0.314582 0.784441 0.015544 0.020814
3 0.426291 0.714780 0.015544 0.020814
3 0.538000 0.688729 0.015544 0.020814
3 0.649696 0.553051 0.015544 0.020814
3 0.761405 0.402814 0.015544 0.020814
3 0.873114 0.359627 0.015544 0.020814
3 0.984810 0.316017 0.015544 0.020814
0 0.091177 0.629492 0.015544 0.020814
0 0.165646 0.557966 0.015544 0.020814
0 0.240114 0.607729 0.015544 0.020814
0 0.314582 0.622220 0.015544 0.020814
0 0.389051 0.621847 0.015544 0.020814
0 0.463519 0.501492 0.015544 0.020814
0 0.538000 0.555237 0.015544 0.020814
0 0.612468 0.539051 0.015544 0.020814
0 0.686937 0.561983 0.015544 0.020814
0 0.761405 0.558915 0.015544 0.020814
0 0.835873 0.507729 0.015544 0.020814
0 0.910342 0.574729 0.015544 0.020814
0 0.984810 0.505339 0.015544 0.020814
5 0.091177 0.705847 0.015544 0.020814
5 0.190468 0.640288 0.015544 0.020814
5 0.289759 0.623034 0.015544 0.020814
5 0.389051 0.512661 0.015544 0.020814
5 0.488342 0.526034 0.015544 0.020814
5 0.587646 0.317814 0.015544 0.020814
5 0.686937 0.290322 0.015544 0.020814
5 0.786228 0.254881 0.015544 0.020814
5 0.885519 0.135390 0.015544 0.020814
5 0.984810 0.176068 0.015544 0.020814
7 0.091177 0.731797 0.015544 0.020814
7 0.190468 0.701356 0.015544 0.020814
7 0.289759 0.633390 0.015544 0.020814
7 0.389051 0.508831 0.015544 0.020814
7 0.488342 0.554220 0.015544 0.020814
7 0.587646 0.491949 0.015544 0.020814
7 0.686937 0.444424 0.015544 0.020814
7 0.786228 0.446627 0.015544 0.020814
7 0.885519 0.322576 0.015544 0.020814
7 0.984810 0.324610 0.015544 0.020814