1 0.082158 0.775297 0.012722 0.017034
1 0.156854 0.859059 0.012722 0.017034
1 0.231551 0.681466 0.012722 0.017034
1 0.306234 0.667890 0.012722 0.017034
1 0.380930 0.702449 0.012722 0.017034
1 0.455627 0.727737 0.012722 0.017034
1 0.530323 0.915737 0.012722 0.017034
1 0.605019 0.847771 0.012722 0.017034
1 0.679715 0.825364 0.012722 0.017034
1 0.754411 0.780347 0.012722 0.017034
1 0.829108 0.865585 0.012722 0.017034
1 0.903804 0.755314 0.012722 0.017034
1 0.978500 0.489890 0.012722 0.017034
6 0.082158 0.569331 0.012722 0.017034
6 0.156854 0.679059 0.012722 0.017034
6 0.231551 0.702941 0.012722 0.017034
6 0.306234 0.649347 0.012722 0.017034
6 0.380930 0.634771 0.012722 0.017034
6 0.455627 0.603839 0.012722 0.017034
6 0.530323 0.582534 0.012722 0.017034
6 0.605019 0.694127 0.012722 0.017034
6 0.679715 0.668839 0.012722 0.017034
6 0.754411 0.573432 0.012722 0.017034
6 0.829108 0.636500 0.012722 0.017034
6 0.903804 0.652059 0.012722 0.017034
6 0.978500 0.338483 0.012722 0.017034
2 0.082158 0.768653 0.012722 0.017034
2 0.151108 0.803720 0.012722 0.017034
2 0.220057 0.673534 0.012722 0.017034
2 0.289006 0.738331 0.012722 0.017034
2 0.357956 0.854347 0.012722 0.017034
2 0.426905 0.708212 0.012722 0.017034
2 0.495854 0.812686 0.012722 0.017034
2 0.564804 0.738364 0.012722 0.017034
2 0.633753 0.762703 0.012722 0.017034
2 0.702703 0.880042 0.012722 0.017034
2 0.771652 0.659093 0.012722 0.017034
2 0.840601 0.565941 0.012722 0.017034
2 0.909551 0.323788 0.012722 0.017034
2 0.978500 0.175161 0.012722 0.017034
3 0.082158 0.480042 0.012722 0.017034
3 0.194196 0.613280 0.012722 0.017034
3 0.306234 0.486653 0.012722 0.017034
3 0.418285 0.609669 0.012722 0.017034
3 0.530323 0.552093 0.012722 0.017034
3 0.642361 0.568280 0.012722 0.017034
3 0.754411 0.566992 0.012722 0.017034
3 0.866449 0.464602 0.012722 0.017034
3 0.978500 0.457873 0.012722 0.017034