0 0.106865 0.824378 0.017386 0.023339
0 0.169340 0.795383 0.017386 0.023339
0 0.231827 0.486218 0.017386 0.023339
0 0.294302 0.509131 0.017386 0.023339
0 0.356789 0.378007 0.017386 0.023339
0 0.419264 0.278995 0.017386 0.023339
0 0.481751 0.224310 0.017386 0.023339
0 0.544226 0.187853 0.017386 0.023339
0 0.606713 0.222266 0.017386 0.023339
0 0.669188 0.150750 0.017386 0.023339
0 0.731675 0.242641 0.017386 0.023339
0 0.794150 0.141806 0.017386 0.023339
0 0.856637 0.075963 0.017386 0.023339
0 0.919112 0.056440 0.017386 0.023339
0 0.981599 0.122709 0.017386 0.023339
6 0.106865 0.813271 0.017386 0.023339
6 0.204048 0.407172 0.017386 0.023339
6 0.301244 0.243765 0.017386 0.023339
6 0.398439 0.263441 0.017386 0.023339
6 0.495635 0.229557 0.017386 0.023339
6 0.592830 0.201414 0.017386 0.023339
6 0.690013 0.287206 0.017386 0.023339
6 0.787208 0.116917 0.017386 0.023339
6 0.884404 0.176371 0.017386 0.023339
6 0.981599 0.144974 0.017386 0.023339
1 0.106865 0.527070 0.017386 0.023339
1 0.194340 0.667206 0.017386 0.023339
1 0.281802 0.493526 0.017386 0.023339
1 0.369277 0.678296 0.017386 0.023339
1 0.456751 0.612794 0.017386 0.023339
1 0.544226 0.425230 0.017386 0.023339
1 0.631701 0.596985 0.017386 0.023339
1 0.719175 0.365247 0.017386 0.023339
1 0.806650 0.539148 0.017386 0.023339
1 0.894124 0.329012 0.017386 0.023339
1 0.981599 0.412249 0.017386 0.023339
4 0.106865 0.875077 0.017386 0.023339
4 0.179759 0.510204 0.017386 0.023339
4 0.252652 0.357939 0.017386 0.023339
4 0.325546 0.209540 0.017386 0.023339
4 0.398439 0.340119 0.017386 0.023339
4 0.471332 0.237666 0.017386 0.023339
4 0.544226 0.099796 0.017386 0.023339
4 0.617119 0.280187 0.017386 0.023339
4 0.690013 0.162078 0.017386 0.023339
4 0.762919 0.156388 0.017386 0.023339
4 0.835812 0.132624 0.017386 0.023339
4 0.908706 0.223714 0.017386 0.023339
4 0.981599 0.055537 0.017386 0.023339