2 0.087380 0.722034 0.011215 0.015017
2 0.265215 0.675034 0.011215 0.015017
2 0.443051 0.637390 0.011215 0.015017
2 0.620886 0.517949 0.011215 0.015017
2 0.798722 0.289898 0.011215 0.015017
2 0.976557 0.169831 0.011215 0.015017
3 0.087380 0.789017 0.011215 0.015017
3 0.176291 0.731407 0.011215 0.015017
3 0.265215 0.784780 0.011215 0.015017
3 0.354127 0.656576 0.011215 0.015017
3 0.443051 0.711780 0.011215 0.015017
3 0.531975 0.677508 0.011215 0.015017
3 0.620886 0.718017 0.011215 0.015017
3 0.709810 0.727339 0.011215 0.015017
3 0.798722 0.736966 0.011215 0.015017
3 0.887646 0.634983 0.011215 0.015017
3 0.976557 0.287441 0.011215 0.015017
7 0.087380 0.735220 0.011215 0.015017
7 0.176291 0.760831 0.011215 0.015017
7 0.265215 0.744220 0.011215 0.015017
7 0.354127 0.777559 0.011215 0.015017
7 0.443051 0.721525 0.011215 0.015017
7 0.531975 0.693508 0.011215 0.015017
7 0.620886 0.709864 0.011215 0.015017
7 0.709810 0.709322 0.011215 0.015017
7 0.798722 0.747678 0.011215 0.015017
7 0.887646 0.657593 0.011215 0.015017
7 0.976557 0.219220 0.011215 0.015017
5 0.087380 0.791949 0.011215 0.015017
5 0.214405 0.834542 0.011215 0.015017
5 0.341430 0.834119 0.011215 0.015017
5 0.468456 0.853966 0.011215 0.015017
5 0.595481 0.855525 0.011215 0.015017
5 0.722506 0.854695 0.011215 0.015017
5 0.849532 0.800441 0.011215 0.015017
5 0.976557 0.913763 0.011215 0.015017
6 0.087380 0.790458 0.011215 0.015017
6 0.265215 0.761220 0.011215 0.015017
6 0.443051 0.801508 0.011215 0.015017
6 0.620886 0.812814 0.011215 0.015017
6 0.798722 0.732373 0.011215 0.015017
6 0.976557 0.142237 0.011215 0.015017
1 0.087380 0.740390 0.011215 0.015017
1 0.265215 0.749119 0.011215 0.015017
1 0.443051 0.698237 0.011215 0.015017
1 0.620886 0.768525 0.011215 0.015017
1 0.798722 0.699051 0.011215 0.015017
1 0.976557 0.913763 0.011215 0.015017