2 0.106366 0.605196 0.011614 0.015571
2 0.202427 0.622964 0.011614 0.015571
2 0.298488 0.510153 0.011614 0.015571
2 0.394549 0.517394 0.011614 0.015571
2 0.490610 0.561908 0.011614 0.015571
2 0.586671 0.508160 0.011614 0.015571
2 0.682719 0.579455 0.011614 0.015571
2 0.778780 0.599353 0.011614 0.015571
2 0.874841 0.466422 0.011614 0.015571
2 0.970902 0.199472 0.011614 0.015571
5 0.106366 0.780375 0.011614 0.015571
5 0.202427 0.636065 0.011614 0.015571
5 0.298488 0.693015 0.011614 0.015571
5 0.394549 0.719489 0.011614 0.015571
5 0.490610 0.580835 0.011614 0.015571
5 0.586671 0.518927 0.011614 0.015571
5 0.682719 0.451755 0.011614 0.015571
5 0.778780 0.426763 0.011614 0.015571
5 0.874841 0.321550 0.011614 0.015571
5 0.970902 0.360579 0.011614 0.015571