5 0.091610 0.786068 0.012142 0.016237
5 0.171990 0.764203 0.012142 0.016237
5 0.252370 0.714322 0.012142 0.016237
5 0.332738 0.768051 0.012142 0.016237
5 0.413118 0.844797 0.012142 0.016237
5 0.493498 0.775847 0.012142 0.016237
5 0.573878 0.784627 0.012142 0.016237
5 0.654259 0.766508 0.012142 0.016237
5 0.734639 0.786237 0.012142 0.016237
5 0.815019 0.696000 0.012142 0.016237
5 0.895387 0.545508 0.012142 0.016237
5 0.975767 0.230898 0.012142 0.016237
6 0.091610 0.699475 0.012142 0.016237
6 0.171990 0.655390 0.012142 0.016237
6 0.252370 0.751610 0.012142 0.016237
6 0.332738 0.754949 0.012142 0.016237
6 0.413118 0.771271 0.012142 0.016237
6 0.493498 0.735576 0.012142 0.016237
6 0.573878 0.673780 0.012142 0.016237
6 0.654259 0.684186 0.012142 0.016237
6 0.734639 0.727678 0.012142 0.016237
6 0.815019 0.816542 0.012142 0.016237
6 0.895387 0.627441 0.012142 0.016237
6 0.975767 0.400237 0.012142 0.016237
7 0.091610 0.718797 0.012142 0.016237
7 0.150558 0.891203 0.012142 0.016237
7 0.209493 0.755949 0.012142 0.016237
7 0.268441 0.775508 0.012142 0.016237
7 0.327389 0.800407 0.012142 0.016237
7 0.386324 0.796712 0.012142 0.016237
7 0.445272 0.740729 0.012142 0.016237
7 0.504221 0.769186 0.012142 0.016237
7 0.563156 0.800203 0.012142 0.016237
7 0.622104 0.788492 0.012142 0.016237
7 0.681052 0.760966 0.012142 0.016237
7 0.740000 0.747119 0.012142 0.016237
7 0.798935 0.784661 0.012142 0.016237
7 0.857883 0.759729 0.012142 0.016237
7 0.916831 0.625559 0.012142 0.016237
7 0.975767 0.301797 0.012142 0.016237
2 0.091610 0.678339 0.012142 0.016237
2 0.165285 0.618576 0.012142 0.016237
2 0.238973 0.673068 0.012142 0.016237
2 0.312649 0.652102 0.012142 0.016237
2 0.386324 0.696508 0.012142 0.016237
2 0.460013 0.617746 0.012142 0.016237
2 0.533688 0.633085 0.012142 0.016237
2 0.607364 0.532288 0.012142 0.016237
2 0.681052 0.456559 0.012142 0.016237
2 0.754728 0.450864 0.012142 0.016237
2 0.828416 0.413542 0.012142 0.016237
2 0.902091 0.374102 0.012142 0.016237
2 0.975767 0.429864 0.012142 0.016237