3 0.093709 0.634746 0.010304 0.013797
3 0.182582 0.558068 0.010304 0.013797
3 0.271468 0.643356 0.010304 0.013797
3 0.360354 0.590220 0.010304 0.013797
3 0.449228 0.544288 0.010304 0.013797
3 0.538114 0.544627 0.010304 0.013797
3 0.626987 0.534814 0.010304 0.013797
3 0.715873 0.470288 0.010304 0.013797
3 0.804759 0.424797 0.010304 0.013797
3 0.893633 0.464271 0.010304 0.013797
3 0.982519 0.426186 0.010304 0.013797
1 0.093709 0.735475 0.010304 0.013797
1 0.220684 0.362407 0.010304 0.013797
1 0.347658 0.321508 0.010304 0.013797
1 0.474620 0.283763 0.010304 0.013797
1 0.601595 0.235661 0.010304 0.013797
1 0.728570 0.134322 0.010304 0.013797
1 0.855544 0.125085 0.010304 0.013797
1 0.982519 0.164695 0.010304 0.013797
4 0.093709 0.786763 0.010304 0.013797
4 0.162076 0.756136 0.010304 0.013797
4 0.230443 0.715000 0.010304 0.013797
4 0.298823 0.729593 0.010304 0.013797
4 0.367190 0.649949 0.010304 0.013797
4 0.435557 0.566305 0.010304 0.013797
4 0.503924 0.537220 0.010304 0.013797
4 0.572291 0.432847 0.010304 0.013797
4 0.640671 0.436424 0.010304 0.013797
4 0.709038 0.403627 0.010304 0.013797
4 0.777405 0.375203 0.010304 0.013797
4 0.845772 0.220169 0.010304 0.013797
4 0.914152 0.284051 0.010304 0.013797
4 0.982519 0.323441 0.010304 0.013797
2 0.093709 0.806525 0.010304 0.013797
2 0.220684 0.485847 0.010304 0.013797
2 0.347658 0.346644 0.010304 0.013797
2 0.474620 0.247373 0.010304 0.013797
2 0.601595 0.205915 0.010304 0.013797
2 0.728570 0.206136 0.010304 0.013797
2 0.855544 0.173458 0.010304 0.013797
2 0.982519 0.127475 0.010304 0.013797
7 0.093709 0.771797 0.010304 0.013797
7 0.157190 0.734508 0.010304 0.013797
7 0.220684 0.551627 0.010304 0.013797
7 0.284165 0.529339 0.010304 0.013797
7 0.347658 0.447424 0.010304 0.013797
7 0.411139 0.460932 0.010304 0.013797
7 0.474620 0.348966 0.010304 0.013797
7 0.538114 0.317729 0.010304 0.013797
7 0.601595 0.301034 0.010304 0.013797
7 0.665089 0.255780 0.010304 0.013797
7 0.728570 0.282712 0.010304 0.013797
7 0.792063 0.175339 0.010304 0.013797
7 0.855544 0.273390 0.010304 0.013797
7 0.919025 0.219797 0.010304 0.013797
7 0.982519 0.156508 0.010304 0.013797
0 0.093709 0.726119 0.010304 0.013797
0 0.220684 0.452814 0.010304 0.013797
0 0.347658 0.219542 0.010304 0.013797
0 0.474620 0.196068 0.010304 0.013797
0 0.601595 0.177305 0.010304 0.013797
0 0.728570 0.154390 0.010304 0.013797
0 0.855544 0.155322 0.010304 0.013797
0 0.982519 0.174881 0.010304 0.013797