0 0.087380 0.797661 0.010000 0.013390
0 0.214405 0.770407 0.010000 0.013390
0 0.341430 0.784237 0.010000 0.013390
0 0.468456 0.790034 0.010000 0.013390
0 0.595481 0.789373 0.010000 0.013390
0 0.722506 0.786746 0.010000 0.013390
0 0.849532 0.564119 0.010000 0.013390
0 0.976557 0.164576 0.010000 0.013390
2 0.087380 0.798932 0.010000 0.013390
2 0.186177 0.806983 0.010000 0.013390
2 0.284975 0.786119 0.010000 0.013390
2 0.383772 0.780085 0.010000 0.013390
2 0.482570 0.795729 0.010000 0.013390
2 0.581367 0.790271 0.010000 0.013390
2 0.680165 0.774678 0.010000 0.013390
2 0.778962 0.722458 0.010000 0.013390
2 0.877759 0.441983 0.010000 0.013390
2 0.976557 0.155983 0.010000 0.013390
5 0.087380 0.759932 0.010000 0.013390
5 0.214405 0.762492 0.010000 0.013390
5 0.341430 0.769729 0.010000 0.013390
5 0.468456 0.768644 0.010000 0.013390
5 0.595481 0.738051 0.010000 0.013390
5 0.722506 0.751237 0.010000 0.013390
5 0.849532 0.732136 0.010000 0.013390
5 0.976557 0.406695 0.010000 0.013390
4 0.087380 0.784000 0.010000 0.013390
4 0.186177 0.759119 0.010000 0.013390
4 0.284975 0.716729 0.010000 0.013390
4 0.383772 0.645729 0.010000 0.013390
4 0.482570 0.497780 0.010000 0.013390
4 0.581367 0.362271 0.010000 0.013390
4 0.680165 0.266475 0.010000 0.013390
4 0.778962 0.184508 0.010000 0.013390
4 0.877759 0.150780 0.010000 0.013390
4 0.976557 0.104220 0.010000 0.013390