4 0.083424 0.752059 0.015810 0.021169
4 0.195297 0.902703 0.015810 0.021169
4 0.307184 0.812856 0.015810 0.021169
4 0.419070 0.741619 0.015810 0.021169
4 0.530956 0.855958 0.015810 0.021169
4 0.642842 0.682653 0.015810 0.021169
4 0.754728 0.808873 0.015810 0.021169
4 0.866614 0.433263 0.015810 0.021169
4 0.978487 0.327093 0.015810 0.021169
2 0.083424 0.692653 0.015810 0.021169
2 0.152272 0.699754 0.015810 0.021169
2 0.221120 0.759093 0.015810 0.021169
2 0.289981 0.632771 0.015810 0.021169
2 0.358829 0.656042 0.015810 0.021169
2 0.427677 0.735025 0.015810 0.021169
2 0.496525 0.559161 0.015810 0.021169
2 0.565386 0.742331 0.015810 0.021169
2 0.634234 0.801110 0.015810 0.021169
2 0.703082 0.547449 0.015810 0.021169
2 0.771943 0.705788 0.015810 0.021169
2 0.840791 0.779364 0.015810 0.021169
2 0.909639 0.695720 0.015810 0.021169
2 0.978487 0.918093 0.015810 0.021169
7 0.083424 0.834178 0.015810 0.021169
7 0.182867 0.898737 0.015810 0.021169
7 0.282323 0.719669 0.015810 0.021169
7 0.381778 0.841992 0.015810 0.021169
7 0.481234 0.791466 0.015810 0.021169
7 0.580677 0.763432 0.015810 0.021169
7 0.680133 0.918093 0.015810 0.021169
7 0.779589 0.661517 0.015810 0.021169
7 0.879044 0.833025 0.015810 0.021169
7 0.978487 0.791585 0.015810 0.021169
5 0.083424 0.771720 0.015810 0.021169
5 0.164791 0.826992 0.015810 0.021169
5 0.246158 0.738110 0.015810 0.021169
5 0.327525 0.747822 0.015810 0.021169
5 0.408905 0.663364 0.015810 0.021169
5 0.490272 0.695161 0.015810 0.021169
5 0.571639 0.617907 0.015810 0.021169
5 0.653006 0.771381 0.015810 0.021169
5 0.734386 0.808432 0.015810 0.021169
5 0.815753 0.785347 0.015810 0.021169
5 0.897120 0.764110 0.015810 0.021169
5 0.978487 0.630669 0.015810 0.021169