2 0.087380 0.866237 0.011013 0.014746
2 0.186177 0.824644 0.011013 0.014746
2 0.284975 0.728390 0.011013 0.014746
2 0.383772 0.813322 0.011013 0.014746
2 0.482570 0.804322 0.011013 0.014746
2 0.581367 0.807695 0.011013 0.014746
2 0.680165 0.796153 0.011013 0.014746
2 0.778962 0.739627 0.011013 0.014746
2 0.877759 0.463831 0.011013 0.014746
2 0.976557 0.178322 0.011013 0.014746
4 0.087380 0.789610 0.011013 0.014746
4 0.176291 0.767237 0.011013 0.014746
4 0.265215 0.783102 0.011013 0.014746
4 0.354127 0.765254 0.011013 0.014746
4 0.443051 0.729441 0.011013 0.014746
4 0.531962 0.603695 0.011013 0.014746
4 0.620886 0.534085 0.011013 0.014746
4 0.709797 0.426695 0.011013 0.014746
4 0.798722 0.335458 0.011013 0.014746
4 0.887633 0.206373 0.011013 0.014746
4 0.976557 0.285712 0.011013 0.014746
3 0.087380 0.520407 0.011013 0.014746
3 0.155772 0.539271 0.011013 0.014746
3 0.224177 0.602153 0.011013 0.014746
3 0.292570 0.594424 0.011013 0.014746
3 0.360975 0.570559 0.011013 0.014746
3 0.429367 0.560712 0.011013 0.014746
3 0.497772 0.607932 0.011013 0.014746
3 0.566165 0.528695 0.011013 0.014746
3 0.634557 0.566627 0.011013 0.014746
3 0.702962 0.577763 0.011013 0.014746
3 0.771354 0.521017 0.011013 0.014746
3 0.839759 0.513847 0.011013 0.014746
3 0.908152 0.530576 0.011013 0.014746
3 0.976557 0.490305 0.011013 0.014746
6 0.087380 0.684729 0.011013 0.014746
6 0.186177 0.634186 0.011013 0.014746
6 0.284975 0.724407 0.011013 0.014746
6 0.383772 0.654678 0.011013 0.014746
6 0.482570 0.648136 0.011013 0.014746
6 0.581367 0.613932 0.011013 0.014746
6 0.680165 0.696542 0.011013 0.014746
6 0.778962 0.577814 0.011013 0.014746
6 0.877759 0.646627 0.011013 0.014746
6 0.976557 0.177271 0.011013 0.014746