3 0.091171 0.572076 0.016494 0.022085
3 0.179715 0.571873 0.016494 0.022085
3 0.268247 0.526636 0.016494 0.022085
3 0.356791 0.586703 0.016494 0.022085
3 0.445323 0.548890 0.016494 0.022085
3 0.533867 0.513924 0.016494 0.022085
3 0.622399 0.567602 0.016494 0.022085
3 0.710943 0.545381 0.016494 0.022085
3 0.799475 0.566280 0.016494 0.022085
3 0.888019 0.551415 0.016494 0.022085
3 0.976563 0.756703 0.016494 0.022085
1 0.091171 0.688585 0.016494 0.022085
1 0.154411 0.751398 0.016494 0.022085
1 0.217652 0.796720 0.016494 0.022085
1 0.280892 0.730669 0.016494 0.022085
1 0.344146 0.703653 0.016494 0.022085
1 0.407386 0.666229 0.016494 0.022085
1 0.470627 0.734432 0.016494 0.022085
1 0.533867 0.652636 0.016494 0.022085
1 0.597108 0.542059 0.016494 0.022085
1 0.660348 0.500398 0.016494 0.022085
1 0.723589 0.387110 0.016494 0.022085
1 0.786829 0.457788 0.016494 0.022085
1 0.850070 0.338737 0.016494 0.022085
1 0.913310 0.265263 0.016494 0.022085
1 0.976563 0.147822 0.016494 0.022085
4 0.091171 0.622280 0.016494 0.022085
4 0.171665 0.605669 0.016494 0.022085
4 0.252146 0.691805 0.016494 0.022085
4 0.332639 0.574398 0.016494 0.022085
4 0.413133 0.576873 0.016494 0.022085
4 0.493614 0.472958 0.016494 0.022085
4 0.574108 0.434059 0.016494 0.022085
4 0.654601 0.419720 0.016494 0.022085
4 0.735082 0.373178 0.016494 0.022085
4 0.815576 0.388008 0.016494 0.022085
4 0.896070 0.361653 0.016494 0.022085
4 0.976563 0.318551 0.016494 0.022085
7 0.091171 0.801534 0.016494 0.022085
7 0.189551 0.778415 0.016494 0.022085
7 0.287930 0.664008 0.016494 0.022085
7 0.386297 0.649992 0.016494 0.022085
7 0.484677 0.510653 0.016494 0.022085
7 0.583057 0.329076 0.016494 0.022085
7 0.681424 0.413754 0.016494 0.022085
7 0.779804 0.326466 0.016494 0.022085
7 0.878184 0.297737 0.016494 0.022085
7 0.976563 0.296771 0.016494 0.022085