5 0.091603 0.705856 0.013270 0.017746
5 0.202123 0.699500 0.013270 0.017746
5 0.312643 0.717025 0.013270 0.017746
5 0.423162 0.613246 0.013270 0.017746
5 0.533682 0.575449 0.013270 0.017746
5 0.644202 0.518958 0.013270 0.017746
5 0.754721 0.429178 0.013270 0.017746
5 0.865241 0.308042 0.013270 0.017746
5 0.975773 0.260195 0.013270 0.017746
7 0.091603 0.551686 0.013270 0.017746
7 0.189842 0.684653 0.013270 0.017746
7 0.288080 0.636110 0.013270 0.017746
7 0.386331 0.546280 0.013270 0.017746
7 0.484569 0.566890 0.013270 0.017746
7 0.582807 0.673500 0.013270 0.017746
7 0.681046 0.641297 0.013270 0.017746
7 0.779284 0.636585 0.013270 0.017746
7 0.877522 0.585229 0.013270 0.017746
7 0.975773 0.644246 0.013270 0.017746