3 0.115742 0.776210 0.016231 0.021789
3 0.186707 0.788220 0.016231 0.021789
3 0.257671 0.715818 0.016231 0.021789
3 0.328623 0.708595 0.016231 0.021789
3 0.399588 0.648254 0.016231 0.021789
3 0.470552 0.615153 0.016231 0.021789
3 0.541504 0.555273 0.016231 0.021789
3 0.612468 0.388237 0.016231 0.021789
3 0.683433 0.345750 0.016231 0.021789
3 0.754385 0.240077 0.016231 0.021789
3 0.825349 0.229480 0.016231 0.021789
3 0.896313 0.229463 0.016231 0.021789
3 0.967265 0.165170 0.016231 0.021789
7 0.115742 0.752939 0.016231 0.021789
7 0.200895 0.819514 0.016231 0.021789
7 0.286047 0.798952 0.016231 0.021789
7 0.371199 0.783007 0.016231 0.021789
7 0.456352 0.761099 0.016231 0.021789
7 0.541504 0.756721 0.016231 0.021789
7 0.626656 0.731678 0.016231 0.021789
7 0.711808 0.846601 0.016231 0.021789
7 0.796961 0.742002 0.016231 0.021789
7 0.882113 0.576755 0.016231 0.021789
7 0.967265 0.166618 0.016231 0.021789
5 0.115742 0.607641 0.016231 0.021789
5 0.193154 0.633313 0.016231 0.021789
5 0.270565 0.637027 0.016231 0.021789
5 0.347976 0.627555 0.016231 0.021789
5 0.425387 0.585204 0.016231 0.021789
5 0.502798 0.625221 0.016231 0.021789
5 0.580209 0.625017 0.016231 0.021789
5 0.657621 0.617351 0.016231 0.021789
5 0.735032 0.576516 0.016231 0.021789
5 0.812443 0.614336 0.016231 0.021789
5 0.889854 0.720690 0.016231 0.021789
5 0.967265 0.845596 0.016231 0.021789
4 0.115742 0.726567 0.016231 0.021789
4 0.210362 0.740451 0.016231 0.021789
4 0.304968 0.743007 0.016231 0.021789
4 0.399588 0.655341 0.016231 0.021789
4 0.494194 0.571746 0.016231 0.021789
4 0.588813 0.551388 0.016231 0.021789
4 0.683433 0.432462 0.016231 0.021789
4 0.778039 0.353279 0.016231 0.021789
4 0.872659 0.290315 0.016231 0.021789
4 0.967265 0.302768 0.016231 0.021789
2 0.115742 0.563024 0.016231 0.021789
2 0.186707 0.517794 0.016231 0.021789
2 0.257671 0.521985 0.016231 0.021789
2 0.328623 0.560298 0.016231 0.021789
2 0.399588 0.606056 0.016231 0.021789
2 0.470552 0.514779 0.016231 0.021789
2 0.541504 0.599634 0.016231 0.021789
2 0.612468 0.599293 0.016231 0.021789
2 0.683433 0.553876 0.016231 0.021789
2 0.754385 0.599702 0.016231 0.021789
2 0.825349 0.613262 0.016231 0.021789
2 0.896313 0.660792 0.016231 0.021789
2 0.967265 0.738952 0.016231 0.021789
1 0.115742 0.773041 0.016231 0.021789
1 0.210362 0.750264 0.016231 0.021789
1 0.304968 0.731985 0.016231 0.021789
1 0.399588 0.677692 0.016231 0.021789
1 0.494194 0.618186 0.016231 0.021789
1 0.588813 0.549429 0.016231 0.021789
1 0.683433 0.421167 0.016231 0.021789
1 0.778039 0.347658 0.016231 0.021789
1 0.872659 0.232564 0.016231 0.021789
1 0.967265 0.222700 0.016231 0.021789