1 0.089068 0.807059 0.015196 0.020322
1 0.177738 0.772517 0.015196 0.020322
1 0.266407 0.835805 0.015196 0.020322
1 0.355076 0.795415 0.015196 0.020322
1 0.443745 0.802585 0.015196 0.020322
1 0.532414 0.784517 0.015196 0.020322
1 0.621084 0.783042 0.015196 0.020322
1 0.709753 0.746314 0.015196 0.020322
1 0.798435 0.708229 0.015196 0.020322
1 0.887104 0.386737 0.015196 0.020322
1 0.975773 0.147873 0.015196 0.020322
7 0.089068 0.734025 0.015196 0.020322
7 0.157281 0.774890 0.015196 0.020322
7 0.225482 0.771025 0.015196 0.020322
7 0.293695 0.797212 0.015196 0.020322
7 0.361895 0.728822 0.015196 0.020322
7 0.430108 0.731500 0.015196 0.020322
7 0.498321 0.804619 0.015196 0.020322
7 0.566521 0.807263 0.015196 0.020322
7 0.634734 0.734381 0.015196 0.020322
7 0.702934 0.767042 0.015196 0.020322
7 0.771147 0.759822 0.015196 0.020322
7 0.839347 0.603025 0.015196 0.020322
7 0.907560 0.320076 0.015196 0.020322
7 0.975773 0.187619 0.015196 0.020322
2 0.089068 0.841483 0.015196 0.020322
2 0.177738 0.871398 0.015196 0.020322
2 0.266407 0.879856 0.015196 0.020322
2 0.355076 0.814280 0.015196 0.020322
2 0.443745 0.794449 0.015196 0.020322
2 0.532414 0.790059 0.015196 0.020322
2 0.621084 0.800144 0.015196 0.020322
2 0.709753 0.864314 0.015196 0.020322
2 0.798435 0.831025 0.015196 0.020322
2 0.887104 0.740246 0.015196 0.020322
2 0.975773 0.296686 0.015196 0.020322
3 0.089068 0.858347 0.015196 0.020322
3 0.157281 0.735754 0.015196 0.020322
3 0.225482 0.834907 0.015196 0.020322
3 0.293695 0.785483 0.015196 0.020322
3 0.361895 0.889364 0.015196 0.020322
3 0.430108 0.852008 0.015196 0.020322
3 0.498321 0.768602 0.015196 0.020322
3 0.566521 0.792195 0.015196 0.020322
3 0.634734 0.767314 0.015196 0.020322
3 0.702934 0.783975 0.015196 0.020322
3 0.771147 0.715144 0.015196 0.020322
3 0.839347 0.574602 0.015196 0.020322
3 0.907560 0.364229 0.015196 0.020322
3 0.975773 0.168008 0.015196 0.020322