2 0.103342 0.789233 0.014536 0.019489
2 0.277814 0.775315 0.014536 0.019489
2 0.452287 0.769608 0.014536 0.019489
2 0.626760 0.785554 0.014536 0.019489
2 0.801233 0.726678 0.014536 0.019489
2 0.975705 0.231022 0.014536 0.019489
3 0.103342 0.753782 0.014536 0.019489
3 0.200267 0.741550 0.014536 0.019489
3 0.297205 0.720443 0.014536 0.019489
3 0.394130 0.714532 0.014536 0.019489
3 0.491055 0.645434 0.014536 0.019489
3 0.587992 0.561295 0.014536 0.019489
3 0.684917 0.470341 0.014536 0.019489
3 0.781842 0.350937 0.014536 0.019489
3 0.878780 0.282828 0.014536 0.019489
3 0.975705 0.207888 0.014536 0.019489
5 0.103342 0.813424 0.014536 0.019489
5 0.176036 0.742129 0.014536 0.019489
5 0.248742 0.780341 0.014536 0.019489
5 0.321436 0.777530 0.014536 0.019489
5 0.394130 0.776048 0.014536 0.019489
5 0.466823 0.774889 0.014536 0.019489
5 0.539530 0.796405 0.014536 0.019489
5 0.612224 0.768450 0.014536 0.019489
5 0.684917 0.767053 0.014536 0.019489
5 0.757611 0.751482 0.014536 0.019489
5 0.830318 0.614736 0.014536 0.019489
5 0.903011 0.335503 0.014536 0.019489
5 0.975705 0.160852 0.014536 0.019489
7 0.103342 0.689097 0.014536 0.019489
7 0.190584 0.668177 0.014536 0.019489
7 0.277814 0.666235 0.014536 0.019489
7 0.365057 0.653884 0.014536 0.019489
7 0.452287 0.638722 0.014536 0.019489
7 0.539530 0.590716 0.014536 0.019489
7 0.626760 0.519625 0.014536 0.019489
7 0.714003 0.440852 0.014536 0.019489
7 0.801233 0.365111 0.014536 0.019489
7 0.888475 0.302436 0.014536 0.019489
7 0.975705 0.247359 0.014536 0.019489