2 0.123936 0.704735 0.020076 0.026940
2 0.217745 0.694359 0.020076 0.026940
2 0.311554 0.679026 0.020076 0.026940
2 0.405350 0.682291 0.020076 0.026940
2 0.499159 0.652547 0.020076 0.026940
2 0.592955 0.566598 0.020076 0.026940
2 0.686764 0.480188 0.020076 0.026940
2 0.780573 0.424718 0.020076 0.026940
2 0.874369 0.350342 0.020076 0.026940
2 0.968178 0.335350 0.020076 0.026940
6 0.123936 0.644974 0.020076 0.026940
6 0.244548 0.586838 0.020076 0.026940
6 0.365146 0.532051 0.020076 0.026940
6 0.485758 0.438821 0.020076 0.026940
6 0.606357 0.378718 0.020076 0.026940
6 0.726968 0.296838 0.020076 0.026940
6 0.847567 0.303248 0.020076 0.026940
6 0.968178 0.275060 0.020076 0.026940
7 0.123936 0.701316 0.020076 0.026940
7 0.200688 0.671350 0.020076 0.026940
7 0.277439 0.628547 0.020076 0.026940
7 0.354191 0.584598 0.020076 0.026940
7 0.430930 0.526821 0.020076 0.026940
7 0.507682 0.462735 0.020076 0.026940
7 0.584433 0.431829 0.020076 0.026940
7 0.661185 0.356171 0.020076 0.026940
7 0.737924 0.321453 0.020076 0.026940
7 0.814675 0.276171 0.020076 0.026940
7 0.891427 0.279248 0.020076 0.026940
7 0.968178 0.276342 0.020076 0.026940