0 0.086108 0.717500 0.012215 0.016356
0 0.167057 0.712144 0.012215 0.016356
0 0.248006 0.750144 0.012215 0.016356
0 0.328956 0.737466 0.012215 0.016356
0 0.409905 0.751466 0.012215 0.016356
0 0.490854 0.674822 0.012215 0.016356
0 0.571804 0.670381 0.012215 0.016356
0 0.652753 0.755686 0.012215 0.016356
0 0.733703 0.724517 0.012215 0.016356
0 0.814665 0.754907 0.012215 0.016356
0 0.895614 0.619263 0.012215 0.016356
0 0.976563 0.487297 0.012215 0.016356
5 0.086108 0.794076 0.012215 0.016356
5 0.185044 0.839466 0.012215 0.016356
5 0.283994 0.807737 0.012215 0.016356
5 0.382930 0.814856 0.012215 0.016356
5 0.481867 0.810347 0.012215 0.016356
5 0.580804 0.827161 0.012215 0.016356
5 0.679741 0.835941 0.012215 0.016356
5 0.778677 0.806720 0.012215 0.016356
5 0.877614 0.753551 0.012215 0.016356
5 0.976563 0.785619 0.012215 0.016356
6 0.086108 0.880347 0.012215 0.016356
6 0.185044 0.840907 0.012215 0.016356
6 0.283994 0.828669 0.012215 0.016356
6 0.382930 0.737008 0.012215 0.016356
6 0.481867 0.715754 0.012215 0.016356
6 0.580804 0.842195 0.012215 0.016356
6 0.679741 0.727636 0.012215 0.016356
6 0.778677 0.742466 0.012215 0.016356
6 0.877614 0.595025 0.012215 0.016356
6 0.976563 0.340246 0.012215 0.016356
7 0.086108 0.648805 0.012215 0.016356
7 0.167057 0.688941 0.012215 0.016356
7 0.248006 0.666008 0.012215 0.016356
7 0.328956 0.616941 0.012215 0.016356
7 0.409905 0.502636 0.012215 0.016356
7 0.490854 0.435839 0.012215 0.016356
7 0.571804 0.366754 0.012215 0.016356
7 0.652753 0.390958 0.012215 0.016356
7 0.733703 0.348229 0.012215 0.016356
7 0.814665 0.273127 0.012215 0.016356
7 0.895614 0.283788 0.012215 0.016356
7 0.976563 0.334347 0.012215 0.016356
2 0.086108 0.776280 0.012215 0.016356
2 0.175158 0.835025 0.012215 0.016356
2 0.264196 0.776517 0.012215 0.016356
2 0.353247 0.832059 0.012215 0.016356
2 0.442285 0.849178 0.012215 0.016356
2 0.531335 0.870805 0.012215 0.016356
2 0.620373 0.825500 0.012215 0.016356
2 0.709424 0.823280 0.012215 0.016356
2 0.798475 0.736178 0.012215 0.016356
2 0.887513 0.683636 0.012215 0.016356
2 0.976563 0.151093 0.012215 0.016356
4 0.086108 0.800008 0.012215 0.016356
4 0.167057 0.779686 0.012215 0.016356
4 0.248006 0.785025 0.012215 0.016356
4 0.328956 0.827754 0.012215 0.016356
4 0.409905 0.813754 0.012215 0.016356
4 0.490854 0.808059 0.012215 0.016356
4 0.571804 0.792212 0.012215 0.016356
4 0.652753 0.816364 0.012215 0.016356
4 0.733703 0.794008 0.012215 0.016356
4 0.814665 0.796720 0.012215 0.016356
4 0.895614 0.467263 0.012215 0.016356
4 0.976563 0.189873 0.012215 0.016356