4 0.083424 0.762534 0.011076 0.014831
4 0.158006 0.778347 0.011076 0.014831
4 0.232601 0.681144 0.011076 0.014831
4 0.307184 0.606263 0.011076 0.014831
4 0.381778 0.633619 0.011076 0.014831
4 0.456373 0.579178 0.011076 0.014831
4 0.530956 0.516856 0.011076 0.014831
4 0.605551 0.508076 0.011076 0.014831
4 0.680133 0.322585 0.011076 0.014831
4 0.754728 0.185093 0.011076 0.014831
4 0.829310 0.267788 0.011076 0.014831
4 0.903905 0.285398 0.011076 0.014831
4 0.978500 0.167076 0.011076 0.014831
6 0.083424 0.792449 0.011076 0.014831
6 0.172930 0.810483 0.011076 0.014831
6 0.262437 0.885636 0.011076 0.014831
6 0.351943 0.851008 0.011076 0.014831
6 0.441449 0.792483 0.011076 0.014831
6 0.530956 0.644195 0.011076 0.014831
6 0.620462 0.786941 0.011076 0.014831
6 0.709968 0.849212 0.011076 0.014831
6 0.799475 0.763364 0.011076 0.014831
6 0.888981 0.532822 0.011076 0.014831
6 0.978500 0.176653 0.011076 0.014831
5 0.083424 0.453856 0.011076 0.014831
5 0.152272 0.565466 0.011076 0.014831
5 0.221120 0.451822 0.011076 0.014831
5 0.289981 0.512127 0.011076 0.014831
5 0.358829 0.691737 0.011076 0.014831
5 0.427677 0.467127 0.011076 0.014831
5 0.496538 0.625992 0.011076 0.014831
5 0.565386 0.411297 0.011076 0.014831
5 0.634234 0.584669 0.011076 0.014831
5 0.703082 0.536483 0.011076 0.014831
5 0.771943 0.578059 0.011076 0.014831
5 0.840791 0.428347 0.011076 0.014831
5 0.909639 0.343602 0.011076 0.014831
5 0.978500 0.128415 0.011076 0.014831
3 0.083424 0.781415 0.011076 0.014831
3 0.152272 0.860212 0.011076 0.014831
3 0.221120 0.781398 0.011076 0.014831
3 0.289981 0.691788 0.011076 0.014831
3 0.358829 0.697669 0.011076 0.014831
3 0.427677 0.705602 0.011076 0.014831
3 0.496538 0.799280 0.011076 0.014831
3 0.565386 0.753449 0.011076 0.014831
3 0.634234 0.918517 0.011076 0.014831
3 0.703082 0.745500 0.011076 0.014831
3 0.771943 0.794602 0.011076 0.014831
3 0.840791 0.636008 0.011076 0.014831
3 0.909639 0.680720 0.011076 0.014831
3 0.978500 0.384466 0.011076 0.014831