0 0.098772 0.658983 0.011848 0.015864
0 0.195861 0.753949 0.011848 0.015864
0 0.292949 0.704780 0.011848 0.015864
0 0.390051 0.580983 0.011848 0.015864
0 0.487139 0.662966 0.011848 0.015864
0 0.584228 0.609814 0.011848 0.015864
0 0.681316 0.484864 0.011848 0.015864
0 0.778405 0.460542 0.011848 0.015864
0 0.875506 0.328542 0.011848 0.015864
0 0.972595 0.323068 0.011848 0.015864
4 0.098772 0.726068 0.011848 0.015864
4 0.186152 0.651831 0.011848 0.015864
4 0.273532 0.618051 0.011848 0.015864
4 0.360924 0.491136 0.011848 0.015864
4 0.448304 0.437068 0.011848 0.015864
4 0.535684 0.284508 0.011848 0.015864
4 0.623063 0.286322 0.011848 0.015864
4 0.710443 0.214881 0.011848 0.015864
4 0.797823 0.187949 0.011848 0.015864
4 0.885215 0.131508 0.011848 0.015864
4 0.972595 0.137169 0.011848 0.015864
1 0.098772 0.771271 0.011848 0.015864
1 0.171595 0.801000 0.011848 0.015864
1 0.244405 0.821729 0.011848 0.015864
1 0.317228 0.817119 0.011848 0.015864
1 0.390051 0.811898 0.011848 0.015864
1 0.462861 0.837102 0.011848 0.015864
1 0.535684 0.819949 0.011848 0.015864
1 0.608506 0.821542 0.011848 0.015864
1 0.681316 0.793237 0.011848 0.015864
1 0.754139 0.839847 0.011848 0.015864
1 0.826949 0.856322 0.011848 0.015864
1 0.899772 0.837305 0.011848 0.015864
1 0.972595 0.905288 0.011848 0.015864
5 0.098772 0.678627 0.011848 0.015864
5 0.186152 0.685864 0.011848 0.015864
5 0.273532 0.697119 0.011848 0.015864
5 0.360924 0.674881 0.011848 0.015864
5 0.448304 0.689119 0.011848 0.015864
5 0.535684 0.693542 0.011848 0.015864
5 0.623063 0.714542 0.011848 0.015864
5 0.710443 0.753322 0.011848 0.015864
5 0.797823 0.662305 0.011848 0.015864
5 0.885215 0.636881 0.011848 0.015864
5 0.972595 0.159831 0.011848 0.015864