3 0.087228 0.747763 0.013114 0.017559
3 0.168241 0.735915 0.013114 0.017559
3 0.249266 0.746356 0.013114 0.017559
3 0.330291 0.779763 0.013114 0.017559
3 0.411316 0.653153 0.013114 0.017559
3 0.492342 0.832780 0.013114 0.017559
3 0.573367 0.913424 0.013114 0.017559
3 0.654392 0.808576 0.013114 0.017559
3 0.735418 0.741542 0.013114 0.017559
3 0.816443 0.535068 0.013114 0.017559
3 0.897468 0.458034 0.013114 0.017559
3 0.978494 0.213288 0.013114 0.017559
2 0.087228 0.712763 0.013114 0.017559
2 0.176354 0.773542 0.013114 0.017559
2 0.265481 0.655831 0.013114 0.017559
2 0.354608 0.402305 0.013114 0.017559
2 0.443734 0.556305 0.013114 0.017559
2 0.532861 0.376644 0.013114 0.017559
2 0.621987 0.268712 0.013114 0.017559
2 0.711114 0.206068 0.013114 0.017559
2 0.800241 0.358525 0.013114 0.017559
2 0.889367 0.269763 0.013114 0.017559
2 0.978494 0.224983 0.013114 0.017559
5 0.087228 0.893678 0.013114 0.017559
5 0.161494 0.894847 0.013114 0.017559
5 0.235772 0.886763 0.013114 0.017559
5 0.310038 0.675288 0.013114 0.017559
5 0.384316 0.734661 0.013114 0.017559
5 0.458582 0.832203 0.013114 0.017559
5 0.532861 0.747407 0.013114 0.017559
5 0.607127 0.862644 0.013114 0.017559
5 0.681405 0.913424 0.013114 0.017559
5 0.755684 0.730085 0.013114 0.017559
5 0.829949 0.726169 0.013114 0.017559
5 0.904228 0.588051 0.013114 0.017559
5 0.978494 0.179695 0.013114 0.017559
7 0.087228 0.601153 0.013114 0.017559
7 0.155785 0.539136 0.013114 0.017559
7 0.224342 0.663186 0.013114 0.017559
7 0.292899 0.539678 0.013114 0.017559
7 0.361456 0.715051 0.013114 0.017559
7 0.430025 0.589458 0.013114 0.017559
7 0.498582 0.639864 0.013114 0.017559
7 0.567139 0.635102 0.013114 0.017559
7 0.635696 0.659729 0.013114 0.017559
7 0.704253 0.599169 0.013114 0.017559
7 0.772823 0.635186 0.013114 0.017559
7 0.841380 0.628525 0.013114 0.017559
7 0.909937 0.631017 0.013114 0.017559
7 0.978494 0.853051 0.013114 0.017559
4 0.087228 0.681627 0.013114 0.017559
4 0.186253 0.755983 0.013114 0.017559
4 0.285278 0.854847 0.013114 0.017559
4 0.384316 0.913424 0.013114 0.017559
4 0.483342 0.810119 0.013114 0.017559
4 0.582380 0.782339 0.013114 0.017559
4 0.681405 0.910441 0.013114 0.017559
4 0.780430 0.738661 0.013114 0.017559
4 0.879468 0.559153 0.013114 0.017559
4 0.978494 0.165356 0.013114 0.017559