3 0.112713 0.611678 0.015718 0.021073
3 0.235318 0.556482 0.015718 0.021073
3 0.357910 0.607283 0.015718 0.021073
3 0.480515 0.561269 0.015718 0.021073
3 0.603107 0.662615 0.015718 0.021073
3 0.725712 0.629497 0.015718 0.021073
3 0.848304 0.649889 0.015718 0.021073
3 0.970909 0.608254 0.015718 0.021073
7 0.112713 0.786107 0.015718 0.021073
7 0.235318 0.704267 0.015718 0.021073
7 0.357910 0.837061 0.015718 0.021073
7 0.480515 0.748203 0.015718 0.021073
7 0.603107 0.748731 0.015718 0.021073
7 0.725712 0.786670 0.015718 0.021073
7 0.848304 0.711440 0.015718 0.021073
7 0.970909 0.171934 0.015718 0.021073
2 0.112713 0.638203 0.015718 0.021073
2 0.184225 0.686261 0.015718 0.021073
2 0.255750 0.639395 0.015718 0.021073
2 0.327262 0.626465 0.015718 0.021073
2 0.398774 0.659957 0.015718 0.021073
2 0.470299 0.642291 0.015718 0.021073
2 0.541811 0.634608 0.015718 0.021073
2 0.613323 0.638339 0.015718 0.021073
2 0.684848 0.605835 0.015718 0.021073
2 0.756360 0.626056 0.015718 0.021073
2 0.827872 0.624302 0.015718 0.021073
2 0.899384 0.683535 0.015718 0.021073
2 0.970909 0.896022 0.015718 0.021073
0 0.112713 0.662717 0.015718 0.021073
0 0.255750 0.598526 0.015718 0.021073
0 0.398774 0.568952 0.015718 0.021073
0 0.541811 0.386482 0.015718 0.021073
0 0.684848 0.290792 0.015718 0.021073
0 0.827872 0.268288 0.015718 0.021073
0 0.970909 0.172564 0.015718 0.021073