1 0.129032 0.739692 0.019516 0.026188
1 0.206127 0.600718 0.019516 0.026188
1 0.283210 0.556752 0.019516 0.026188
1 0.360293 0.368034 0.019516 0.026188
1 0.437389 0.279675 0.019516 0.026188
1 0.514471 0.240256 0.019516 0.026188
1 0.591554 0.247402 0.019516 0.026188
1 0.668650 0.199060 0.019516 0.026188
1 0.745732 0.275214 0.019516 0.026188
1 0.822815 0.121111 0.019516 0.026188
1 0.899911 0.122940 0.019516 0.026188
1 0.976994 0.274256 0.019516 0.026188
6 0.129032 0.801214 0.019516 0.026188
6 0.213834 0.680564 0.019516 0.026188
6 0.298624 0.845641 0.019516 0.026188
6 0.383427 0.779402 0.019516 0.026188
6 0.468217 0.753658 0.019516 0.026188
6 0.553019 0.883607 0.019516 0.026188
6 0.637809 0.871094 0.019516 0.026188
6 0.722611 0.873829 0.019516 0.026188
6 0.807401 0.798615 0.019516 0.026188
6 0.892191 0.808393 0.019516 0.026188
6 0.976994 0.883607 0.019516 0.026188
2 0.129032 0.778000 0.019516 0.026188
2 0.194268 0.678530 0.019516 0.026188
2 0.259490 0.543197 0.019516 0.026188
2 0.324713 0.524718 0.019516 0.026188
2 0.389949 0.445897 0.019516 0.026188
2 0.455172 0.405829 0.019516 0.026188
2 0.520395 0.145060 0.019516 0.026188
2 0.585631 0.311521 0.019516 0.026188
2 0.650854 0.258632 0.019516 0.026188
2 0.716076 0.118427 0.019516 0.026188
2 0.781312 0.252000 0.019516 0.026188
2 0.846535 0.127111 0.019516 0.026188
2 0.911771 0.092308 0.019516 0.026188
2 0.976994 0.092308 0.019516 0.026188