7 0.115742 0.594608 0.015470 0.020767
7 0.222189 0.678646 0.015470 0.020767
7 0.328623 0.844233 0.015470 0.020767
7 0.435070 0.787521 0.015470 0.020767
7 0.541516 0.578935 0.015470 0.020767
7 0.647951 0.640349 0.015470 0.020767
7 0.754397 0.587521 0.015470 0.020767
7 0.860831 0.687709 0.015470 0.020767
7 0.967278 0.804779 0.015470 0.020767
6 0.115742 0.704370 0.015470 0.020767
6 0.172519 0.810622 0.015470 0.020767
6 0.229283 0.746738 0.015470 0.020767
6 0.286047 0.724489 0.015470 0.020767
6 0.342824 0.727164 0.015470 0.020767
6 0.399588 0.690417 0.015470 0.020767
6 0.456364 0.577078 0.015470 0.020767
6 0.513128 0.631644 0.015470 0.020767
6 0.569892 0.629838 0.015470 0.020767
6 0.626669 0.509480 0.015470 0.020767
6 0.683433 0.467112 0.015470 0.020767
6 0.740197 0.440264 0.015470 0.020767
6 0.796973 0.419753 0.015470 0.020767
6 0.853737 0.454727 0.015470 0.020767
6 0.910501 0.414574 0.015470 0.020767
6 0.967278 0.310963 0.015470 0.020767
3 0.115742 0.716261 0.015470 0.020767
3 0.257671 0.662155 0.015470 0.020767
3 0.399588 0.591150 0.015470 0.020767
3 0.541516 0.606652 0.015470 0.020767
3 0.683433 0.502615 0.015470 0.020767
3 0.825349 0.343365 0.015470 0.020767
3 0.967278 0.292973 0.015470 0.020767
2 0.115742 0.760911 0.015470 0.020767
2 0.186707 0.821354 0.015470 0.020767
2 0.257671 0.811099 0.015470 0.020767
2 0.328623 0.780400 0.015470 0.020767
2 0.399588 0.631014 0.015470 0.020767
2 0.470552 0.684898 0.015470 0.020767
2 0.541516 0.895341 0.015470 0.020767
2 0.612468 0.894966 0.015470 0.020767
2 0.683433 0.777692 0.015470 0.020767
2 0.754397 0.666772 0.015470 0.020767
2 0.825349 0.603160 0.015470 0.020767
2 0.896313 0.260537 0.015470 0.020767
2 0.967278 0.162700 0.015470 0.020767