5 0.094975 0.701237 0.010127 0.013559
5 0.193595 0.693424 0.010127 0.013559
5 0.292203 0.683186 0.010127 0.013559
5 0.390823 0.522203 0.010127 0.013559
5 0.489443 0.543729 0.010127 0.013559
5 0.588051 0.365610 0.010127 0.013559
5 0.686671 0.352932 0.010127 0.013559
5 0.785291 0.318610 0.010127 0.013559
5 0.883899 0.288102 0.010127 0.013559
5 0.982519 0.259525 0.010127 0.013559
6 0.094975 0.876186 0.010127 0.013559
6 0.175658 0.540271 0.010127 0.013559
6 0.256342 0.335559 0.010127 0.013559
6 0.337038 0.253237 0.010127 0.013559
6 0.417722 0.264153 0.010127 0.013559
6 0.498405 0.158492 0.010127 0.013559
6 0.579089 0.252237 0.010127 0.013559
6 0.659772 0.219017 0.010127 0.013559
6 0.740456 0.178136 0.010127 0.013559
6 0.821152 0.279864 0.010127 0.013559
6 0.901835 0.170932 0.010127 0.013559
6 0.982519 0.225559 0.010127 0.013559
0 0.094975 0.822356 0.010127 0.013559
0 0.175658 0.465000 0.010127 0.013559
0 0.256342 0.300898 0.010127 0.013559
0 0.337038 0.267119 0.010127 0.013559
0 0.417722 0.274610 0.010127 0.013559
0 0.498405 0.163220 0.010127 0.013559
0 0.579089 0.179068 0.010127 0.013559
0 0.659772 0.132932 0.010127 0.013559
0 0.740456 0.141610 0.010127 0.013559
0 0.821152 0.123831 0.010127 0.013559
0 0.901835 0.213068 0.010127 0.013559
0 0.982519 0.209525 0.010127 0.013559