7 0.108901 0.722990 0.016048 0.021516
7 0.195102 0.749276 0.016048 0.021516
7 0.281302 0.656993 0.016048 0.021516
7 0.367503 0.691388 0.016048 0.021516
7 0.453704 0.627317 0.016048 0.021516
7 0.539905 0.632683 0.016048 0.021516
7 0.626105 0.534659 0.016048 0.021516
7 0.712306 0.357555 0.016048 0.021516
7 0.798507 0.316227 0.016048 0.021516
7 0.884708 0.181371 0.016048 0.021516
7 0.970909 0.096618 0.016048 0.021516
5 0.108901 0.829787 0.016048 0.021516
5 0.187274 0.735443 0.016048 0.021516
5 0.265635 0.792871 0.016048 0.021516
5 0.343996 0.757419 0.016048 0.021516
5 0.422357 0.858203 0.016048 0.021516
5 0.500718 0.778237 0.016048 0.021516
5 0.579091 0.801303 0.016048 0.021516
5 0.657452 0.718833 0.016048 0.021516
5 0.735813 0.781474 0.016048 0.021516
5 0.814174 0.718884 0.016048 0.021516
5 0.892548 0.573620 0.016048 0.021516
5 0.970909 0.242036 0.016048 0.021516
2 0.108901 0.798066 0.016048 0.021516
2 0.175216 0.785801 0.016048 0.021516
2 0.241518 0.767726 0.016048 0.021516
2 0.307834 0.762513 0.016048 0.021516
2 0.374136 0.768680 0.016048 0.021516
2 0.440438 0.733330 0.016048 0.021516
2 0.506753 0.824625 0.016048 0.021516
2 0.573056 0.718697 0.016048 0.021516
2 0.639371 0.780639 0.016048 0.021516
2 0.705673 0.717198 0.016048 0.021516
2 0.771989 0.764131 0.016048 0.021516
2 0.838291 0.671354 0.016048 0.021516
2 0.904593 0.356193 0.016048 0.021516
2 0.970909 0.192155 0.016048 0.021516
0 0.108901 0.744591 0.016048 0.021516
0 0.180743 0.783399 0.016048 0.021516
0 0.252573 0.765750 0.016048 0.021516
0 0.324403 0.743978 0.016048 0.021516
0 0.396233 0.805528 0.016048 0.021516
0 0.468075 0.814574 0.016048 0.021516
0 0.539905 0.722019 0.016048 0.021516
0 0.611734 0.783654 0.016048 0.021516
0 0.683577 0.739106 0.016048 0.021516
0 0.755407 0.718867 0.016048 0.021516
0 0.827236 0.570468 0.016048 0.021516
0 0.899079 0.167521 0.016048 0.021516
0 0.970909 0.126925 0.016048 0.021516
6 0.108901 0.755613 0.016048 0.021516
6 0.204682 0.806141 0.016048 0.021516
6 0.300464 0.731678 0.016048 0.021516
6 0.396233 0.790537 0.016048 0.021516
6 0.492014 0.706874 0.016048 0.021516
6 0.587795 0.765852 0.016048 0.021516
6 0.683577 0.814319 0.016048 0.021516
6 0.779346 0.728032 0.016048 0.021516
6 0.875127 0.618748 0.016048 0.021516
6 0.970909 0.234489 0.016048 0.021516