3 0.130306 0.546034 0.023669 0.031761
3 0.271414 0.682120 0.023669 0.031761
3 0.412535 0.601299 0.023669 0.031761
3 0.553643 0.578872 0.023669 0.031761
3 0.694764 0.647265 0.023669 0.031761
3 0.835873 0.551333 0.023669 0.031761
3 0.976994 0.552154 0.023669 0.031761
2 0.130306 0.687419 0.023669 0.031761
2 0.214968 0.543658 0.023669 0.031761
2 0.299643 0.374547 0.023669 0.031761
2 0.384306 0.331880 0.023669 0.031761
2 0.468981 0.184359 0.023669 0.031761
2 0.553643 0.195282 0.023669 0.031761
2 0.638318 0.237829 0.023669 0.031761
2 0.722981 0.239265 0.023669 0.031761
2 0.807656 0.172239 0.023669 0.031761
2 0.892318 0.206581 0.023669 0.031761
2 0.976994 0.143316 0.023669 0.031761
5 0.130306 0.787812 0.023669 0.031761
5 0.271414 0.492821 0.023669 0.031761
5 0.412535 0.363282 0.023669 0.031761
5 0.553643 0.276650 0.023669 0.031761
5 0.694764 0.114940 0.023669 0.031761
5 0.835873 0.273829 0.023669 0.031761
5 0.976994 0.267265 0.023669 0.031761
6 0.130306 0.797231 0.023669 0.031761
6 0.271414 0.478256 0.023669 0.031761
6 0.412535 0.218752 0.023669 0.031761
6 0.553643 0.136581 0.023669 0.031761
6 0.694764 0.350137 0.023669 0.031761
6 0.835873 0.224786 0.023669 0.031761
6 0.976994 0.163983 0.023669 0.031761