5 0.091177 0.851814 0.011519 0.015424
5 0.268253 0.665034 0.011519 0.015424
5 0.445329 0.640237 0.011519 0.015424
5 0.622405 0.444237 0.011519 0.015424
5 0.799481 0.229169 0.011519 0.015424
5 0.976557 0.383949 0.011519 0.015424
0 0.091177 0.881847 0.011519 0.015424
0 0.189544 0.831542 0.011519 0.015424
0 0.287924 0.777559 0.011519 0.015424
0 0.386304 0.851542 0.011519 0.015424
0 0.484684 0.798102 0.011519 0.015424
0 0.583051 0.809254 0.011519 0.015424
0 0.681430 0.908678 0.011519 0.015424
0 0.779810 0.726153 0.011519 0.015424
0 0.878177 0.574729 0.011519 0.015424
0 0.976557 0.246627 0.011519 0.015424
1 0.091177 0.608220 0.011519 0.015424
1 0.189544 0.587780 0.011519 0.015424
1 0.287924 0.505237 0.011519 0.015424
1 0.386304 0.438271 0.011519 0.015424
1 0.484684 0.211746 0.011519 0.015424
1 0.583051 0.323763 0.011519 0.015424
1 0.681430 0.234322 0.011519 0.015424
1 0.779810 0.216322 0.011519 0.015424
1 0.878177 0.201949 0.011519 0.015424
1 0.976557 0.139373 0.011519 0.015424
2 0.091177 0.840373 0.011519 0.015424
2 0.171658 0.818119 0.011519 0.015424
2 0.252152 0.673966 0.011519 0.015424
2 0.332646 0.781508 0.011519 0.015424
2 0.413127 0.745525 0.011519 0.015424
2 0.493620 0.846407 0.011519 0.015424
2 0.574114 0.747390 0.011519 0.015424
2 0.654595 0.757949 0.011519 0.015424
2 0.735089 0.729898 0.011519 0.015424
2 0.815582 0.689508 0.011519 0.015424
2 0.896063 0.504153 0.011519 0.015424
2 0.976557 0.146525 0.011519 0.015424
3 0.091177 0.818288 0.011519 0.015424
3 0.189544 0.828627 0.011519 0.015424
3 0.287924 0.878051 0.011519 0.015424
3 0.386304 0.814373 0.011519 0.015424
3 0.484684 0.874068 0.011519 0.015424
3 0.583051 0.728559 0.011519 0.015424
3 0.681430 0.787237 0.011519 0.015424
3 0.779810 0.723729 0.011519 0.015424
3 0.878177 0.459424 0.011519 0.015424
3 0.976557 0.265254 0.011519 0.015424
4 0.091177 0.763390 0.011519 0.015424
4 0.171658 0.651678 0.011519 0.015424
4 0.252152 0.634102 0.011519 0.015424
4 0.332646 0.664983 0.011519 0.015424
4 0.413127 0.589051 0.011519 0.015424
4 0.493620 0.559814 0.011519 0.015424
4 0.574114 0.840814 0.011519 0.015424
4 0.654595 0.709271 0.011519 0.015424
4 0.735089 0.671424 0.011519 0.015424
4 0.815582 0.617254 0.011519 0.015424
4 0.896063 0.645966 0.011519 0.015424
4 0.976557 0.223814 0.011519 0.015424