3 0.106865 0.625867 0.011599 0.015544
3 0.204061 0.593588 0.011599 0.015544
3 0.301244 0.609813 0.011599 0.015544
3 0.398439 0.553707 0.011599 0.015544
3 0.495635 0.506480 0.011599 0.015544
3 0.592830 0.452653 0.011599 0.015544
3 0.690025 0.363793 0.011599 0.015544
3 0.787208 0.340323 0.011599 0.015544
3 0.884404 0.325119 0.011599 0.015544
3 0.981599 0.321344 0.011599 0.015544
4 0.106865 0.776207 0.011599 0.015544
4 0.174150 0.574116 0.011599 0.015544
4 0.241434 0.433810 0.011599 0.015544
4 0.308731 0.420850 0.011599 0.015544
4 0.376015 0.332585 0.011599 0.015544
4 0.443299 0.207687 0.011599 0.015544
4 0.510584 0.198605 0.011599 0.015544
4 0.577881 0.295221 0.011599 0.015544
4 0.645165 0.174473 0.011599 0.015544
4 0.712449 0.208759 0.011599 0.015544
4 0.779734 0.218452 0.011599 0.015544
4 0.847030 0.169167 0.011599 0.015544
4 0.914315 0.136071 0.011599 0.015544
4 0.981599 0.171514 0.011599 0.015544
7 0.106865 0.757228 0.011599 0.015544
7 0.165178 0.617007 0.011599 0.015544
7 0.223490 0.393180 0.011599 0.015544
7 0.281815 0.333929 0.011599 0.015544
7 0.340127 0.216378 0.011599 0.015544
7 0.398439 0.284456 0.011599 0.015544
7 0.456764 0.264847 0.011599 0.015544
7 0.515076 0.259762 0.011599 0.015544
7 0.573388 0.196837 0.011599 0.015544
7 0.631701 0.131276 0.011599 0.015544
7 0.690025 0.185544 0.011599 0.015544
7 0.748338 0.184524 0.011599 0.015544
7 0.806650 0.161667 0.011599 0.015544
7 0.864975 0.236361 0.011599 0.015544
7 0.923287 0.142925 0.011599 0.015544
7 0.981599 0.166156 0.011599 0.015544
5 0.106865 0.733878 0.011599 0.015544
5 0.174150 0.712024 0.011599 0.015544
5 0.241434 0.715357 0.011599 0.015544
5 0.308731 0.596820 0.011599 0.015544
5 0.376015 0.592602 0.011599 0.015544
5 0.443299 0.505068 0.011599 0.015544
5 0.510584 0.452602 0.011599 0.015544
5 0.577881 0.369745 0.011599 0.015544
5 0.645165 0.432126 0.011599 0.015544
5 0.712449 0.360714 0.011599 0.015544
5 0.779734 0.326514 0.011599 0.015544
5 0.847030 0.305595 0.011599 0.015544
5 0.914315 0.300799 0.011599 0.015544
5 0.981599 0.315340 0.011599 0.015544