5 0.095468 0.725356 0.015671 0.020983
5 0.183177 0.590288 0.015671 0.020983
5 0.270886 0.752644 0.015671 0.020983
5 0.358608 0.542508 0.015671 0.020983
5 0.446316 0.533492 0.015671 0.020983
5 0.534025 0.517932 0.015671 0.020983
5 0.621734 0.471932 0.015671 0.020983
5 0.709456 0.438644 0.015671 0.020983
5 0.797165 0.244085 0.015671 0.020983
5 0.884873 0.271254 0.015671 0.020983
5 0.972582 0.072237 0.015671 0.020983
3 0.095468 0.638661 0.015671 0.020983
3 0.205101 0.553949 0.015671 0.020983
3 0.314747 0.378746 0.015671 0.020983
3 0.424380 0.490390 0.015671 0.020983
3 0.534025 0.351864 0.015671 0.020983
3 0.643671 0.150271 0.015671 0.020983
3 0.753304 0.148661 0.015671 0.020983
3 0.862949 0.216373 0.015671 0.020983
3 0.972582 0.108797 0.015671 0.020983