4 0.087380 0.808220 0.016127 0.021593
4 0.187089 0.866593 0.016127 0.021593
4 0.286810 0.884424 0.016127 0.021593
4 0.386519 0.903881 0.016127 0.021593
4 0.486241 0.924949 0.016127 0.021593
4 0.585949 0.924949 0.016127 0.021593
4 0.685671 0.924949 0.016127 0.021593
4 0.785380 0.924949 0.016127 0.021593
4 0.885089 0.924949 0.016127 0.021593
4 0.984810 0.924949 0.016127 0.021593
0 0.087380 0.767169 0.016127 0.021593
0 0.177114 0.711746 0.016127 0.021593
0 0.266861 0.674373 0.016127 0.021593
0 0.356608 0.604203 0.016127 0.021593
0 0.446354 0.541458 0.016127 0.021593
0 0.536089 0.448051 0.016127 0.021593
0 0.625835 0.337339 0.016127 0.021593
0 0.715582 0.309085 0.016127 0.021593
0 0.805329 0.283356 0.016127 0.021593
0 0.895063 0.267559 0.016127 0.021593
0 0.984810 0.248068 0.016127 0.021593
3 0.087380 0.798712 0.016127 0.021593
3 0.162165 0.526661 0.016127 0.021593
3 0.236949 0.367339 0.016127 0.021593
3 0.311734 0.315797 0.016127 0.021593
3 0.386519 0.263407 0.016127 0.021593
3 0.461304 0.217763 0.016127 0.021593
3 0.536089 0.230169 0.016127 0.021593
3 0.610873 0.207797 0.016127 0.021593
3 0.685671 0.210695 0.016127 0.021593
3 0.760456 0.202881 0.016127 0.021593
3 0.835241 0.182068 0.016127 0.021593
3 0.910025 0.191458 0.016127 0.021593
3 0.984810 0.195661 0.016127 0.021593