3 0.146229 0.674684 0.022038 0.029573
3 0.247847 0.659368 0.022038 0.029573
3 0.349465 0.612393 0.022038 0.029573
3 0.451070 0.639453 0.022038 0.029573
3 0.552688 0.629778 0.022038 0.029573
3 0.654306 0.665487 0.022038 0.029573
3 0.755924 0.651197 0.022038 0.029573
3 0.857529 0.569453 0.022038 0.029573
3 0.959146 0.188598 0.022038 0.029573
1 0.146229 0.779385 0.022038 0.029573
1 0.227529 0.756872 0.022038 0.029573
1 0.308815 0.817436 0.022038 0.029573
1 0.390102 0.762667 0.022038 0.029573
1 0.471401 0.788923 0.022038 0.029573
1 0.552688 0.776034 0.022038 0.029573
1 0.633987 0.790906 0.022038 0.029573
1 0.715274 0.809094 0.022038 0.029573
1 0.796561 0.787504 0.022038 0.029573
1 0.877860 0.828496 0.022038 0.029573
1 0.959146 0.865607 0.022038 0.029573