0 0.147503 0.720120 0.014318 0.019214
0 0.228675 0.805624 0.014318 0.019214
0 0.309834 0.713556 0.014318 0.019214
0 0.391006 0.653316 0.014318 0.019214
0 0.472166 0.609590 0.014318 0.019214
0 0.553325 0.641145 0.014318 0.019214
0 0.634497 0.547026 0.014318 0.019214
0 0.715656 0.423487 0.014318 0.019214
0 0.796815 0.351983 0.014318 0.019214
0 0.877987 0.352462 0.014318 0.019214
0 0.959146 0.365402 0.014318 0.019214
1 0.147503 0.697538 0.014318 0.019214
1 0.237694 0.659932 0.014318 0.019214
1 0.327873 0.618085 0.014318 0.019214
1 0.418051 0.468120 0.014318 0.019214
1 0.508242 0.357846 0.014318 0.019214
1 0.598420 0.318513 0.014318 0.019214
1 0.688599 0.203607 0.014318 0.019214
1 0.778790 0.086718 0.014318 0.019214
1 0.868968 0.174769 0.014318 0.019214
1 0.959146 0.157231 0.014318 0.019214
4 0.147503 0.712068 0.014318 0.019214
4 0.237694 0.763880 0.014318 0.019214
4 0.327873 0.761812 0.014318 0.019214
4 0.418051 0.732547 0.014318 0.019214
4 0.508242 0.721709 0.014318 0.019214
4 0.598420 0.769624 0.014318 0.019214
4 0.688599 0.772444 0.014318 0.019214
4 0.778790 0.614137 0.014318 0.019214
4 0.868968 0.369060 0.014318 0.019214
4 0.959146 0.164923 0.014318 0.019214
7 0.147503 0.687402 0.014318 0.019214
7 0.221299 0.755179 0.014318 0.019214
7 0.295083 0.705709 0.014318 0.019214
7 0.368866 0.770051 0.014318 0.019214
7 0.442650 0.703932 0.014318 0.019214
7 0.516433 0.749641 0.014318 0.019214
7 0.590217 0.804598 0.014318 0.019214
7 0.664013 0.725368 0.014318 0.019214
7 0.737796 0.730872 0.014318 0.019214
7 0.811580 0.702650 0.014318 0.019214
7 0.885363 0.326462 0.014318 0.019214
7 0.959146 0.202239 0.014318 0.019214