7 0.095406 0.781161 0.010837 0.014492
7 0.154100 0.775822 0.010837 0.014492
7 0.212795 0.750314 0.010837 0.014492
7 0.271477 0.736788 0.010837 0.014492
7 0.330171 0.748466 0.010837 0.014492
7 0.388866 0.789415 0.010837 0.014492
7 0.447548 0.850195 0.010837 0.014492
7 0.506242 0.787822 0.010837 0.014492
7 0.564937 0.735025 0.010837 0.014492
7 0.623619 0.791992 0.010837 0.014492
7 0.682313 0.771788 0.010837 0.014492
7 0.741008 0.740297 0.010837 0.014492
7 0.799689 0.742483 0.010837 0.014492
7 0.858384 0.648653 0.010837 0.014492
7 0.917079 0.352229 0.010837 0.014492
7 0.975773 0.188212 0.010837 0.014492
3 0.095406 0.799483 0.010837 0.014492
3 0.193226 0.803636 0.010837 0.014492
3 0.291046 0.807568 0.010837 0.014492
3 0.388866 0.762585 0.010837 0.014492
3 0.486673 0.849890 0.010837 0.014492
3 0.584493 0.776669 0.010837 0.014492
3 0.682313 0.841805 0.010837 0.014492
3 0.780133 0.715161 0.010837 0.014492
3 0.877953 0.465669 0.010837 0.014492
3 0.975773 0.190212 0.010837 0.014492
4 0.095406 0.591720 0.010837 0.014492
4 0.163124 0.533263 0.010837 0.014492
4 0.230843 0.565025 0.010837 0.014492
4 0.298561 0.603788 0.010837 0.014492
4 0.366293 0.585297 0.010837 0.014492
4 0.434011 0.583602 0.010837 0.014492
4 0.501730 0.568347 0.010837 0.014492
4 0.569449 0.551466 0.010837 0.014492
4 0.637167 0.527534 0.010837 0.014492
4 0.704886 0.554364 0.010837 0.014492
4 0.772605 0.549619 0.010837 0.014492
4 0.840323 0.596975 0.010837 0.014492
4 0.908042 0.586483 0.010837 0.014492
4 0.975773 0.721280 0.010837 0.014492
5 0.095406 0.828551 0.010837 0.014492
5 0.168764 0.810856 0.010837 0.014492
5 0.242136 0.760059 0.010837 0.014492
5 0.315494 0.803992 0.010837 0.014492
5 0.388866 0.818873 0.010837 0.014492
5 0.462224 0.823534 0.010837 0.014492
5 0.535583 0.794297 0.010837 0.014492
5 0.608954 0.704551 0.010837 0.014492
5 0.682313 0.772144 0.010837 0.014492
5 0.755672 0.741873 0.010837 0.014492
5 0.829043 0.587669 0.010837 0.014492
5 0.902402 0.385449 0.010837 0.014492
5 0.975773 0.154297 0.010837 0.014492