5 0.094975 0.675729 0.011038 0.014780
5 0.168101 0.625271 0.011038 0.014780
5 0.241241 0.561407 0.011038 0.014780
5 0.314380 0.874288 0.011038 0.014780
5 0.387506 0.564390 0.011038 0.014780
5 0.460646 0.574729 0.011038 0.014780
5 0.533772 0.562000 0.011038 0.014780
5 0.606911 0.395864 0.011038 0.014780
5 0.680051 0.355864 0.011038 0.014780
5 0.753177 0.280881 0.011038 0.014780
5 0.826316 0.413000 0.011038 0.014780
5 0.899456 0.391898 0.011038 0.014780
5 0.972582 0.443441 0.011038 0.014780
7 0.094975 0.799237 0.011038 0.014780
7 0.153481 0.756695 0.011038 0.014780
7 0.211987 0.743153 0.011038 0.014780
7 0.270494 0.744542 0.011038 0.014780
7 0.329000 0.749254 0.011038 0.014780
7 0.387506 0.869136 0.011038 0.014780
7 0.446013 0.839661 0.011038 0.014780
7 0.504519 0.858153 0.011038 0.014780
7 0.563038 0.761661 0.011038 0.014780
7 0.621544 0.627322 0.011038 0.014780
7 0.680051 0.896407 0.011038 0.014780
7 0.738557 0.815712 0.011038 0.014780
7 0.797063 0.726983 0.011038 0.014780
7 0.855570 0.484831 0.011038 0.014780
7 0.914076 0.252847 0.011038 0.014780
7 0.972582 0.161559 0.011038 0.014780
4 0.094975 0.798475 0.011038 0.014780
4 0.174747 0.759305 0.011038 0.014780
4 0.254532 0.857508 0.011038 0.014780
4 0.334316 0.692322 0.011038 0.014780
4 0.414101 0.638949 0.011038 0.014780
4 0.493886 0.648237 0.011038 0.014780
4 0.573671 0.481898 0.011038 0.014780
4 0.653456 0.460237 0.011038 0.014780
4 0.733241 0.368220 0.011038 0.014780
4 0.813025 0.250542 0.011038 0.014780
4 0.892797 0.202288 0.011038 0.014780
4 0.972582 0.188220 0.011038 0.014780
3 0.094975 0.731864 0.011038 0.014780
3 0.157658 0.887085 0.011038 0.014780
3 0.220342 0.633949 0.011038 0.014780
3 0.283025 0.879254 0.011038 0.014780
3 0.345722 0.697729 0.011038 0.014780
3 0.408405 0.803898 0.011038 0.014780
3 0.471089 0.840831 0.011038 0.014780
3 0.533772 0.827000 0.011038 0.014780
3 0.596468 0.904864 0.011038 0.014780
3 0.659152 0.787525 0.011038 0.014780
3 0.721835 0.694119 0.011038 0.014780
3 0.784532 0.712695 0.011038 0.014780
3 0.847215 0.717712 0.011038 0.014780
3 0.909899 0.478593 0.011038 0.014780
3 0.972582 0.163441 0.011038 0.014780
0 0.094975 0.910373 0.011038 0.014780
0 0.153481 0.766966 0.011038 0.014780
0 0.211987 0.764966 0.011038 0.014780
0 0.270494 0.828525 0.011038 0.014780
0 0.329000 0.901254 0.011038 0.014780
0 0.387506 0.797153 0.011038 0.014780
0 0.446013 0.787068 0.011038 0.014780
0 0.504519 0.862475 0.011038 0.014780
0 0.563038 0.676695 0.011038 0.014780
0 0.621544 0.637763 0.011038 0.014780
0 0.680051 0.898915 0.011038 0.014780
0 0.738557 0.812475 0.011038 0.014780
0 0.797063 0.743644 0.011038 0.014780
0 0.855570 0.611068 0.011038 0.014780
0 0.914076 0.174407 0.011038 0.014780
0 0.972582 0.187610 0.011038 0.014780