4 0.097582 0.796068 0.013291 0.017797
4 0.178038 0.463186 0.013291 0.017797
4 0.258481 0.284864 0.013291 0.017797
4 0.338924 0.262712 0.013291 0.017797
4 0.419380 0.203966 0.013291 0.017797
4 0.499823 0.178390 0.013291 0.017797
4 0.580278 0.173814 0.013291 0.017797
4 0.660722 0.195339 0.013291 0.017797
4 0.741177 0.157051 0.013291 0.017797
4 0.821620 0.210678 0.013291 0.017797
4 0.902063 0.152729 0.013291 0.017797
4 0.982519 0.136610 0.013291 0.017797
6 0.097582 0.809814 0.013291 0.017797
6 0.178038 0.552068 0.013291 0.017797
6 0.258481 0.423746 0.013291 0.017797
6 0.338924 0.320898 0.013291 0.017797
6 0.419380 0.276407 0.013291 0.017797
6 0.499823 0.264407 0.013291 0.017797
6 0.580278 0.198831 0.013291 0.017797
6 0.660722 0.203254 0.013291 0.017797
6 0.741177 0.222424 0.013291 0.017797
6 0.821620 0.198322 0.013291 0.017797
6 0.902063 0.136136 0.013291 0.017797
6 0.982519 0.188644 0.013291 0.017797
1 0.097582 0.773203 0.013291 0.017797
1 0.195911 0.678695 0.013291 0.017797
1 0.294241 0.705881 0.013291 0.017797
1 0.392557 0.655949 0.013291 0.017797
1 0.490886 0.570949 0.013291 0.017797
1 0.589215 0.573034 0.013291 0.017797
1 0.687544 0.433017 0.013291 0.017797
1 0.785861 0.425864 0.013291 0.017797
1 0.884190 0.339525 0.013291 0.017797
1 0.982519 0.235203 0.013291 0.017797
5 0.097582 0.701610 0.013291 0.017797
5 0.195911 0.645627 0.013291 0.017797
5 0.294241 0.588695 0.013291 0.017797
5 0.392557 0.517898 0.013291 0.017797
5 0.490886 0.438525 0.013291 0.017797
5 0.589215 0.321881 0.013291 0.017797
5 0.687544 0.274610 0.013291 0.017797
5 0.785861 0.207034 0.013291 0.017797
5 0.884190 0.139000 0.013291 0.017797
5 0.982519 0.137288 0.013291 0.017797