5 0.112713 0.727896 0.016201 0.021721
5 0.208075 0.782990 0.016201 0.021721
5 0.303424 0.784012 0.016201 0.021721
5 0.398787 0.719719 0.016201 0.021721
5 0.494136 0.752223 0.016201 0.021721
5 0.589485 0.746397 0.016201 0.021721
5 0.684848 0.842394 0.016201 0.021721
5 0.780197 0.747351 0.016201 0.021721
5 0.875559 0.662853 0.016201 0.021721
5 0.970909 0.233569 0.016201 0.021721
7 0.112713 0.721150 0.016201 0.021721
7 0.219994 0.723245 0.016201 0.021721
7 0.327262 0.703296 0.016201 0.021721
7 0.434543 0.746482 0.016201 0.021721
7 0.541811 0.773211 0.016201 0.021721
7 0.649091 0.845256 0.016201 0.021721
7 0.756360 0.699906 0.016201 0.021721
7 0.863640 0.709395 0.016201 0.021721
7 0.970909 0.498066 0.016201 0.021721
3 0.112713 0.669208 0.016201 0.021721
3 0.235318 0.561576 0.016201 0.021721
3 0.357910 0.467249 0.016201 0.021721
3 0.480515 0.425187 0.016201 0.021721
3 0.603107 0.387913 0.016201 0.021721
3 0.725712 0.286806 0.016201 0.021721
3 0.848304 0.260639 0.016201 0.021721
3 0.970909 0.256499 0.016201 0.021721
2 0.112713 0.714659 0.016201 0.021721
2 0.235318 0.767368 0.016201 0.021721
2 0.357910 0.778373 0.016201 0.021721
2 0.480515 0.638935 0.016201 0.021721
2 0.603107 0.685920 0.016201 0.021721
2 0.725712 0.763620 0.016201 0.021721
2 0.848304 0.729293 0.016201 0.021721
2 0.970909 0.896022 0.016201 0.021721
0 0.112713 0.809140 0.016201 0.021721
0 0.208075 0.807385 0.016201 0.021721
0 0.303424 0.822342 0.016201 0.021721
0 0.398787 0.781695 0.016201 0.021721
0 0.494136 0.805630 0.016201 0.021721
0 0.589485 0.766329 0.016201 0.021721
0 0.684848 0.825290 0.016201 0.021721
0 0.780197 0.704744 0.016201 0.021721
0 0.875559 0.430877 0.016201 0.021721
0 0.970909 0.173859 0.016201 0.021721
6 0.112713 0.804455 0.016201 0.021721
6 0.255750 0.829225 0.016201 0.021721
6 0.398787 0.826687 0.016201 0.021721
6 0.541811 0.826925 0.016201 0.021721
6 0.684848 0.842308 0.016201 0.021721
6 0.827872 0.832394 0.016201 0.021721
6 0.970909 0.680247 0.016201 0.021721