3 0.132854 0.630752 0.020127 0.027009
3 0.196892 0.628632 0.020127 0.027009
3 0.260917 0.619915 0.020127 0.027009
3 0.324943 0.579282 0.020127 0.027009
3 0.388968 0.451214 0.020127 0.027009
3 0.453006 0.414325 0.020127 0.027009
3 0.517032 0.440359 0.020127 0.027009
3 0.581057 0.261265 0.020127 0.027009
3 0.645096 0.194718 0.020127 0.027009
3 0.709121 0.162752 0.020127 0.027009
3 0.773146 0.193675 0.020127 0.027009
3 0.837185 0.168137 0.020127 0.027009
3 0.901210 0.163299 0.020127 0.027009
3 0.965236 0.136684 0.020127 0.027009
1 0.132854 0.695590 0.020127 0.027009
1 0.271592 0.721590 0.020127 0.027009
1 0.410318 0.675282 0.020127 0.027009
1 0.549045 0.641829 0.020127 0.027009
1 0.687771 0.516325 0.020127 0.027009
1 0.826510 0.374325 0.020127 0.027009
1 0.965236 0.348068 0.020127 0.027009
5 0.132854 0.699778 0.020127 0.027009
5 0.208522 0.741145 0.020127 0.027009
5 0.284204 0.742120 0.020127 0.027009
5 0.359873 0.694325 0.020127 0.027009
5 0.435541 0.703966 0.020127 0.027009
5 0.511210 0.601128 0.020127 0.027009
5 0.586879 0.543453 0.020127 0.027009
5 0.662548 0.530427 0.020127 0.027009
5 0.738229 0.383436 0.020127 0.027009
5 0.813898 0.337795 0.020127 0.027009
5 0.889567 0.289675 0.020127 0.027009
5 0.965236 0.248735 0.020127 0.027009
0 0.132854 0.680838 0.020127 0.027009
0 0.251771 0.657966 0.020127 0.027009
0 0.370675 0.584274 0.020127 0.027009
0 0.489592 0.565009 0.020127 0.027009
0 0.608497 0.532855 0.020127 0.027009
0 0.727414 0.422154 0.020127 0.027009
0 0.846331 0.361692 0.020127 0.027009
0 0.965236 0.392598 0.020127 0.027009