3 0.087215 0.791169 0.010937 0.014644
3 0.176342 0.817712 0.010937 0.014644
3 0.265468 0.784051 0.010937 0.014644
3 0.354608 0.805407 0.010937 0.014644
3 0.443734 0.788186 0.010937 0.014644
3 0.532861 0.821000 0.010937 0.014644
3 0.621987 0.792169 0.010937 0.014644
3 0.711114 0.751356 0.010937 0.014644
3 0.800241 0.705881 0.010937 0.014644
3 0.889367 0.456068 0.010937 0.014644
3 0.978494 0.179220 0.010937 0.014644
0 0.087215 0.816271 0.010937 0.014644
0 0.186253 0.772559 0.010937 0.014644
0 0.285278 0.789814 0.010937 0.014644
0 0.384316 0.785068 0.010937 0.014644
0 0.483342 0.813305 0.010937 0.014644
0 0.582367 0.768136 0.010937 0.014644
0 0.681405 0.772051 0.010937 0.014644
0 0.780430 0.805475 0.010937 0.014644
0 0.879468 0.801102 0.010937 0.014644
0 0.978494 0.913424 0.010937 0.014644
7 0.087215 0.797034 0.010937 0.014644
7 0.214544 0.784237 0.010937 0.014644
7 0.341873 0.720458 0.010937 0.014644
7 0.469190 0.626322 0.010937 0.014644
7 0.596519 0.456678 0.010937 0.014644
7 0.723848 0.292627 0.010937 0.014644
7 0.851165 0.171000 0.010937 0.014644
7 0.978494 0.141746 0.010937 0.014644
5 0.087215 0.584102 0.010937 0.014644
5 0.198633 0.572881 0.010937 0.014644
5 0.310038 0.581136 0.010937 0.014644
5 0.421443 0.593322 0.010937 0.014644
5 0.532861 0.585593 0.010937 0.014644
5 0.644266 0.587237 0.010937 0.014644
5 0.755671 0.589305 0.010937 0.014644
5 0.867089 0.607576 0.010937 0.014644
5 0.978494 0.905169 0.010937 0.014644