6 0.093703 0.864771 0.012241 0.016390
6 0.152956 0.574246 0.012241 0.016390
6 0.212209 0.441822 0.012241 0.016390
6 0.271462 0.407602 0.012241 0.016390
6 0.330715 0.329144 0.012241 0.016390
6 0.389968 0.320178 0.012241 0.016390
6 0.449222 0.261331 0.012241 0.016390
6 0.508487 0.211754 0.012241 0.016390
6 0.567741 0.265212 0.012241 0.016390
6 0.626994 0.084686 0.012241 0.016390
6 0.686247 0.204619 0.012241 0.016390
6 0.745500 0.195619 0.012241 0.016390
6 0.804753 0.157042 0.012241 0.016390
6 0.864006 0.164568 0.012241 0.016390
6 0.923259 0.228839 0.012241 0.016390
6 0.982513 0.168008 0.012241 0.016390
0 0.093703 0.673568 0.012241 0.016390
0 0.204804 0.653873 0.012241 0.016390
0 0.315905 0.531297 0.012241 0.016390
0 0.427006 0.407636 0.012241 0.016390
0 0.538108 0.325398 0.012241 0.016390
0 0.649209 0.286703 0.012241 0.016390
0 0.760310 0.180297 0.012241 0.016390
0 0.871411 0.162992 0.012241 0.016390
0 0.982513 0.048602 0.012241 0.016390
3 0.093703 0.865466 0.012241 0.016390
3 0.157184 0.784161 0.012241 0.016390
3 0.220677 0.793737 0.012241 0.016390
3 0.284158 0.724958 0.012241 0.016390
3 0.347652 0.693398 0.012241 0.016390
3 0.411133 0.684754 0.012241 0.016390
3 0.474627 0.724958 0.012241 0.016390
3 0.538108 0.703839 0.012241 0.016390
3 0.601589 0.611653 0.012241 0.016390
3 0.665082 0.522653 0.012241 0.016390
3 0.728563 0.472042 0.012241 0.016390
3 0.792057 0.443686 0.012241 0.016390
3 0.855538 0.373839 0.012241 0.016390
3 0.919032 0.354415 0.012241 0.016390
3 0.982513 0.358008 0.012241 0.016390