6 0.095291 0.732169 0.010304 0.013797
6 0.169228 0.650254 0.010304 0.013797
6 0.243165 0.621763 0.010304 0.013797
6 0.317101 0.581288 0.010304 0.013797
6 0.391025 0.593153 0.010304 0.013797
6 0.464962 0.533746 0.010304 0.013797
6 0.538899 0.574424 0.010304 0.013797
6 0.612835 0.486763 0.010304 0.013797
6 0.686772 0.373508 0.010304 0.013797
6 0.760709 0.412390 0.010304 0.013797
6 0.834646 0.396814 0.010304 0.013797
6 0.908582 0.309153 0.010304 0.013797
6 0.982519 0.314441 0.010304 0.013797
7 0.095291 0.760169 0.010304 0.013797
7 0.222038 0.650695 0.010304 0.013797
7 0.348785 0.604220 0.010304 0.013797
7 0.475532 0.499220 0.010304 0.013797
7 0.602278 0.366864 0.010304 0.013797
7 0.729025 0.389661 0.010304 0.013797
7 0.855772 0.304525 0.010304 0.013797
7 0.982519 0.318983 0.010304 0.013797
4 0.095291 0.774186 0.010304 0.013797
4 0.243165 0.765119 0.010304 0.013797
4 0.391025 0.722949 0.010304 0.013797
4 0.538899 0.715407 0.010304 0.013797
4 0.686772 0.512542 0.010304 0.013797
4 0.834646 0.452814 0.010304 0.013797
4 0.982519 0.350492 0.010304 0.013797
3 0.095291 0.832949 0.010304 0.013797
3 0.150734 0.790000 0.010304 0.013797
3 0.206190 0.797305 0.010304 0.013797
3 0.261646 0.664288 0.010304 0.013797
3 0.317101 0.687881 0.010304 0.013797
3 0.372544 0.688136 0.010304 0.013797
3 0.428000 0.628186 0.010304 0.013797
3 0.483456 0.580407 0.010304 0.013797
3 0.538899 0.605492 0.010304 0.013797
3 0.594354 0.596085 0.010304 0.013797
3 0.649810 0.557017 0.010304 0.013797
3 0.705253 0.482695 0.010304 0.013797
3 0.760709 0.492610 0.010304 0.013797
3 0.816165 0.444729 0.010304 0.013797
3 0.871608 0.441475 0.010304 0.013797
3 0.927063 0.425390 0.010304 0.013797
3 0.982519 0.423542 0.010304 0.013797