2 0.093703 0.912788 0.014975 0.020051
2 0.192462 0.850364 0.014975 0.020051
2 0.291222 0.855805 0.014975 0.020051
2 0.389981 0.824669 0.014975 0.020051
2 0.488728 0.704754 0.014975 0.020051
2 0.587487 0.718381 0.014975 0.020051
2 0.686247 0.589873 0.014975 0.020051
2 0.785006 0.555958 0.014975 0.020051
2 0.883753 0.426466 0.014975 0.020051
2 0.982513 0.383992 0.014975 0.020051
5 0.093703 0.805432 0.014975 0.020051
5 0.241842 0.788585 0.014975 0.020051
5 0.389981 0.901229 0.014975 0.020051
5 0.538108 0.919873 0.014975 0.020051
5 0.686247 0.919873 0.014975 0.020051
5 0.834386 0.919873 0.014975 0.020051
5 0.982513 0.919873 0.014975 0.020051
0 0.093703 0.810975 0.014975 0.020051
0 0.241842 0.347246 0.014975 0.020051
0 0.389981 0.205856 0.014975 0.020051
0 0.538108 0.208890 0.014975 0.020051
0 0.686247 0.248653 0.014975 0.020051
0 0.834386 0.255398 0.014975 0.020051
0 0.982513 0.215314 0.014975 0.020051
3 0.093703 0.799127 0.014975 0.020051
3 0.174500 0.493551 0.014975 0.020051
3 0.255310 0.369093 0.014975 0.020051
3 0.336108 0.207924 0.014975 0.020051
3 0.416905 0.256263 0.014975 0.020051
3 0.497715 0.212110 0.014975 0.020051
3 0.578513 0.160500 0.014975 0.020051
3 0.659310 0.222788 0.014975 0.020051
3 0.740108 0.280025 0.014975 0.020051
3 0.820918 0.208144 0.014975 0.020051
3 0.901715 0.150144 0.014975 0.020051
3 0.982513 0.244873 0.014975 0.020051