3 0.087373 0.550212 0.010266 0.013746
3 0.215576 0.595517 0.010266 0.013746
3 0.343778 0.553890 0.010266 0.013746
3 0.471994 0.711534 0.010266 0.013746
3 0.600196 0.588415 0.010266 0.013746
3 0.728399 0.696822 0.010266 0.013746
3 0.856601 0.719720 0.010266 0.013746
3 0.984804 0.705975 0.010266 0.013746
7 0.087373 0.702364 0.010266 0.013746
7 0.168956 0.747093 0.010266 0.013746
7 0.250551 0.678958 0.010266 0.013746
7 0.332133 0.693364 0.010266 0.013746
7 0.413715 0.587890 0.010266 0.013746
7 0.495297 0.553297 0.010266 0.013746
7 0.576880 0.440381 0.010266 0.013746
7 0.658475 0.387093 0.010266 0.013746
7 0.740057 0.292314 0.010266 0.013746
7 0.821639 0.234110 0.010266 0.013746
7 0.903222 0.128500 0.010266 0.013746
7 0.984804 0.177110 0.010266 0.013746
2 0.087373 0.888958 0.010266 0.013746
2 0.187095 0.522822 0.010266 0.013746
2 0.286804 0.506042 0.010266 0.013746
2 0.386525 0.273144 0.010266 0.013746
2 0.486234 0.223992 0.010266 0.013746
2 0.585943 0.276924 0.010266 0.013746
2 0.685665 0.196415 0.010266 0.013746
2 0.785373 0.227890 0.010266 0.013746
2 0.885095 0.148008 0.010266 0.013746
2 0.984804 0.180381 0.010266 0.013746