3 0.082152 0.646356 0.010051 0.013458
3 0.171797 0.685085 0.010051 0.013458
3 0.261430 0.728508 0.010051 0.013458
3 0.351063 0.664220 0.010051 0.013458
3 0.440696 0.732559 0.010051 0.013458
3 0.530329 0.705424 0.010051 0.013458
3 0.619962 0.710508 0.010051 0.013458
3 0.709595 0.727661 0.010051 0.013458
3 0.799228 0.713949 0.010051 0.013458
3 0.888861 0.797237 0.010051 0.013458
3 0.978494 0.920203 0.010051 0.013458
0 0.082152 0.773966 0.010051 0.013458
0 0.181747 0.754407 0.010051 0.013458
0 0.281342 0.685780 0.010051 0.013458
0 0.380937 0.754864 0.010051 0.013458
0 0.480532 0.628220 0.010051 0.013458
0 0.580127 0.536610 0.010051 0.013458
0 0.679722 0.418390 0.010051 0.013458
0 0.779304 0.323441 0.010051 0.013458
0 0.878899 0.221424 0.010051 0.013458
0 0.978494 0.237797 0.010051 0.013458
5 0.082152 0.809712 0.010051 0.013458
5 0.171797 0.775898 0.010051 0.013458
5 0.261430 0.705186 0.010051 0.013458
5 0.351063 0.670034 0.010051 0.013458
5 0.440696 0.792407 0.010051 0.013458
5 0.530329 0.827915 0.010051 0.013458
5 0.619962 0.848983 0.010051 0.013458
5 0.709595 0.777458 0.010051 0.013458
5 0.799228 0.766508 0.010051 0.013458
5 0.888861 0.511390 0.010051 0.013458
5 0.978494 0.258458 0.010051 0.013458
4 0.082152 0.790407 0.010051 0.013458
4 0.231544 0.786627 0.010051 0.013458
4 0.380937 0.851746 0.010051 0.013458
4 0.530329 0.771542 0.010051 0.013458
4 0.679722 0.764390 0.010051 0.013458
4 0.829101 0.637051 0.010051 0.013458
4 0.978494 0.194288 0.010051 0.013458