7 0.141140 0.742453 0.022841 0.030650
7 0.245191 0.760282 0.022841 0.030650
7 0.349242 0.720863 0.022841 0.030650
7 0.453306 0.698368 0.022841 0.030650
7 0.557357 0.578504 0.022841 0.030650
7 0.661408 0.500949 0.022841 0.030650
7 0.765459 0.361051 0.022841 0.030650
7 0.869510 0.248128 0.022841 0.030650
7 0.973573 0.198368 0.022841 0.030650
2 0.141140 0.757872 0.022841 0.030650
2 0.210503 0.512333 0.022841 0.030650
2 0.279879 0.274641 0.022841 0.030650
2 0.349242 0.236880 0.022841 0.030650
2 0.418618 0.242419 0.022841 0.030650
2 0.487981 0.163889 0.022841 0.030650
2 0.557357 0.154179 0.022841 0.030650
2 0.626720 0.166231 0.022841 0.030650
2 0.696096 0.206573 0.022841 0.030650
2 0.765459 0.155068 0.022841 0.030650
2 0.834834 0.122829 0.022841 0.030650
2 0.904197 0.144316 0.022841 0.030650
2 0.973573 0.154419 0.022841 0.030650
5 0.141140 0.726009 0.022841 0.030650
5 0.216809 0.583120 0.022841 0.030650
5 0.292490 0.433530 0.022841 0.030650
5 0.368159 0.324761 0.022841 0.030650
5 0.443841 0.183684 0.022841 0.030650
5 0.519522 0.168197 0.022841 0.030650
5 0.595191 0.209513 0.022841 0.030650
5 0.670873 0.137650 0.022841 0.030650
5 0.746541 0.214111 0.022841 0.030650
5 0.822223 0.215872 0.022841 0.030650
5 0.897892 0.222162 0.022841 0.030650
5 0.973573 0.204915 0.022841 0.030650
0 0.141140 0.683342 0.022841 0.030650
0 0.245191 0.636726 0.022841 0.030650
0 0.349242 0.565615 0.022841 0.030650
0 0.453306 0.514453 0.022841 0.030650
0 0.557357 0.436880 0.022841 0.030650
0 0.661408 0.354915 0.022841 0.030650
0 0.765459 0.293667 0.022841 0.030650
0 0.869510 0.298675 0.022841 0.030650
0 0.973573 0.299051 0.022841 0.030650
3 0.141140 0.694778 0.022841 0.030650
3 0.224376 0.668111 0.022841 0.030650
3 0.307624 0.641855 0.022841 0.030650
3 0.390873 0.548812 0.022841 0.030650
3 0.474108 0.487291 0.022841 0.030650
3 0.557357 0.468709 0.022841 0.030650
3 0.640592 0.403821 0.022841 0.030650
3 0.723841 0.353120 0.022841 0.030650
3 0.807089 0.307034 0.022841 0.030650
3 0.890325 0.327667 0.022841 0.030650
3 0.973573 0.267615 0.022841 0.030650