7 0.087373 0.654364 0.013354 0.017881
7 0.236943 0.497449 0.013354 0.017881
7 0.386525 0.314466 0.013354 0.017881
7 0.536095 0.286449 0.013354 0.017881
7 0.685665 0.195161 0.013354 0.017881
7 0.835234 0.047958 0.013354 0.017881
7 0.984804 0.112212 0.013354 0.017881
1 0.087373 0.695263 0.013354 0.017881
1 0.177120 0.758110 0.013354 0.017881
1 0.266867 0.780093 0.013354 0.017881
1 0.356601 0.667331 0.013354 0.017881
1 0.446348 0.693059 0.013354 0.017881
1 0.536095 0.631754 0.013354 0.017881
1 0.625842 0.808924 0.013354 0.017881
1 0.715576 0.588839 0.013354 0.017881
1 0.805323 0.602839 0.013354 0.017881
1 0.895070 0.458771 0.013354 0.017881
1 0.984804 0.596771 0.013354 0.017881
6 0.087373 0.522398 0.013354 0.017881
6 0.162158 0.610703 0.013354 0.017881
6 0.236943 0.609822 0.013354 0.017881
6 0.311728 0.450551 0.013354 0.017881
6 0.386525 0.498093 0.013354 0.017881
6 0.461310 0.426076 0.013354 0.017881
6 0.536095 0.281941 0.013354 0.017881
6 0.610880 0.377483 0.013354 0.017881
6 0.685665 0.277890 0.013354 0.017881
6 0.760449 0.253992 0.013354 0.017881
6 0.835234 0.339839 0.013354 0.017881
6 0.910019 0.268873 0.013354 0.017881
6 0.984804 0.364822 0.013354 0.017881
4 0.087373 0.775127 0.013354 0.017881
4 0.266867 0.605161 0.013354 0.017881
4 0.446348 0.506788 0.013354 0.017881
4 0.625842 0.466331 0.013354 0.017881
4 0.805323 0.230161 0.013354 0.017881
4 0.984804 0.322415 0.013354 0.017881