7 0.087380 0.718610 0.012911 0.017288
7 0.199557 0.673932 0.012911 0.017288
7 0.311734 0.650746 0.012911 0.017288
7 0.423911 0.614814 0.012911 0.017288
7 0.536089 0.488864 0.012911 0.017288
7 0.648266 0.377475 0.012911 0.017288
7 0.760443 0.308780 0.012911 0.017288
7 0.872633 0.378797 0.012911 0.017288
7 0.984810 0.356424 0.012911 0.017288
5 0.087380 0.732525 0.012911 0.017288
5 0.168962 0.646492 0.012911 0.017288
5 0.250544 0.675305 0.012911 0.017288
5 0.332127 0.679475 0.012911 0.017288
5 0.413709 0.632136 0.012911 0.017288
5 0.495304 0.598186 0.012911 0.017288
5 0.576886 0.563085 0.012911 0.017288
5 0.658468 0.480186 0.012911 0.017288
5 0.740051 0.575254 0.012911 0.017288
5 0.821633 0.536898 0.012911 0.017288
5 0.903228 0.440186 0.012911 0.017288
5 0.984810 0.412017 0.012911 0.017288
3 0.087380 0.706949 0.012911 0.017288
3 0.187089 0.656034 0.012911 0.017288
3 0.286797 0.711153 0.012911 0.017288
3 0.386519 0.685492 0.012911 0.017288
3 0.486228 0.652661 0.012911 0.017288
3 0.585949 0.636576 0.012911 0.017288
3 0.685658 0.580627 0.012911 0.017288
3 0.785380 0.607610 0.012911 0.017288
3 0.885089 0.678458 0.012911 0.017288
3 0.984810 0.653017 0.012911 0.017288
4 0.087380 0.708932 0.012911 0.017288
4 0.215582 0.611000 0.012911 0.017288
4 0.343785 0.515339 0.012911 0.017288
4 0.471987 0.462339 0.012911 0.017288
4 0.600190 0.314288 0.012911 0.017288
4 0.728392 0.306559 0.012911 0.017288
4 0.856608 0.310508 0.012911 0.017288
4 0.984810 0.251814 0.012911 0.017288