0 0.084842 0.808788 0.016595 0.022220
0 0.166665 0.702331 0.016595 0.022220
0 0.248475 0.596246 0.016595 0.022220
0 0.330297 0.511297 0.016595 0.022220
0 0.412108 0.443449 0.016595 0.022220
0 0.493918 0.394229 0.016595 0.022220
0 0.575741 0.382890 0.016595 0.022220
0 0.657551 0.335466 0.016595 0.022220
0 0.739361 0.305161 0.016595 0.022220
0 0.821184 0.284195 0.016595 0.022220
0 0.902994 0.270720 0.016595 0.022220
0 0.984816 0.254754 0.016595 0.022220
7 0.084842 0.676331 0.016595 0.022220
7 0.166665 0.668059 0.016595 0.022220
7 0.248475 0.580534 0.016595 0.022220
7 0.330297 0.524839 0.016595 0.022220
7 0.412108 0.463788 0.016595 0.022220
7 0.493918 0.408025 0.016595 0.022220
7 0.575741 0.325856 0.016595 0.022220
7 0.657551 0.298788 0.016595 0.022220
7 0.739361 0.275280 0.016595 0.022220
7 0.821184 0.251076 0.016595 0.022220
7 0.902994 0.230381 0.016595 0.022220
7 0.984816 0.227669 0.016595 0.022220
1 0.084842 0.553805 0.016595 0.022220
1 0.154070 0.530788 0.016595 0.022220
1 0.223297 0.514144 0.016595 0.022220
1 0.292525 0.491669 0.016595 0.022220
1 0.361753 0.435703 0.016595 0.022220
1 0.430981 0.421771 0.016595 0.022220
1 0.500209 0.408331 0.016595 0.022220
1 0.569449 0.382500 0.016595 0.022220
1 0.638677 0.354229 0.016595 0.022220
1 0.707905 0.323246 0.016595 0.022220
1 0.777133 0.318788 0.016595 0.022220
1 0.846361 0.276636 0.016595 0.022220
1 0.915589 0.249008 0.016595 0.022220
1 0.984816 0.228975 0.016595 0.022220