7 0.106865 0.775068 0.017766 0.023810
7 0.161536 0.597772 0.017766 0.023810
7 0.216206 0.432483 0.017766 0.023810
7 0.270876 0.295510 0.017766 0.023810
7 0.325546 0.236480 0.017766 0.023810
7 0.380216 0.287211 0.017766 0.023810
7 0.434886 0.262891 0.017766 0.023810
7 0.489556 0.149048 0.017766 0.023810
7 0.544226 0.137075 0.017766 0.023810
7 0.598909 0.206156 0.017766 0.023810
7 0.653579 0.122007 0.017766 0.023810
7 0.708249 0.112500 0.017766 0.023810
7 0.762919 0.122398 0.017766 0.023810
7 0.817589 0.192755 0.017766 0.023810
7 0.872259 0.188810 0.017766 0.023810
7 0.926929 0.228588 0.017766 0.023810
7 0.981599 0.211786 0.017766 0.023810
2 0.106865 0.768248 0.017766 0.023810
2 0.161536 0.786718 0.017766 0.023810
2 0.216206 0.667687 0.017766 0.023810
2 0.270876 0.669031 0.017766 0.023810
2 0.325546 0.620391 0.017766 0.023810
2 0.380216 0.516446 0.017766 0.023810
2 0.434886 0.455408 0.017766 0.023810
2 0.489556 0.308044 0.017766 0.023810
2 0.544226 0.272942 0.017766 0.023810
2 0.598909 0.272721 0.017766 0.023810
2 0.653579 0.180578 0.017766 0.023810
2 0.708249 0.145085 0.017766 0.023810
2 0.762919 0.259031 0.017766 0.023810
2 0.817589 0.168554 0.017766 0.023810
2 0.872259 0.067007 0.017766 0.023810
2 0.926929 0.160000 0.017766 0.023810
2 0.981599 0.204218 0.017766 0.023810
0 0.106865 0.770442 0.017766 0.023810
0 0.186383 0.741922 0.017766 0.023810
0 0.265901 0.780663 0.017766 0.023810
0 0.345431 0.770102 0.017766 0.023810
0 0.424949 0.819847 0.017766 0.023810
0 0.504467 0.858418 0.017766 0.023810
0 0.583997 0.905901 0.017766 0.023810
0 0.663515 0.905901 0.017766 0.023810
0 0.743033 0.905901 0.017766 0.023810
0 0.822551 0.905901 0.017766 0.023810
0 0.902081 0.905901 0.017766 0.023810
0 0.981599 0.905901 0.017766 0.023810