3 0.098772 0.776305 0.011924 0.015966
3 0.179114 0.834492 0.011924 0.015966
3 0.259456 0.827475 0.011924 0.015966
3 0.339797 0.875627 0.011924 0.015966
3 0.420139 0.831169 0.011924 0.015966
3 0.500481 0.902576 0.011924 0.015966
3 0.580810 0.864424 0.011924 0.015966
3 0.661152 0.905085 0.011924 0.015966
3 0.741494 0.885424 0.011924 0.015966
3 0.821835 0.913085 0.011924 0.015966
3 0.902177 0.913085 0.011924 0.015966
3 0.982519 0.860322 0.011924 0.015966
0 0.098772 0.783085 0.011924 0.015966
0 0.225025 0.760746 0.011924 0.015966
0 0.351266 0.678763 0.011924 0.015966
0 0.477519 0.615763 0.011924 0.015966
0 0.603772 0.512847 0.011924 0.015966
0 0.730025 0.384136 0.011924 0.015966
0 0.856266 0.349492 0.011924 0.015966
0 0.982519 0.285136 0.011924 0.015966
5 0.098772 0.664051 0.011924 0.015966
5 0.172418 0.706797 0.011924 0.015966
5 0.246063 0.763254 0.011924 0.015966
5 0.319709 0.721627 0.011924 0.015966
5 0.393354 0.766864 0.011924 0.015966
5 0.467000 0.841000 0.011924 0.015966
5 0.540646 0.809695 0.011924 0.015966
5 0.614291 0.855542 0.011924 0.015966
5 0.687937 0.910746 0.011924 0.015966
5 0.761582 0.911576 0.011924 0.015966
5 0.835228 0.913085 0.011924 0.015966
5 0.908873 0.913085 0.011924 0.015966
5 0.982519 0.913085 0.011924 0.015966
1 0.098772 0.707525 0.011924 0.015966
1 0.187152 0.606373 0.011924 0.015966
1 0.275519 0.576593 0.011924 0.015966
1 0.363899 0.529203 0.011924 0.015966
1 0.452266 0.485559 0.011924 0.015966
1 0.540646 0.402966 0.011924 0.015966
1 0.629025 0.359475 0.011924 0.015966
1 0.717392 0.303186 0.011924 0.015966
1 0.805772 0.323237 0.011924 0.015966
1 0.894139 0.321390 0.011924 0.015966
1 0.982519 0.303254 0.011924 0.015966
2 0.098772 0.706898 0.011924 0.015966
2 0.225025 0.439780 0.011924 0.015966
2 0.351266 0.379085 0.011924 0.015966
2 0.477519 0.250780 0.011924 0.015966
2 0.603772 0.156729 0.011924 0.015966
2 0.730025 0.182000 0.011924 0.015966
2 0.856266 0.195492 0.011924 0.015966
2 0.982519 0.250424 0.011924 0.015966
6 0.098772 0.816610 0.011924 0.015966
6 0.179114 0.522661 0.011924 0.015966
6 0.259456 0.377864 0.011924 0.015966
6 0.339797 0.234288 0.011924 0.015966
6 0.420139 0.245237 0.011924 0.015966
6 0.500481 0.221831 0.011924 0.015966
6 0.580810 0.152576 0.011924 0.015966
6 0.661152 0.132797 0.011924 0.015966
6 0.741494 0.185068 0.011924 0.015966
6 0.821835 0.198186 0.011924 0.015966
6 0.902177 0.131271 0.011924 0.015966
6 0.982519 0.152644 0.011924 0.015966