4 0.107001 0.688180 0.015883 0.021259
4 0.203253 0.577976 0.015883 0.021259
4 0.299504 0.637466 0.015883 0.021259
4 0.395756 0.541888 0.015883 0.021259
4 0.491995 0.489133 0.015883 0.021259
4 0.588247 0.382755 0.015883 0.021259
4 0.684498 0.297517 0.015883 0.021259
4 0.780750 0.310918 0.015883 0.021259
4 0.877001 0.257636 0.015883 0.021259
4 0.973253 0.309133 0.015883 0.021259
0 0.107001 0.667551 0.015883 0.021259
0 0.215286 0.652143 0.015883 0.021259
0 0.323558 0.553810 0.015883 0.021259
0 0.431842 0.577857 0.015883 0.021259
0 0.540127 0.458878 0.015883 0.021259
0 0.648399 0.501786 0.015883 0.021259
0 0.756684 0.361054 0.015883 0.021259
0 0.864968 0.270170 0.015883 0.021259
0 0.973253 0.292313 0.015883 0.021259
7 0.107001 0.783639 0.015883 0.021259
7 0.230750 0.728010 0.015883 0.021259
7 0.354498 0.632449 0.015883 0.021259
7 0.478247 0.545612 0.015883 0.021259
7 0.601995 0.378078 0.015883 0.021259
7 0.725743 0.275102 0.015883 0.021259
7 0.849492 0.327432 0.015883 0.021259
7 0.973253 0.278333 0.015883 0.021259