6 0.087373 0.784415 0.014038 0.018797
6 0.155778 0.780975 0.014038 0.018797
6 0.224171 0.790229 0.014038 0.018797
6 0.292576 0.764907 0.014038 0.018797
6 0.360968 0.816415 0.014038 0.018797
6 0.429373 0.807856 0.014038 0.018797
6 0.497766 0.786890 0.014038 0.018797
6 0.566171 0.751263 0.014038 0.018797
6 0.634563 0.789042 0.014038 0.018797
6 0.702968 0.774602 0.014038 0.018797
6 0.771361 0.762297 0.014038 0.018797
6 0.839766 0.689822 0.014038 0.018797
6 0.908158 0.508585 0.014038 0.018797
6 0.976563 0.192483 0.014038 0.018797
5 0.087373 0.654551 0.014038 0.018797
5 0.150892 0.643517 0.014038 0.018797
5 0.214399 0.567686 0.014038 0.018797
5 0.277918 0.524737 0.014038 0.018797
5 0.341424 0.434653 0.014038 0.018797
5 0.404943 0.375534 0.014038 0.018797
5 0.468449 0.311195 0.014038 0.018797
5 0.531968 0.263805 0.014038 0.018797
5 0.595487 0.233551 0.014038 0.018797
5 0.658994 0.177924 0.014038 0.018797
5 0.722513 0.149381 0.014038 0.018797
5 0.786019 0.112195 0.014038 0.018797
5 0.849538 0.105059 0.014038 0.018797
5 0.913044 0.101703 0.014038 0.018797
5 0.976563 0.106924 0.014038 0.018797
1 0.087373 0.564364 0.014038 0.018797
1 0.155778 0.562280 0.014038 0.018797
1 0.224171 0.588771 0.014038 0.018797
1 0.292576 0.570466 0.014038 0.018797
1 0.360968 0.562958 0.014038 0.018797
1 0.429373 0.570076 0.014038 0.018797
1 0.497766 0.578059 0.014038 0.018797
1 0.566171 0.586381 0.014038 0.018797
1 0.634563 0.578449 0.014038 0.018797
1 0.702968 0.563619 0.014038 0.018797
1 0.771361 0.580364 0.014038 0.018797
1 0.839766 0.530941 0.014038 0.018797
1 0.908158 0.438331 0.014038 0.018797
1 0.976563 0.032212 0.014038 0.018797
3 0.087373 0.691110 0.014038 0.018797
3 0.146652 0.680229 0.014038 0.018797
3 0.205930 0.623042 0.014038 0.018797
3 0.265209 0.594975 0.014038 0.018797
3 0.324487 0.502873 0.014038 0.018797
3 0.383766 0.448805 0.014038 0.018797
3 0.443044 0.388873 0.014038 0.018797
3 0.502323 0.331568 0.014038 0.018797
3 0.561614 0.290737 0.014038 0.018797
3 0.620892 0.242008 0.014038 0.018797
3 0.680171 0.227347 0.014038 0.018797
3 0.739449 0.197975 0.014038 0.018797
3 0.798728 0.189551 0.014038 0.018797
3 0.858006 0.177686 0.014038 0.018797
3 0.917285 0.147331 0.014038 0.018797
3 0.976563 0.178263 0.014038 0.018797
4 0.087373 0.735975 0.014038 0.018797
4 0.155778 0.723924 0.014038 0.018797
4 0.224171 0.704449 0.014038 0.018797
4 0.292576 0.676364 0.014038 0.018797
4 0.360968 0.638975 0.014038 0.018797
4 0.429373 0.579975 0.014038 0.018797
4 0.497766 0.514975 0.014038 0.018797
4 0.566171 0.486907 0.014038 0.018797
4 0.634563 0.385975 0.014038 0.018797
4 0.702968 0.365788 0.014038 0.018797
4 0.771361 0.323636 0.014038 0.018797
4 0.839766 0.305856 0.014038 0.018797
4 0.908158 0.286381 0.014038 0.018797
4 0.976563 0.299229 0.014038 0.018797
0 0.087373 0.641839 0.014038 0.018797
0 0.155778 0.606737 0.014038 0.018797
0 0.224171 0.649280 0.014038 0.018797
0 0.292576 0.639110 0.014038 0.018797
0 0.360968 0.632212 0.014038 0.018797
0 0.429373 0.638602 0.014038 0.018797
0 0.497766 0.627941 0.014038 0.018797
0 0.566171 0.626347 0.014038 0.018797
0 0.634563 0.631432 0.014038 0.018797
0 0.702968 0.644212 0.014038 0.018797
0 0.771361 0.610975 0.014038 0.018797
0 0.839766 0.626263 0.014038 0.018797
0 0.908158 0.633856 0.014038 0.018797
0 0.976563 0.644856 0.014038 0.018797