7 0.127758 0.761709 0.019771 0.026530
7 0.232446 0.733350 0.019771 0.026530
7 0.337134 0.804239 0.019771 0.026530
7 0.441809 0.790940 0.019771 0.026530
7 0.546497 0.767915 0.019771 0.026530
7 0.651185 0.778872 0.019771 0.026530
7 0.755873 0.720462 0.019771 0.026530
7 0.860548 0.553795 0.019771 0.026530
7 0.965236 0.197162 0.019771 0.026530
3 0.127758 0.784137 0.019771 0.026530
3 0.203898 0.710462 0.019771 0.026530
3 0.280025 0.741111 0.019771 0.026530
3 0.356166 0.755897 0.019771 0.026530
3 0.432293 0.751863 0.019771 0.026530
3 0.508433 0.759744 0.019771 0.026530
3 0.584561 0.719778 0.019771 0.026530
3 0.660701 0.794393 0.019771 0.026530
3 0.736828 0.760410 0.019771 0.026530
3 0.812968 0.611060 0.019771 0.026530
3 0.889108 0.465880 0.019771 0.026530
3 0.965236 0.145658 0.019771 0.026530
2 0.127758 0.773692 0.019771 0.026530
2 0.220815 0.752308 0.019771 0.026530
2 0.313873 0.749145 0.019771 0.026530
2 0.406917 0.657624 0.019771 0.026530
2 0.499975 0.606154 0.019771 0.026530
2 0.593019 0.417145 0.019771 0.026530
2 0.686076 0.446718 0.019771 0.026530
2 0.779134 0.342222 0.019771 0.026530
2 0.872178 0.363145 0.019771 0.026530
2 0.965236 0.274718 0.019771 0.026530
1 0.127758 0.628821 0.019771 0.026530
1 0.203898 0.634821 0.019771 0.026530
1 0.280025 0.628701 0.019771 0.026530
1 0.356166 0.600855 0.019771 0.026530
1 0.432293 0.551060 0.019771 0.026530
1 0.508433 0.455726 0.019771 0.026530
1 0.584561 0.423573 0.019771 0.026530
1 0.660701 0.374906 0.019771 0.026530
1 0.736828 0.268410 0.019771 0.026530
1 0.812968 0.229060 0.019771 0.026530
1 0.889108 0.304940 0.019771 0.026530
1 0.965236 0.210684 0.019771 0.026530