7 0.129032 0.693077 0.019185 0.025744
7 0.212650 0.458427 0.019185 0.025744
7 0.296280 0.552684 0.019185 0.025744
7 0.379898 0.633897 0.019185 0.025744
7 0.463516 0.741179 0.019185 0.025744
7 0.547134 0.640650 0.019185 0.025744
7 0.630752 0.698923 0.019185 0.025744
7 0.714382 0.752291 0.019185 0.025744
7 0.798000 0.667504 0.019185 0.025744
7 0.881618 0.703026 0.019185 0.025744
7 0.965236 0.274667 0.019185 0.025744
6 0.129032 0.819556 0.019185 0.025744
6 0.205057 0.768308 0.019185 0.025744
6 0.281070 0.829538 0.019185 0.025744
6 0.357096 0.822855 0.019185 0.025744
6 0.433108 0.739299 0.019185 0.025744
6 0.509121 0.782650 0.019185 0.025744
6 0.585146 0.759385 0.019185 0.025744
6 0.661159 0.789436 0.019185 0.025744
6 0.737185 0.731726 0.019185 0.025744
6 0.813197 0.668000 0.019185 0.025744
6 0.889223 0.292137 0.019185 0.025744
6 0.965236 0.242444 0.019185 0.025744
2 0.129032 0.455573 0.019185 0.025744
2 0.221949 0.576513 0.019185 0.025744
2 0.314854 0.578051 0.019185 0.025744
2 0.407771 0.605111 0.019185 0.025744
2 0.500675 0.624684 0.019185 0.025744
2 0.593592 0.566769 0.019185 0.025744
2 0.686497 0.528239 0.019185 0.025744
2 0.779414 0.555556 0.019185 0.025744
2 0.872331 0.499556 0.019185 0.025744
2 0.965236 0.092308 0.019185 0.025744
3 0.129032 0.767692 0.019185 0.025744
3 0.198713 0.881162 0.019185 0.025744
3 0.268408 0.780444 0.019185 0.025744
3 0.338089 0.881162 0.019185 0.025744
3 0.407771 0.795214 0.019185 0.025744
3 0.477452 0.733316 0.019185 0.025744
3 0.547134 0.828855 0.019185 0.025744
3 0.616815 0.786171 0.019185 0.025744
3 0.686497 0.725385 0.019185 0.025744
3 0.756191 0.855009 0.019185 0.025744
3 0.825873 0.781880 0.019185 0.025744
3 0.895554 0.823863 0.019185 0.025744
3 0.965236 0.881162 0.019185 0.025744