4 0.104454 0.540298 0.015997 0.021448
4 0.213056 0.675903 0.015997 0.021448
4 0.321658 0.730945 0.015997 0.021448
4 0.430248 0.726448 0.015997 0.021448
4 0.538850 0.772411 0.015997 0.021448
4 0.647452 0.762053 0.015997 0.021448
4 0.756042 0.810809 0.015997 0.021448
4 0.864644 0.701644 0.015997 0.021448
4 0.973247 0.548066 0.015997 0.021448
0 0.104454 0.732990 0.015997 0.021448
0 0.183437 0.899157 0.015997 0.021448
0 0.262421 0.750298 0.015997 0.021448
0 0.341404 0.758595 0.015997 0.021448
0 0.420375 0.792973 0.015997 0.021448
0 0.499358 0.784881 0.015997 0.021448
0 0.578342 0.796329 0.015997 0.021448
0 0.657325 0.878697 0.015997 0.021448
0 0.736296 0.871133 0.015997 0.021448
0 0.815280 0.636618 0.015997 0.021448
0 0.894263 0.608118 0.015997 0.021448
0 0.973247 0.527981 0.015997 0.021448
1 0.104454 0.550588 0.015997 0.021448
1 0.200985 0.515630 0.015997 0.021448
1 0.297516 0.658969 0.015997 0.021448
1 0.394047 0.608032 0.015997 0.021448
1 0.490578 0.615545 0.015997 0.021448
1 0.587122 0.550213 0.015997 0.021448
1 0.683653 0.639208 0.015997 0.021448
1 0.780184 0.516039 0.015997 0.021448
1 0.876715 0.628867 0.015997 0.021448
1 0.973247 0.643245 0.015997 0.021448
6 0.104454 0.560571 0.015997 0.021448
6 0.171290 0.699055 0.015997 0.021448
6 0.238113 0.658015 0.015997 0.021448
6 0.304949 0.609327 0.015997 0.021448
6 0.371773 0.628543 0.015997 0.021448
6 0.438609 0.649583 0.015997 0.021448
6 0.505432 0.566806 0.015997 0.021448
6 0.572268 0.701167 0.015997 0.021448
6 0.639091 0.680281 0.015997 0.021448
6 0.705928 0.692751 0.015997 0.021448
6 0.772751 0.563313 0.015997 0.021448
6 0.839587 0.695869 0.015997 0.021448
6 0.906410 0.490860 0.015997 0.021448
6 0.973247 0.039174 0.015997 0.021448
3 0.104454 0.770451 0.015997 0.021448
3 0.191341 0.815273 0.015997 0.021448
3 0.278215 0.688032 0.015997 0.021448
3 0.365089 0.669583 0.015997 0.021448
3 0.451976 0.540894 0.015997 0.021448
3 0.538850 0.578663 0.015997 0.021448
3 0.625724 0.272905 0.015997 0.021448
3 0.712611 0.239532 0.015997 0.021448
3 0.799485 0.220843 0.015997 0.021448
3 0.886360 0.099838 0.015997 0.021448
3 0.973247 0.056039 0.015997 0.021448
7 0.104454 0.475000 0.015997 0.021448
7 0.278215 0.721525 0.015997 0.021448
7 0.451976 0.660758 0.015997 0.021448
7 0.625724 0.486533 0.015997 0.021448
7 0.799485 0.532104 0.015997 0.021448
7 0.973247 0.435375 0.015997 0.021448