3 0.087380 0.666898 0.009899 0.013254
3 0.151481 0.656983 0.009899 0.013254
3 0.215582 0.667559 0.009899 0.013254
3 0.279684 0.652508 0.009899 0.013254
3 0.343785 0.643864 0.009899 0.013254
3 0.407886 0.637881 0.009899 0.013254
3 0.471987 0.651542 0.009899 0.013254
3 0.536089 0.629983 0.009899 0.013254
3 0.600190 0.654085 0.009899 0.013254
3 0.664291 0.621186 0.009899 0.013254
3 0.728392 0.639492 0.009899 0.013254
3 0.792506 0.629153 0.009899 0.013254
3 0.856608 0.617136 0.009899 0.013254
3 0.920709 0.593356 0.009899 0.013254
3 0.984810 0.602627 0.009899 0.013254
6 0.087380 0.636288 0.009899 0.013254
6 0.177114 0.658288 0.009899 0.013254
6 0.266861 0.701576 0.009899 0.013254
6 0.356608 0.757542 0.009899 0.013254
6 0.446342 0.782695 0.009899 0.013254
6 0.536089 0.809864 0.009899 0.013254
6 0.625835 0.874898 0.009899 0.013254
6 0.715582 0.899390 0.009899 0.013254
6 0.805316 0.924949 0.009899 0.013254
6 0.895063 0.924949 0.009899 0.013254
6 0.984810 0.924949 0.009899 0.013254
7 0.087380 0.695000 0.009899 0.013254
7 0.147203 0.686678 0.009899 0.013254
7 0.207038 0.663305 0.009899 0.013254
7 0.266861 0.664898 0.009899 0.013254
7 0.326696 0.657186 0.009899 0.013254
7 0.386519 0.647237 0.009899 0.013254
7 0.446342 0.652271 0.009899 0.013254
7 0.506177 0.604458 0.009899 0.013254
7 0.566000 0.556746 0.009899 0.013254
7 0.625835 0.529746 0.009899 0.013254
7 0.685658 0.478763 0.009899 0.013254
7 0.745494 0.429542 0.009899 0.013254
7 0.805316 0.361169 0.009899 0.013254
7 0.865152 0.330797 0.009899 0.013254
7 0.924975 0.341271 0.009899 0.013254
7 0.984810 0.317695 0.009899 0.013254
5 0.087380 0.772186 0.009899 0.013254
5 0.162165 0.741119 0.009899 0.013254
5 0.236949 0.686932 0.009899 0.013254
5 0.311734 0.664915 0.009899 0.013254
5 0.386519 0.579898 0.009899 0.013254
5 0.461304 0.555153 0.009899 0.013254
5 0.536089 0.539831 0.009899 0.013254
5 0.610873 0.478085 0.009899 0.013254
5 0.685658 0.427119 0.009899 0.013254
5 0.760443 0.372051 0.009899 0.013254
5 0.835241 0.346966 0.009899 0.013254
5 0.910025 0.290119 0.009899 0.013254
5 0.984810 0.274729 0.009899 0.013254
0 0.087380 0.811661 0.009899 0.013254
0 0.156405 0.604441 0.009899 0.013254
0 0.225443 0.438780 0.009899 0.013254
0 0.294468 0.342695 0.009899 0.013254
0 0.363506 0.307136 0.009899 0.013254
0 0.432544 0.265186 0.009899 0.013254
0 0.501570 0.209729 0.009899 0.013254
0 0.570608 0.167017 0.009899 0.013254
0 0.639646 0.196356 0.009899 0.013254
0 0.708671 0.176458 0.009899 0.013254
0 0.777709 0.170542 0.009899 0.013254
0 0.846747 0.147136 0.009899 0.013254
0 0.915772 0.162322 0.009899 0.013254
0 0.984810 0.139458 0.009899 0.013254