5 0.103355 0.779046 0.016264 0.021806
5 0.176048 0.707257 0.016264 0.021806
5 0.248742 0.791789 0.016264 0.021806
5 0.321436 0.766525 0.016264 0.021806
5 0.394142 0.742436 0.016264 0.021806
5 0.466836 0.806150 0.016264 0.021806
5 0.539530 0.733254 0.016264 0.021806
5 0.612224 0.823731 0.016264 0.021806
5 0.684930 0.792487 0.016264 0.021806
5 0.757624 0.725588 0.016264 0.021806
5 0.830318 0.574549 0.016264 0.021806
5 0.903011 0.336201 0.016264 0.021806
5 0.975718 0.166917 0.016264 0.021806
7 0.103355 0.756184 0.016264 0.021806
7 0.161512 0.723629 0.016264 0.021806
7 0.219670 0.698944 0.016264 0.021806
7 0.277827 0.628552 0.016264 0.021806
7 0.335985 0.651380 0.016264 0.021806
7 0.394142 0.670937 0.016264 0.021806
7 0.452300 0.679830 0.016264 0.021806
7 0.510457 0.611635 0.016264 0.021806
7 0.568615 0.519915 0.016264 0.021806
7 0.626773 0.539932 0.016264 0.021806
7 0.684930 0.465247 0.016264 0.021806
7 0.743088 0.351925 0.016264 0.021806
7 0.801245 0.282947 0.016264 0.021806
7 0.859403 0.255400 0.016264 0.021806
7 0.917560 0.314719 0.016264 0.021806
7 0.975718 0.318109 0.016264 0.021806
6 0.103355 0.712709 0.016264 0.021806
6 0.165654 0.782027 0.016264 0.021806
6 0.227967 0.751652 0.016264 0.021806
6 0.290280 0.670971 0.016264 0.021806
6 0.352592 0.633101 0.016264 0.021806
6 0.414905 0.649864 0.016264 0.021806
6 0.477217 0.729421 0.016264 0.021806
6 0.539530 0.650460 0.016264 0.021806
6 0.601842 0.597530 0.016264 0.021806
6 0.664155 0.492198 0.016264 0.021806
6 0.726468 0.445792 0.016264 0.021806
6 0.788780 0.464617 0.016264 0.021806
6 0.851093 0.365383 0.016264 0.021806
6 0.913405 0.382606 0.016264 0.021806
6 0.975718 0.336593 0.016264 0.021806
2 0.103355 0.605230 0.016264 0.021806
2 0.227967 0.685554 0.016264 0.021806
2 0.352592 0.596235 0.016264 0.021806
2 0.477217 0.639353 0.016264 0.021806
2 0.601842 0.743305 0.016264 0.021806
2 0.726468 0.719591 0.016264 0.021806
2 0.851093 0.699284 0.016264 0.021806
2 0.975718 0.397734 0.016264 0.021806