7 0.102100 0.818424 0.016865 0.022641
7 0.160742 0.465477 0.016865 0.022641
7 0.219372 0.487078 0.016865 0.022641
7 0.278001 0.405170 0.016865 0.022641
7 0.336631 0.288799 0.016865 0.022641
7 0.395273 0.216397 0.016865 0.022641
7 0.453902 0.246244 0.016865 0.022641
7 0.512532 0.345443 0.016865 0.022641
7 0.571174 0.245886 0.016865 0.022641
7 0.629803 0.151167 0.016865 0.022641
7 0.688433 0.136261 0.016865 0.022641
7 0.747062 0.254608 0.016865 0.022641
7 0.805704 0.273773 0.016865 0.022641
7 0.864334 0.310826 0.016865 0.022641
7 0.922963 0.232581 0.016865 0.022641
7 0.981605 0.117027 0.016865 0.022641
1 0.102100 0.587112 0.016865 0.022641
1 0.160742 0.566738 0.016865 0.022641
1 0.219372 0.542462 0.016865 0.022641
1 0.278001 0.636891 0.016865 0.022641
1 0.336631 0.721882 0.016865 0.022641
1 0.395273 0.770741 0.016865 0.022641
1 0.453902 0.756346 0.016865 0.022641
1 0.512532 0.782274 0.016865 0.022641
1 0.571174 0.754284 0.016865 0.022641
1 0.629803 0.820945 0.016865 0.022641
1 0.688433 0.914250 0.016865 0.022641
1 0.747062 0.798475 0.016865 0.022641
1 0.805704 0.914250 0.016865 0.022641
1 0.864334 0.914250 0.016865 0.022641
1 0.922963 0.914250 0.016865 0.022641
1 0.981605 0.914250 0.016865 0.022641
2 0.102100 0.715954 0.016865 0.022641
2 0.199829 0.781116 0.016865 0.022641
2 0.297544 0.730247 0.016865 0.022641
2 0.395273 0.613807 0.016865 0.022641
2 0.492989 0.444336 0.016865 0.022641
2 0.590717 0.438305 0.016865 0.022641
2 0.688433 0.431031 0.016865 0.022641
2 0.786161 0.358203 0.016865 0.022641
2 0.883877 0.357947 0.016865 0.022641
2 0.981605 0.356976 0.016865 0.022641
3 0.102100 0.807317 0.016865 0.022641
3 0.175400 0.595596 0.016865 0.022641
3 0.248687 0.385443 0.016865 0.022641
3 0.321973 0.502138 0.016865 0.022641
3 0.395273 0.237828 0.016865 0.022641
3 0.468560 0.185068 0.016865 0.022641
3 0.541846 0.336738 0.016865 0.022641
3 0.615146 0.123518 0.016865 0.022641
3 0.688433 0.080451 0.016865 0.022641
3 0.761720 0.216721 0.016865 0.022641
3 0.835019 0.171184 0.016865 0.022641
3 0.908306 0.103927 0.016865 0.022641
3 0.981605 0.187129 0.016865 0.022641
4 0.102100 0.809463 0.016865 0.022641
4 0.169753 0.697198 0.016865 0.022641
4 0.237418 0.557487 0.016865 0.022641
4 0.305070 0.449787 0.016865 0.022641
4 0.372722 0.403313 0.016865 0.022641
4 0.440374 0.287624 0.016865 0.022641
4 0.508027 0.368646 0.016865 0.022641
4 0.575679 0.328237 0.016865 0.022641
4 0.643331 0.315221 0.016865 0.022641
4 0.710984 0.259191 0.016865 0.022641
4 0.778636 0.336107 0.016865 0.022641
4 0.846288 0.264387 0.016865 0.022641
4 0.913940 0.217010 0.016865 0.022641
4 0.981605 0.088152 0.016865 0.022641