2 0.140185 0.633803 0.019274 0.025863
2 0.222389 0.581598 0.019274 0.025863
2 0.304592 0.509735 0.019274 0.025863
2 0.386796 0.443239 0.019274 0.025863
2 0.469000 0.372060 0.019274 0.025863
2 0.551204 0.288453 0.019274 0.025863
2 0.633408 0.239906 0.019274 0.025863
2 0.715611 0.191803 0.019274 0.025863
2 0.797815 0.181154 0.019274 0.025863
2 0.880019 0.167342 0.019274 0.025863
2 0.962223 0.153923 0.019274 0.025863
0 0.140185 0.788282 0.019274 0.025863
0 0.214911 0.772179 0.019274 0.025863
0 0.289637 0.745650 0.019274 0.025863
0 0.364376 0.761821 0.019274 0.025863
0 0.439102 0.776385 0.019274 0.025863
0 0.513841 0.753991 0.019274 0.025863
0 0.588567 0.759667 0.019274 0.025863
0 0.663306 0.767530 0.019274 0.025863
0 0.738032 0.740897 0.019274 0.025863
0 0.812771 0.690949 0.019274 0.025863
0 0.887497 0.446094 0.019274 0.025863
0 0.962223 0.223359 0.019274 0.025863
7 0.140185 0.734487 0.019274 0.025863
7 0.214911 0.769376 0.019274 0.025863
7 0.289637 0.765000 0.019274 0.025863
7 0.364376 0.765650 0.019274 0.025863
7 0.439102 0.773359 0.019274 0.025863
7 0.513841 0.768590 0.019274 0.025863
7 0.588567 0.766179 0.019274 0.025863
7 0.663306 0.759154 0.019274 0.025863
7 0.738032 0.744658 0.019274 0.025863
7 0.812771 0.649957 0.019274 0.025863
7 0.887497 0.360419 0.019274 0.025863
7 0.962223 0.215684 0.019274 0.025863
6 0.140185 0.665598 0.019274 0.025863
6 0.231522 0.620265 0.019274 0.025863
6 0.322860 0.585291 0.019274 0.025863
6 0.414197 0.505718 0.019274 0.025863
6 0.505535 0.411752 0.019274 0.025863
6 0.596873 0.329103 0.019274 0.025863
6 0.688210 0.257581 0.019274 0.025863
6 0.779548 0.233017 0.019274 0.025863
6 0.870885 0.197718 0.019274 0.025863
6 0.962223 0.202299 0.019274 0.025863
3 0.140185 0.678333 0.019274 0.025863
3 0.214911 0.659803 0.019274 0.025863
3 0.289637 0.637718 0.019274 0.025863
3 0.364376 0.653017 0.019274 0.025863
3 0.439102 0.645051 0.019274 0.025863
3 0.513841 0.602641 0.019274 0.025863
3 0.588567 0.580162 0.019274 0.025863
3 0.663306 0.513120 0.019274 0.025863
3 0.738032 0.474915 0.019274 0.025863
3 0.812771 0.430145 0.019274 0.025863
3 0.887497 0.418658 0.019274 0.025863
3 0.962223 0.383923 0.019274 0.025863
5 0.140185 0.763547 0.019274 0.025863
5 0.214911 0.753342 0.019274 0.025863
5 0.289637 0.728590 0.019274 0.025863
5 0.364376 0.752436 0.019274 0.025863
5 0.439102 0.760419 0.019274 0.025863
5 0.513841 0.761598 0.019274 0.025863
5 0.588567 0.746453 0.019274 0.025863
5 0.663306 0.751462 0.019274 0.025863
5 0.738032 0.743872 0.019274 0.025863
5 0.812771 0.704915 0.019274 0.025863
5 0.887497 0.564162 0.019274 0.025863
5 0.962223 0.252043 0.019274 0.025863