4 0.087386 0.766076 0.014241 0.019068
4 0.198525 0.760636 0.014241 0.019068
4 0.309677 0.760110 0.014241 0.019068
4 0.420829 0.772110 0.014241 0.019068
4 0.531968 0.741246 0.014241 0.019068
4 0.643120 0.765110 0.014241 0.019068
4 0.754272 0.769568 0.014241 0.019068
4 0.865411 0.760331 0.014241 0.019068
4 0.976563 0.634449 0.014241 0.019068
6 0.087386 0.730754 0.014241 0.019068
6 0.198525 0.741686 0.014241 0.019068
6 0.309677 0.781873 0.014241 0.019068
6 0.420829 0.761178 0.014241 0.019068
6 0.531968 0.767110 0.014241 0.019068
6 0.643120 0.731280 0.014241 0.019068
6 0.754272 0.768890 0.014241 0.019068
6 0.865411 0.749619 0.014241 0.019068
6 0.976563 0.683754 0.014241 0.019068
5 0.087386 0.723314 0.014241 0.019068
5 0.176297 0.706737 0.014241 0.019068
5 0.265222 0.669568 0.014241 0.019068
5 0.354133 0.597364 0.014241 0.019068
5 0.443057 0.538093 0.014241 0.019068
5 0.531968 0.472415 0.014241 0.019068
5 0.620892 0.379534 0.014241 0.019068
5 0.709804 0.340873 0.014241 0.019068
5 0.798728 0.334890 0.014241 0.019068
5 0.887639 0.296788 0.014241 0.019068
5 0.976563 0.316805 0.014241 0.019068
2 0.087386 0.776975 0.014241 0.019068
2 0.186184 0.791347 0.014241 0.019068
2 0.284981 0.792703 0.014241 0.019068
2 0.383778 0.773890 0.014241 0.019068
2 0.482576 0.771280 0.014241 0.019068
2 0.581373 0.785551 0.014241 0.019068
2 0.680171 0.775551 0.014241 0.019068
2 0.778968 0.707771 0.014241 0.019068
2 0.877766 0.386703 0.014241 0.019068
2 0.976563 0.164500 0.014241 0.019068