7 0.135401 0.746650 0.018115 0.024308
7 0.194675 0.776017 0.018115 0.024308
7 0.253949 0.762752 0.018115 0.024308
7 0.313223 0.763726 0.018115 0.024308
7 0.372497 0.746821 0.018115 0.024308
7 0.431771 0.752034 0.018115 0.024308
7 0.491045 0.736821 0.018115 0.024308
7 0.550318 0.761060 0.018115 0.024308
7 0.609592 0.759573 0.018115 0.024308
7 0.668866 0.757761 0.018115 0.024308
7 0.728140 0.753470 0.018115 0.024308
7 0.787414 0.722222 0.018115 0.024308
7 0.846688 0.655179 0.018115 0.024308
7 0.905962 0.426667 0.018115 0.024308
7 0.965236 0.207402 0.018115 0.024308
3 0.135401 0.690222 0.018115 0.024308
3 0.253949 0.677265 0.018115 0.024308
3 0.372497 0.630786 0.018115 0.024308
3 0.491045 0.569350 0.018115 0.024308
3 0.609592 0.421470 0.018115 0.024308
3 0.728140 0.313709 0.018115 0.024308
3 0.846688 0.212803 0.018115 0.024308
3 0.965236 0.173983 0.018115 0.024308
2 0.135401 0.567009 0.018115 0.024308
2 0.273707 0.559829 0.018115 0.024308
2 0.412013 0.555026 0.018115 0.024308
2 0.550318 0.551197 0.018115 0.024308
2 0.688624 0.555453 0.018115 0.024308
2 0.826930 0.574444 0.018115 0.024308
2 0.965236 0.483932 0.018115 0.024308
4 0.135401 0.649880 0.018115 0.024308
4 0.273707 0.629282 0.018115 0.024308
4 0.412013 0.636222 0.018115 0.024308
4 0.550318 0.658718 0.018115 0.024308
4 0.688624 0.644308 0.018115 0.024308
4 0.826930 0.657231 0.018115 0.024308
4 0.965236 0.583453 0.018115 0.024308