1 0.087380 0.565305 0.012051 0.016136
1 0.186177 0.531763 0.012051 0.016136
1 0.284975 0.511017 0.012051 0.016136
1 0.383772 0.576356 0.012051 0.016136
1 0.482570 0.604780 0.012051 0.016136
1 0.581367 0.566576 0.012051 0.016136
1 0.680165 0.556559 0.012051 0.016136
1 0.778962 0.521424 0.012051 0.016136
1 0.877759 0.566593 0.012051 0.016136
1 0.976557 0.664983 0.012051 0.016136
0 0.087380 0.681864 0.012051 0.016136
0 0.186177 0.655898 0.012051 0.016136
0 0.284975 0.630119 0.012051 0.016136
0 0.383772 0.508915 0.012051 0.016136
0 0.482570 0.368712 0.012051 0.016136
0 0.581367 0.262220 0.012051 0.016136
0 0.680165 0.195203 0.012051 0.016136
0 0.778962 0.199983 0.012051 0.016136
0 0.877759 0.209763 0.012051 0.016136
0 0.976557 0.170847 0.012051 0.016136
2 0.087380 0.859576 0.012051 0.016136
2 0.186177 0.843102 0.012051 0.016136
2 0.284975 0.825949 0.012051 0.016136
2 0.383772 0.861559 0.012051 0.016136
2 0.482570 0.838153 0.012051 0.016136
2 0.581367 0.812237 0.012051 0.016136
2 0.680165 0.811542 0.012051 0.016136
2 0.778962 0.786186 0.012051 0.016136
2 0.877759 0.799136 0.012051 0.016136
2 0.976557 0.913763 0.012051 0.016136
6 0.087380 0.750475 0.012051 0.016136
6 0.161468 0.814237 0.012051 0.016136
6 0.235570 0.781000 0.012051 0.016136
6 0.309671 0.806000 0.012051 0.016136
6 0.383772 0.764525 0.012051 0.016136
6 0.457861 0.784559 0.012051 0.016136
6 0.531962 0.777508 0.012051 0.016136
6 0.606063 0.789339 0.012051 0.016136
6 0.680165 0.756034 0.012051 0.016136
6 0.754266 0.802458 0.012051 0.016136
6 0.828354 0.600542 0.012051 0.016136
6 0.902456 0.282610 0.012051 0.016136
6 0.976557 0.142102 0.012051 0.016136