4 0.083424 0.786229 0.014443 0.019339
4 0.164791 0.836449 0.014443 0.019339
4 0.246158 0.857669 0.014443 0.019339
4 0.327525 0.794907 0.014443 0.019339
4 0.408905 0.735195 0.014443 0.019339
4 0.490272 0.622178 0.014443 0.019339
4 0.571639 0.684856 0.014443 0.019339
4 0.653006 0.470771 0.014443 0.019339
4 0.734386 0.482619 0.014443 0.019339
4 0.815753 0.273297 0.014443 0.019339
4 0.897120 0.253636 0.014443 0.019339
4 0.978487 0.187314 0.014443 0.019339
6 0.083424 0.776110 0.014443 0.019339
6 0.182867 0.741636 0.014443 0.019339
6 0.282323 0.739856 0.014443 0.019339
6 0.381778 0.775466 0.014443 0.019339
6 0.481234 0.806042 0.014443 0.019339
6 0.580677 0.770941 0.014443 0.019339
6 0.680133 0.781907 0.014443 0.019339
6 0.779589 0.786873 0.014443 0.019339
6 0.879044 0.663381 0.014443 0.019339
6 0.978487 0.200602 0.014443 0.019339