5 0.094138 0.822619 0.010051 0.013441
5 0.167611 0.719754 0.010051 0.013441
5 0.241084 0.745314 0.010051 0.013441
5 0.314544 0.701263 0.010051 0.013441
5 0.388016 0.571822 0.010051 0.013441
5 0.461489 0.732534 0.010051 0.013441
5 0.534949 0.620958 0.010051 0.013441
5 0.608422 0.587703 0.010051 0.013441
5 0.681895 0.522653 0.010051 0.013441
5 0.755355 0.387839 0.010051 0.013441
5 0.828828 0.316805 0.010051 0.013441
5 0.902300 0.257432 0.010051 0.013441
5 0.975773 0.238381 0.010051 0.013441
2 0.094138 0.832534 0.010051 0.013441
2 0.192098 0.612975 0.010051 0.013441
2 0.290057 0.651110 0.010051 0.013441
2 0.388016 0.667178 0.010051 0.013441
2 0.485976 0.693246 0.010051 0.013441
2 0.583935 0.703381 0.010051 0.013441
2 0.681895 0.621992 0.010051 0.013441
2 0.779854 0.828127 0.010051 0.013441
2 0.877814 0.677856 0.010051 0.013441
2 0.975773 0.414619 0.010051 0.013441
3 0.094138 0.618483 0.010051 0.013441
3 0.157117 0.678924 0.010051 0.013441
3 0.220082 0.614364 0.010051 0.013441
3 0.283061 0.661229 0.010051 0.013441
3 0.346039 0.764669 0.010051 0.013441
3 0.409005 0.636839 0.010051 0.013441
3 0.471984 0.549873 0.010051 0.013441
3 0.534949 0.581568 0.010051 0.013441
3 0.597928 0.593788 0.010051 0.013441
3 0.660906 0.525839 0.010051 0.013441
3 0.723872 0.611754 0.010051 0.013441
3 0.786850 0.620195 0.010051 0.013441
3 0.849816 0.625669 0.010051 0.013441
3 0.912795 0.614076 0.010051 0.013441
3 0.975773 0.298093 0.010051 0.013441
7 0.094138 0.719076 0.010051 0.013441
7 0.152909 0.828703 0.010051 0.013441
7 0.211692 0.846500 0.010051 0.013441
7 0.270463 0.743551 0.010051 0.013441
7 0.329246 0.895263 0.010051 0.013441
7 0.388016 0.739822 0.010051 0.013441
7 0.446787 0.817653 0.010051 0.013441
7 0.505570 0.737669 0.010051 0.013441
7 0.564341 0.780415 0.010051 0.013441
7 0.623112 0.815551 0.010051 0.013441
7 0.681895 0.899924 0.010051 0.013441
7 0.740665 0.709432 0.010051 0.013441
7 0.799436 0.835483 0.010051 0.013441
7 0.858219 0.583161 0.010051 0.013441
7 0.916990 0.155178 0.010051 0.013441
7 0.975773 0.033890 0.010051 0.013441
6 0.094138 0.526229 0.010051 0.013441
6 0.157117 0.600483 0.010051 0.013441
6 0.220082 0.590602 0.010051 0.013441
6 0.283061 0.464822 0.010051 0.013441
6 0.346039 0.552822 0.010051 0.013441
6 0.409005 0.564890 0.010051 0.013441
6 0.471984 0.576805 0.010051 0.013441
6 0.534949 0.786093 0.010051 0.013441
6 0.597928 0.525924 0.010051 0.013441
6 0.660906 0.625212 0.010051 0.013441
6 0.723872 0.499127 0.010051 0.013441
6 0.786850 0.558178 0.010051 0.013441
6 0.849816 0.545280 0.010051 0.013441
6 0.912795 0.621907 0.010051 0.013441
6 0.975773 0.375246 0.010051 0.013441