2 0.083424 0.783686 0.015127 0.020254
2 0.211285 0.763110 0.015127 0.020254
2 0.339158 0.785958 0.015127 0.020254
2 0.467019 0.811585 0.015127 0.020254
2 0.594892 0.807653 0.015127 0.020254
2 0.722753 0.763568 0.015127 0.020254
2 0.850627 0.829297 0.015127 0.020254
2 0.978500 0.918517 0.015127 0.020254
3 0.083424 0.918517 0.015127 0.020254
3 0.152272 0.796398 0.015127 0.020254
3 0.221120 0.719297 0.015127 0.020254
3 0.289981 0.814059 0.015127 0.020254
3 0.358829 0.825331 0.015127 0.020254
3 0.427677 0.791686 0.015127 0.020254
3 0.496538 0.790636 0.015127 0.020254
3 0.565386 0.743229 0.015127 0.020254
3 0.634234 0.817229 0.015127 0.020254
3 0.703082 0.835703 0.015127 0.020254
3 0.771943 0.706347 0.015127 0.020254
3 0.840791 0.540398 0.015127 0.020254
3 0.909639 0.215347 0.015127 0.020254
3 0.978500 0.110890 0.015127 0.020254
1 0.083424 0.753924 0.015127 0.020254
1 0.172930 0.756585 0.015127 0.020254
1 0.262437 0.682551 0.015127 0.020254
1 0.351943 0.827975 0.015127 0.020254
1 0.441449 0.733364 0.015127 0.020254
1 0.530956 0.779568 0.015127 0.020254
1 0.620462 0.759500 0.015127 0.020254
1 0.709968 0.819907 0.015127 0.020254
1 0.799475 0.697771 0.015127 0.020254
1 0.888981 0.356093 0.015127 0.020254
1 0.978500 0.130042 0.015127 0.020254
0 0.083424 0.814669 0.015127 0.020254
0 0.195310 0.750636 0.015127 0.020254
0 0.307196 0.807703 0.015127 0.020254
0 0.419070 0.800415 0.015127 0.020254
0 0.530956 0.804025 0.015127 0.020254
0 0.642842 0.780653 0.015127 0.020254
0 0.754728 0.763653 0.015127 0.020254
0 0.866614 0.457907 0.015127 0.020254
0 0.978500 0.192873 0.015127 0.020254
4 0.083424 0.770839 0.015127 0.020254
4 0.139361 0.705805 0.015127 0.020254
4 0.195310 0.724551 0.015127 0.020254
4 0.251247 0.701686 0.015127 0.020254
4 0.307196 0.713992 0.015127 0.020254
4 0.363133 0.661076 0.015127 0.020254
4 0.419070 0.622381 0.015127 0.020254
4 0.475019 0.620771 0.015127 0.020254
4 0.530956 0.519703 0.015127 0.020254
4 0.586905 0.541466 0.015127 0.020254
4 0.642842 0.378602 0.015127 0.020254
4 0.698778 0.339347 0.015127 0.020254
4 0.754728 0.363873 0.015127 0.020254
4 0.810665 0.233127 0.015127 0.020254
4 0.866614 0.193805 0.015127 0.020254
4 0.922551 0.230805 0.015127 0.020254
4 0.978500 0.088568 0.015127 0.020254