1 0.130306 0.649111 0.022471 0.030154
1 0.223083 0.631761 0.022471 0.030154
1 0.315847 0.654632 0.022471 0.030154
1 0.408611 0.635197 0.022471 0.030154
1 0.501389 0.643641 0.022471 0.030154
1 0.594153 0.652957 0.022471 0.030154
1 0.686930 0.649282 0.022471 0.030154
1 0.779694 0.649385 0.022471 0.030154
1 0.872471 0.637778 0.022471 0.030154
1 0.965236 0.716427 0.022471 0.030154
3 0.130306 0.749077 0.022471 0.030154
3 0.206204 0.764752 0.022471 0.030154
3 0.282115 0.754530 0.022471 0.030154
3 0.358013 0.742393 0.022471 0.030154
3 0.433924 0.741368 0.022471 0.030154
3 0.509822 0.763897 0.022471 0.030154
3 0.585720 0.747521 0.022471 0.030154
3 0.661631 0.758786 0.022471 0.030154
3 0.737529 0.744906 0.022471 0.030154
3 0.813427 0.675521 0.022471 0.030154
3 0.889338 0.399436 0.022471 0.030154
3 0.965236 0.182239 0.022471 0.030154
5 0.130306 0.631607 0.022471 0.030154
5 0.206204 0.632496 0.022471 0.030154
5 0.282115 0.613829 0.022471 0.030154
5 0.358013 0.570410 0.022471 0.030154
5 0.433924 0.522838 0.022471 0.030154
5 0.509822 0.477487 0.022471 0.030154
5 0.585720 0.389983 0.022471 0.030154
5 0.661631 0.309949 0.022471 0.030154
5 0.737529 0.248855 0.022471 0.030154
5 0.813427 0.210444 0.022471 0.030154
5 0.889338 0.214957 0.022471 0.030154
5 0.965236 0.201419 0.022471 0.030154