7 0.115749 0.789830 0.017462 0.023401
7 0.186701 0.741361 0.017462 0.023401
7 0.257665 0.702228 0.017462 0.023401
7 0.328629 0.750170 0.017462 0.023401
7 0.399581 0.705340 0.017462 0.023401
7 0.470546 0.811854 0.017462 0.023401
7 0.541510 0.828639 0.017462 0.023401
7 0.612462 0.851854 0.017462 0.023401
7 0.683426 0.729218 0.017462 0.023401
7 0.754391 0.794116 0.017462 0.023401
7 0.825343 0.623622 0.017462 0.023401
7 0.896307 0.271122 0.017462 0.023401
7 0.967272 0.216276 0.017462 0.023401
3 0.115749 0.771327 0.017462 0.023401
3 0.193160 0.670918 0.017462 0.023401
3 0.270571 0.756582 0.017462 0.023401
3 0.347982 0.697908 0.017462 0.023401
3 0.425393 0.575867 0.017462 0.023401
3 0.502805 0.492738 0.017462 0.023401
3 0.580216 0.458214 0.017462 0.023401
3 0.657627 0.345425 0.017462 0.023401
3 0.735038 0.393333 0.017462 0.023401
3 0.812449 0.387330 0.017462 0.023401
3 0.889860 0.312279 0.017462 0.023401
3 0.967272 0.273810 0.017462 0.023401
2 0.115749 0.711871 0.017462 0.023401
2 0.186701 0.723980 0.017462 0.023401
2 0.257665 0.640544 0.017462 0.023401
2 0.328629 0.589626 0.017462 0.023401
2 0.399581 0.531259 0.017462 0.023401
2 0.470546 0.460017 0.017462 0.023401
2 0.541510 0.428129 0.017462 0.023401
2 0.612462 0.352976 0.017462 0.023401
2 0.683426 0.366224 0.017462 0.023401
2 0.754391 0.409286 0.017462 0.023401
2 0.825343 0.314184 0.017462 0.023401
2 0.896307 0.330748 0.017462 0.023401
2 0.967272 0.313639 0.017462 0.023401
1 0.115749 0.525340 0.017462 0.023401
1 0.200901 0.546990 0.017462 0.023401
1 0.286053 0.605952 0.017462 0.023401
1 0.371206 0.551241 0.017462 0.023401
1 0.456358 0.504116 0.017462 0.023401
1 0.541510 0.564337 0.017462 0.023401
1 0.626662 0.573980 0.017462 0.023401
1 0.711815 0.566684 0.017462 0.023401
1 0.796967 0.581769 0.017462 0.023401
1 0.882119 0.473946 0.017462 0.023401
1 0.967272 0.356395 0.017462 0.023401
5 0.115749 0.754099 0.017462 0.023401
5 0.193160 0.773282 0.017462 0.023401
5 0.270571 0.753333 0.017462 0.023401
5 0.347982 0.772075 0.017462 0.023401
5 0.425393 0.789762 0.017462 0.023401
5 0.502805 0.776207 0.017462 0.023401
5 0.580216 0.847840 0.017462 0.023401
5 0.657627 0.781344 0.017462 0.023401
5 0.735038 0.769235 0.017462 0.023401
5 0.812449 0.736207 0.017462 0.023401
5 0.889860 0.553724 0.017462 0.023401
5 0.967272 0.257177 0.017462 0.023401