3 0.115742 0.728784 0.018185 0.024371
3 0.187684 0.637015 0.018185 0.024371
3 0.259613 0.277900 0.018185 0.024371
3 0.331555 0.321131 0.018185 0.024371
3 0.403496 0.182049 0.018185 0.024371
3 0.475425 0.217491 0.018185 0.024371
3 0.547367 0.249481 0.018185 0.024371
3 0.619296 0.115961 0.018185 0.024371
3 0.691237 0.353546 0.018185 0.024371
3 0.763179 0.382866 0.018185 0.024371
3 0.835108 0.083631 0.018185 0.024371
3 0.907049 0.312185 0.018185 0.024371
3 0.978978 0.160077 0.018185 0.024371
4 0.115742 0.725655 0.018185 0.024371
4 0.194220 0.476046 0.018185 0.024371
4 0.272697 0.391403 0.018185 0.024371
4 0.351174 0.295349 0.018185 0.024371
4 0.429651 0.379923 0.018185 0.024371
4 0.508128 0.152934 0.018185 0.024371
4 0.586605 0.067917 0.018185 0.024371
4 0.665082 0.165961 0.018185 0.024371
4 0.743560 0.042509 0.018185 0.024371
4 0.822024 0.141131 0.018185 0.024371
4 0.900501 0.284685 0.018185 0.024371
4 0.978978 0.084090 0.018185 0.024371
6 0.115742 0.669260 0.018185 0.024371
6 0.182151 0.714600 0.018185 0.024371
6 0.248547 0.565978 0.018185 0.024371
6 0.314956 0.351267 0.018185 0.024371
6 0.381352 0.492270 0.018185 0.024371
6 0.447760 0.372100 0.018185 0.024371
6 0.514169 0.307202 0.018185 0.024371
6 0.580565 0.118342 0.018185 0.024371
6 0.646973 0.226216 0.018185 0.024371
6 0.713369 0.262883 0.018185 0.024371
6 0.779778 0.226624 0.018185 0.024371
6 0.846174 0.345417 0.018185 0.024371
6 0.912582 0.203325 0.018185 0.024371
6 0.978978 0.153750 0.018185 0.024371
1 0.115742 0.659175 0.018185 0.024371
1 0.194220 0.766845 0.018185 0.024371
1 0.272697 0.780383 0.018185 0.024371
1 0.351174 0.814736 0.018185 0.024371
1 0.429651 0.628036 0.018185 0.024371
1 0.508128 0.669379 0.018185 0.024371
1 0.586605 0.595009 0.018185 0.024371
1 0.665082 0.735485 0.018185 0.024371
1 0.743560 0.612100 0.018185 0.024371
1 0.822024 0.589787 0.018185 0.024371
1 0.900501 0.521658 0.018185 0.024371
1 0.978978 0.493954 0.018185 0.024371
0 0.115742 0.799889 0.018185 0.024371
0 0.211656 0.614855 0.018185 0.024371
0 0.307582 0.423308 0.018185 0.024371
0 0.403496 0.207747 0.018185 0.024371
0 0.499410 0.337423 0.018185 0.024371
0 0.595324 0.251624 0.018185 0.024371
0 0.691237 0.213291 0.018185 0.024371
0 0.787151 0.163665 0.018185 0.024371
0 0.883065 0.117679 0.018185 0.024371
0 0.978978 0.160927 0.018185 0.024371
5 0.115742 0.761318 0.018185 0.024371
5 0.187684 0.582509 0.018185 0.024371
5 0.259613 0.315366 0.018185 0.024371
5 0.331555 0.306794 0.018185 0.024371
5 0.403496 0.281505 0.018185 0.024371
5 0.475425 0.148903 0.018185 0.024371
5 0.547367 0.164753 0.018185 0.024371
5 0.619296 0.079787 0.018185 0.024371
5 0.691237 0.085672 0.018185 0.024371
5 0.763179 0.182866 0.018185 0.024371
5 0.835108 0.053410 0.018185 0.024371
5 0.907049 0.073580 0.018185 0.024371
5 0.978978 0.208138 0.018185 0.024371