5 0.087373 0.748873 0.009658 0.012932
5 0.176297 0.774771 0.009658 0.012932
5 0.265209 0.682042 0.009658 0.012932
5 0.354133 0.859042 0.009658 0.012932
5 0.443044 0.765127 0.009658 0.012932
5 0.531968 0.733602 0.009658 0.012932
5 0.620880 0.876992 0.009658 0.012932
5 0.709804 0.822975 0.009658 0.012932
5 0.798715 0.774314 0.009658 0.012932
5 0.887639 0.479178 0.009658 0.012932
5 0.976551 0.072805 0.009658 0.012932
7 0.087373 0.719263 0.009658 0.012932
7 0.168209 0.523958 0.009658 0.012932
7 0.249044 0.539381 0.009658 0.012932
7 0.329880 0.488551 0.009658 0.012932
7 0.410715 0.670415 0.009658 0.012932
7 0.491551 0.502314 0.009658 0.012932
7 0.572386 0.585534 0.009658 0.012932
7 0.653222 0.501924 0.009658 0.012932
7 0.734057 0.482144 0.009658 0.012932
7 0.814892 0.681720 0.009658 0.012932
7 0.895728 0.545093 0.009658 0.012932
7 0.976551 0.301551 0.009658 0.012932
1 0.087373 0.621059 0.009658 0.012932
1 0.161475 0.592483 0.009658 0.012932
1 0.235576 0.710822 0.009658 0.012932
1 0.309665 0.499958 0.009658 0.012932
1 0.383766 0.409788 0.009658 0.012932
1 0.457867 0.367212 0.009658 0.012932
1 0.531968 0.335703 0.009658 0.012932
1 0.606070 0.304110 0.009658 0.012932
1 0.680158 0.281975 0.009658 0.012932
1 0.754259 0.342178 0.009658 0.012932
1 0.828361 0.225432 0.009658 0.012932
1 0.902462 0.278534 0.009658 0.012932
1 0.976551 0.154432 0.009658 0.012932
0 0.087373 0.809602 0.009658 0.012932
0 0.235576 0.797636 0.009658 0.012932
0 0.383766 0.885890 0.009658 0.012932
0 0.531968 0.656636 0.009658 0.012932
0 0.680158 0.747093 0.009658 0.012932
0 0.828361 0.636263 0.009658 0.012932
0 0.976551 0.202110 0.009658 0.012932