5 0.093709 0.781525 0.011114 0.014881
5 0.219266 0.793169 0.011114 0.014881
5 0.344823 0.777153 0.011114 0.014881
5 0.470367 0.781644 0.011114 0.014881
5 0.595924 0.765305 0.011114 0.014881
5 0.721481 0.748085 0.011114 0.014881
5 0.847038 0.538932 0.011114 0.014881
5 0.972595 0.130525 0.011114 0.014881
1 0.093709 0.783797 0.011114 0.014881
1 0.219266 0.782661 0.011114 0.014881
1 0.344823 0.803102 0.011114 0.014881
1 0.470367 0.780593 0.011114 0.014881
1 0.595924 0.743864 0.011114 0.014881
1 0.721481 0.744390 0.011114 0.014881
1 0.847038 0.606271 0.011114 0.014881
1 0.972595 0.176169 0.011114 0.014881
7 0.093709 0.809610 0.011114 0.014881
7 0.191367 0.763441 0.011114 0.014881
7 0.289013 0.774220 0.011114 0.014881
7 0.386671 0.742712 0.011114 0.014881
7 0.484316 0.651542 0.011114 0.014881
7 0.581975 0.570441 0.011114 0.014881
7 0.679633 0.480254 0.011114 0.014881
7 0.777278 0.371085 0.011114 0.014881
7 0.874937 0.333220 0.011114 0.014881
7 0.972595 0.276169 0.011114 0.014881
2 0.093709 0.808508 0.011114 0.014881
2 0.161316 0.809763 0.011114 0.014881
2 0.228924 0.803949 0.011114 0.014881
2 0.296532 0.788475 0.011114 0.014881
2 0.364139 0.805898 0.011114 0.014881
2 0.431734 0.789136 0.011114 0.014881
2 0.499342 0.804932 0.011114 0.014881
2 0.566949 0.800831 0.011114 0.014881
2 0.634557 0.802136 0.011114 0.014881
2 0.702165 0.788492 0.011114 0.014881
2 0.769772 0.797746 0.011114 0.014881
2 0.837380 0.787339 0.011114 0.014881
2 0.904987 0.752949 0.011114 0.014881
2 0.972595 0.611339 0.011114 0.014881