3 0.086108 0.741924 0.014797 0.019814
3 0.197424 0.653500 0.014797 0.019814
3 0.308728 0.603992 0.014797 0.019814
3 0.420032 0.470415 0.014797 0.019814
3 0.531335 0.415347 0.014797 0.019814
3 0.642639 0.363297 0.014797 0.019814
3 0.753956 0.346636 0.014797 0.019814
3 0.865259 0.289737 0.014797 0.019814
3 0.976563 0.289161 0.014797 0.019814
7 0.086108 0.645110 0.014797 0.019814
7 0.149715 0.637873 0.014797 0.019814
7 0.213323 0.580500 0.014797 0.019814
7 0.276930 0.483381 0.014797 0.019814
7 0.340525 0.413737 0.014797 0.019814
7 0.404133 0.351890 0.014797 0.019814
7 0.467741 0.287331 0.014797 0.019814
7 0.531335 0.268212 0.014797 0.019814
7 0.594943 0.131636 0.014797 0.019814
7 0.658551 0.121042 0.014797 0.019814
7 0.722146 0.191449 0.014797 0.019814
7 0.785753 0.135805 0.014797 0.019814
7 0.849361 0.062992 0.014797 0.019814
7 0.912956 0.131415 0.014797 0.019814
7 0.976563 0.106178 0.014797 0.019814
2 0.086108 0.788720 0.014797 0.019814
2 0.154614 0.826585 0.014797 0.019814
2 0.223108 0.735890 0.014797 0.019814
2 0.291601 0.765212 0.014797 0.019814
2 0.360095 0.806025 0.014797 0.019814
2 0.428589 0.814398 0.014797 0.019814
2 0.497095 0.776737 0.014797 0.019814
2 0.565589 0.758890 0.014797 0.019814
2 0.634082 0.744669 0.014797 0.019814
2 0.702576 0.761178 0.014797 0.019814
2 0.771070 0.725042 0.014797 0.019814
2 0.839576 0.616314 0.014797 0.019814
2 0.908070 0.221907 0.014797 0.019814
2 0.976563 0.099127 0.014797 0.019814
6 0.086108 0.773534 0.014797 0.019814
6 0.167070 0.799653 0.014797 0.019814
6 0.248019 0.802331 0.014797 0.019814
6 0.328968 0.806602 0.014797 0.019814
6 0.409918 0.720873 0.014797 0.019814
6 0.490867 0.817195 0.014797 0.019814
6 0.571816 0.775975 0.014797 0.019814
6 0.652766 0.746585 0.014797 0.019814
6 0.733715 0.793975 0.014797 0.019814
6 0.814665 0.664839 0.014797 0.019814
6 0.895614 0.348195 0.014797 0.019814
6 0.976563 0.158059 0.014797 0.019814