6 0.083424 0.788110 0.011937 0.015983
6 0.164791 0.754246 0.011937 0.015983
6 0.246158 0.722331 0.011937 0.015983
6 0.327538 0.705008 0.011937 0.015983
6 0.408905 0.560483 0.011937 0.015983
6 0.490272 0.445941 0.011937 0.015983
6 0.571639 0.435042 0.011937 0.015983
6 0.653019 0.371025 0.011937 0.015983
6 0.734386 0.324076 0.011937 0.015983
6 0.815753 0.244500 0.011937 0.015983
6 0.897120 0.249364 0.011937 0.015983
6 0.978500 0.221042 0.011937 0.015983
2 0.083424 0.791398 0.011937 0.015983
2 0.182880 0.742754 0.011937 0.015983
2 0.282323 0.772602 0.011937 0.015983
2 0.381778 0.756297 0.011937 0.015983
2 0.481234 0.789907 0.011937 0.015983
2 0.580690 0.753737 0.011937 0.015983
2 0.680133 0.678822 0.011937 0.015983
2 0.779589 0.698059 0.011937 0.015983
2 0.879044 0.719347 0.011937 0.015983
2 0.978500 0.357212 0.011937 0.015983
7 0.083424 0.803229 0.011937 0.015983
7 0.172930 0.787076 0.011937 0.015983
7 0.262437 0.885534 0.011937 0.015983
7 0.351943 0.751873 0.011937 0.015983
7 0.441449 0.803500 0.011937 0.015983
7 0.530956 0.764483 0.011937 0.015983
7 0.620462 0.824703 0.011937 0.015983
7 0.709968 0.725059 0.011937 0.015983
7 0.799487 0.734381 0.011937 0.015983
7 0.888994 0.469653 0.011937 0.015983
7 0.978500 0.204619 0.011937 0.015983
3 0.083424 0.835229 0.011937 0.015983
3 0.211285 0.858008 0.011937 0.015983
3 0.339158 0.787653 0.011937 0.015983
3 0.467032 0.846195 0.011937 0.015983
3 0.594892 0.811636 0.011937 0.015983
3 0.722766 0.799212 0.011937 0.015983
3 0.850627 0.745280 0.011937 0.015983
3 0.978500 0.435805 0.011937 0.015983