6 0.130312 0.708316 0.022204 0.029795
6 0.213803 0.709786 0.022204 0.029795
6 0.297293 0.701581 0.022204 0.029795
6 0.380783 0.767222 0.022204 0.029795
6 0.464287 0.708744 0.022204 0.029795
6 0.547777 0.729427 0.022204 0.029795
6 0.631268 0.699342 0.022204 0.029795
6 0.714758 0.681940 0.022204 0.029795
6 0.798248 0.716368 0.022204 0.029795
6 0.881739 0.771308 0.022204 0.029795
6 0.965242 0.879462 0.022204 0.029795
5 0.130312 0.594692 0.022204 0.029795
5 0.206210 0.572624 0.022204 0.029795
5 0.282108 0.606197 0.022204 0.029795
5 0.358019 0.559137 0.022204 0.029795
5 0.433917 0.538607 0.022204 0.029795
5 0.509828 0.595188 0.022204 0.029795
5 0.585726 0.550692 0.022204 0.029795
5 0.661624 0.529769 0.022204 0.029795
5 0.737535 0.571752 0.022204 0.029795
5 0.813433 0.526094 0.022204 0.029795
5 0.889331 0.479120 0.022204 0.029795
5 0.965242 0.402316 0.022204 0.029795
0 0.130312 0.659632 0.022204 0.029795
0 0.185968 0.704624 0.022204 0.029795
0 0.241637 0.652385 0.022204 0.029795
0 0.297293 0.669462 0.022204 0.029795
0 0.352962 0.674333 0.022204 0.029795
0 0.408618 0.617889 0.022204 0.029795
0 0.464287 0.551068 0.022204 0.029795
0 0.519943 0.523444 0.022204 0.029795
0 0.575599 0.485068 0.022204 0.029795
0 0.631268 0.576915 0.022204 0.029795
0 0.686924 0.504077 0.022204 0.029795
0 0.742592 0.397171 0.022204 0.029795
0 0.798248 0.334897 0.022204 0.029795
0 0.853917 0.308641 0.022204 0.029795
0 0.909573 0.278162 0.022204 0.029795
0 0.965242 0.302470 0.022204 0.029795
7 0.130312 0.743684 0.022204 0.029795
7 0.223076 0.666641 0.022204 0.029795
7 0.315854 0.576350 0.022204 0.029795
7 0.408618 0.591274 0.022204 0.029795
7 0.501382 0.564350 0.022204 0.029795
7 0.594159 0.312692 0.022204 0.029795
7 0.686924 0.245427 0.022204 0.029795
7 0.779701 0.201957 0.022204 0.029795
7 0.872465 0.146863 0.022204 0.029795
7 0.965242 0.124812 0.022204 0.029795