1 0.093709 0.842136 0.016152 0.021627
1 0.166949 0.791746 0.016152 0.021627
1 0.240190 0.743169 0.016152 0.021627
1 0.313430 0.697237 0.016152 0.021627
1 0.386671 0.572712 0.016152 0.021627
1 0.459911 0.446017 0.016152 0.021627
1 0.533152 0.461220 0.016152 0.021627
1 0.606392 0.324441 0.016152 0.021627
1 0.679633 0.274288 0.016152 0.021627
1 0.752873 0.230712 0.016152 0.021627
1 0.826114 0.125000 0.016152 0.021627
1 0.899354 0.150797 0.016152 0.021627
1 0.972595 0.114915 0.016152 0.021627
0 0.093709 0.820814 0.016152 0.021627
0 0.161316 0.761932 0.016152 0.021627
0 0.228924 0.805136 0.016152 0.021627
0 0.296532 0.698119 0.016152 0.021627
0 0.364127 0.749475 0.016152 0.021627
0 0.431734 0.697508 0.016152 0.021627
0 0.499342 0.660780 0.016152 0.021627
0 0.566949 0.585559 0.016152 0.021627
0 0.634557 0.534831 0.016152 0.021627
0 0.702165 0.575915 0.016152 0.021627
0 0.769772 0.337237 0.016152 0.021627
0 0.837380 0.347576 0.016152 0.021627
0 0.904987 0.312492 0.016152 0.021627
0 0.972595 0.253932 0.016152 0.021627
5 0.093709 0.871424 0.016152 0.021627
5 0.269481 0.704915 0.016152 0.021627
5 0.445266 0.789203 0.016152 0.021627
5 0.621038 0.740746 0.016152 0.021627
5 0.796810 0.749102 0.016152 0.021627
5 0.972595 0.153288 0.016152 0.021627
3 0.093709 0.728085 0.016152 0.021627
3 0.166949 0.843508 0.016152 0.021627
3 0.240190 0.820661 0.016152 0.021627
3 0.313430 0.810000 0.016152 0.021627
3 0.386671 0.812203 0.016152 0.021627
3 0.459911 0.797356 0.016152 0.021627
3 0.533152 0.827220 0.016152 0.021627
3 0.606392 0.859983 0.016152 0.021627
3 0.679633 0.740373 0.016152 0.021627
3 0.752873 0.796186 0.016152 0.021627
3 0.826114 0.837288 0.016152 0.021627
3 0.899354 0.851441 0.016152 0.021627
3 0.972595 0.912068 0.016152 0.021627