3 0.130306 0.560051 0.020025 0.026872
3 0.249580 0.561385 0.020025 0.026872
3 0.368866 0.647350 0.020025 0.026872
3 0.488140 0.559282 0.020025 0.026872
3 0.607414 0.555829 0.020025 0.026872
3 0.726688 0.652000 0.020025 0.026872
3 0.845962 0.537026 0.020025 0.026872
3 0.965236 0.163590 0.020025 0.026872
2 0.130306 0.781077 0.020025 0.026872
2 0.249580 0.793983 0.020025 0.026872
2 0.368866 0.788342 0.020025 0.026872
2 0.488140 0.780051 0.020025 0.026872
2 0.607414 0.726325 0.020025 0.026872
2 0.726688 0.671880 0.020025 0.026872
2 0.845962 0.668103 0.020025 0.026872
2 0.965236 0.211419 0.020025 0.026872