2 0.107001 0.778520 0.011766 0.015748
2 0.230750 0.729456 0.011766 0.015748
2 0.354498 0.773027 0.011766 0.015748
2 0.478247 0.811378 0.011766 0.015748
2 0.601995 0.746054 0.011766 0.015748
2 0.725743 0.733537 0.011766 0.015748
2 0.849492 0.756735 0.011766 0.015748
2 0.973253 0.731412 0.011766 0.015748
5 0.107001 0.717976 0.011766 0.015748
5 0.215286 0.748997 0.011766 0.015748
5 0.323558 0.653980 0.011766 0.015748
5 0.431842 0.585731 0.011766 0.015748
5 0.540127 0.500442 0.011766 0.015748
5 0.648399 0.396973 0.011766 0.015748
5 0.756684 0.336922 0.011766 0.015748
5 0.864968 0.383554 0.011766 0.015748
5 0.973253 0.312194 0.011766 0.015748
1 0.107001 0.693912 0.011766 0.015748
1 0.193621 0.676922 0.011766 0.015748
1 0.280254 0.707925 0.011766 0.015748
1 0.366874 0.702194 0.011766 0.015748
1 0.453494 0.674490 0.011766 0.015748
1 0.540127 0.730017 0.011766 0.015748
1 0.626747 0.699643 0.011766 0.015748
1 0.713367 0.661378 0.011766 0.015748
1 0.800000 0.645833 0.011766 0.015748
1 0.886620 0.671139 0.011766 0.015748
1 0.973253 0.508707 0.011766 0.015748
3 0.107001 0.693639 0.011766 0.015748
3 0.185756 0.645697 0.011766 0.015748
3 0.264498 0.728469 0.011766 0.015748
3 0.343253 0.648537 0.011766 0.015748
3 0.421995 0.646616 0.011766 0.015748
3 0.500750 0.596054 0.011766 0.015748
3 0.579504 0.527109 0.011766 0.015748
3 0.658247 0.489524 0.011766 0.015748
3 0.737001 0.370663 0.011766 0.015748
3 0.815743 0.338656 0.011766 0.015748
3 0.894498 0.175714 0.011766 0.015748
3 0.973253 0.169286 0.011766 0.015748
6 0.107001 0.745255 0.011766 0.015748
6 0.179187 0.789830 0.011766 0.015748
6 0.251372 0.737551 0.011766 0.015748
6 0.323558 0.748997 0.011766 0.015748
6 0.395743 0.840884 0.011766 0.015748
6 0.467942 0.809235 0.011766 0.015748
6 0.540127 0.750833 0.011766 0.015748
6 0.612313 0.825833 0.011766 0.015748
6 0.684498 0.750510 0.011766 0.015748
6 0.756684 0.774422 0.011766 0.015748
6 0.828869 0.749660 0.011766 0.015748
6 0.901055 0.598163 0.011766 0.015748
6 0.973253 0.223963 0.011766 0.015748
7 0.107001 0.649490 0.011766 0.015748
7 0.193621 0.568078 0.011766 0.015748
7 0.280254 0.533333 0.011766 0.015748
7 0.366874 0.476207 0.011766 0.015748
7 0.453494 0.363452 0.011766 0.015748
7 0.540127 0.314507 0.011766 0.015748
7 0.626747 0.196548 0.011766 0.015748
7 0.713367 0.205646 0.011766 0.015748
7 0.800000 0.318044 0.011766 0.015748
7 0.886620 0.231735 0.011766 0.015748
7 0.973253 0.249371 0.011766 0.015748