6 0.107001 0.682942 0.015172 0.020306
6 0.173634 0.725850 0.015172 0.020306
6 0.240267 0.738061 0.015172 0.020306
6 0.306900 0.677381 0.015172 0.020306
6 0.373545 0.649320 0.015172 0.020306
6 0.440178 0.609932 0.015172 0.020306
6 0.506811 0.609524 0.015172 0.020306
6 0.573443 0.599983 0.015172 0.020306
6 0.640076 0.492126 0.015172 0.020306
6 0.706709 0.532058 0.015172 0.020306
6 0.773342 0.414184 0.015172 0.020306
6 0.839975 0.304575 0.015172 0.020306
6 0.906620 0.311616 0.015172 0.020306
6 0.973253 0.308741 0.015172 0.020306
3 0.107001 0.845629 0.015172 0.020306
3 0.193621 0.824796 0.015172 0.020306
3 0.280254 0.886514 0.015172 0.020306
3 0.366874 0.811718 0.015172 0.020306
3 0.453494 0.759269 0.015172 0.020306
3 0.540127 0.763350 0.015172 0.020306
3 0.626747 0.862976 0.015172 0.020306
3 0.713380 0.884116 0.015172 0.020306
3 0.800000 0.858724 0.015172 0.020306
3 0.886620 0.751139 0.015172 0.020306
3 0.973253 0.899779 0.015172 0.020306
5 0.107001 0.655442 0.015172 0.020306
5 0.173634 0.684473 0.015172 0.020306
5 0.240267 0.618810 0.015172 0.020306
5 0.306900 0.647568 0.015172 0.020306
5 0.373545 0.549031 0.015172 0.020306
5 0.440178 0.546446 0.015172 0.020306
5 0.506811 0.537041 0.015172 0.020306
5 0.573443 0.489524 0.015172 0.020306
5 0.640076 0.338810 0.015172 0.020306
5 0.706709 0.341684 0.015172 0.020306
5 0.773342 0.264439 0.015172 0.020306
5 0.839975 0.167585 0.015172 0.020306
5 0.906620 0.125561 0.015172 0.020306
5 0.973253 0.136071 0.015172 0.020306
4 0.107001 0.703401 0.015172 0.020306
4 0.203253 0.757551 0.015172 0.020306
4 0.299504 0.673231 0.015172 0.020306
4 0.395756 0.659388 0.015172 0.020306
4 0.491995 0.561344 0.015172 0.020306
4 0.588247 0.417432 0.015172 0.020306
4 0.684498 0.420867 0.015172 0.020306
4 0.780750 0.371565 0.015172 0.020306
4 0.877001 0.337075 0.015172 0.020306
4 0.973253 0.333537 0.015172 0.020306
2 0.107001 0.544184 0.015172 0.020306
2 0.203253 0.517432 0.015172 0.020306
2 0.299504 0.537177 0.015172 0.020306
2 0.395756 0.533793 0.015172 0.020306
2 0.491995 0.601276 0.015172 0.020306
2 0.588247 0.459490 0.015172 0.020306
2 0.684498 0.539235 0.015172 0.020306
2 0.780750 0.470136 0.015172 0.020306
2 0.877001 0.451701 0.015172 0.020306
2 0.973253 0.394456 0.015172 0.020306