1 0.087380 0.761271 0.009823 0.013153
1 0.186177 0.805051 0.009823 0.013153
1 0.284975 0.736593 0.009823 0.013153
1 0.383772 0.465847 0.009823 0.013153
1 0.482570 0.473271 0.009823 0.013153
1 0.581367 0.356153 0.009823 0.013153
1 0.680165 0.388932 0.009823 0.013153
1 0.778962 0.398797 0.009823 0.013153
1 0.877759 0.333712 0.009823 0.013153
1 0.976557 0.242610 0.009823 0.013153
2 0.087380 0.642814 0.009823 0.013153
2 0.186177 0.727475 0.009823 0.013153
2 0.284975 0.666695 0.009823 0.013153
2 0.383772 0.783644 0.009823 0.013153
2 0.482570 0.681390 0.009823 0.013153
2 0.581367 0.768203 0.009823 0.013153
2 0.680165 0.649610 0.009823 0.013153
2 0.778962 0.529458 0.009823 0.013153
2 0.877759 0.696593 0.009823 0.013153
2 0.976557 0.569661 0.009823 0.013153
6 0.087380 0.658034 0.009823 0.013153
6 0.186177 0.758373 0.009823 0.013153
6 0.284975 0.769373 0.009823 0.013153
6 0.383772 0.779492 0.009823 0.013153
6 0.482570 0.717729 0.009823 0.013153
6 0.581367 0.728119 0.009823 0.013153
6 0.680165 0.721542 0.009823 0.013153
6 0.778962 0.711983 0.009823 0.013153
6 0.877759 0.692610 0.009823 0.013153
6 0.976557 0.731915 0.009823 0.013153
5 0.087380 0.647254 0.009823 0.013153
5 0.176291 0.571508 0.009823 0.013153
5 0.265215 0.527729 0.009823 0.013153
5 0.354127 0.512898 0.009823 0.013153
5 0.443051 0.327542 0.009823 0.013153
5 0.531962 0.399627 0.009823 0.013153
5 0.620886 0.265610 0.009823 0.013153
5 0.709810 0.335322 0.009823 0.013153
5 0.798722 0.063271 0.009823 0.013153
5 0.887646 0.153254 0.009823 0.013153
5 0.976557 0.063271 0.009823 0.013153
4 0.087380 0.787373 0.009823 0.013153
4 0.176291 0.732390 0.009823 0.013153
4 0.265215 0.750797 0.009823 0.013153
4 0.354127 0.780864 0.009823 0.013153
4 0.443051 0.827610 0.009823 0.013153
4 0.531962 0.672949 0.009823 0.013153
4 0.620886 0.813729 0.009823 0.013153
4 0.709810 0.760627 0.009823 0.013153
4 0.798722 0.774051 0.009823 0.013153
4 0.887646 0.626780 0.009823 0.013153
4 0.976557 0.311627 0.009823 0.013153