6 0.087380 0.627542 0.015241 0.020407
6 0.168962 0.597949 0.015241 0.020407
6 0.250544 0.546746 0.015241 0.020407
6 0.332127 0.486780 0.015241 0.020407
6 0.413722 0.457373 0.015241 0.020407
6 0.495304 0.397390 0.015241 0.020407
6 0.576886 0.304610 0.015241 0.020407
6 0.658468 0.292559 0.015241 0.020407
6 0.740051 0.232492 0.015241 0.020407
6 0.821646 0.192136 0.015241 0.020407
6 0.903228 0.159153 0.015241 0.020407
6 0.984810 0.119068 0.015241 0.020407
0 0.087380 0.803119 0.015241 0.020407
0 0.199557 0.536475 0.015241 0.020407
0 0.311734 0.423085 0.015241 0.020407
0 0.423911 0.337017 0.015241 0.020407
0 0.536089 0.344729 0.015241 0.020407
0 0.648278 0.312220 0.015241 0.020407
0 0.760456 0.225508 0.015241 0.020407
0 0.872633 0.210068 0.015241 0.020407
0 0.984810 0.232966 0.015241 0.020407
4 0.087380 0.785746 0.015241 0.020407
4 0.156405 0.590153 0.015241 0.020407
4 0.225443 0.401915 0.015241 0.020407
4 0.294481 0.309492 0.015241 0.020407
4 0.363506 0.295237 0.015241 0.020407
4 0.432544 0.294339 0.015241 0.020407
4 0.501582 0.207339 0.015241 0.020407
4 0.570608 0.125661 0.015241 0.020407
4 0.639646 0.178593 0.015241 0.020407
4 0.708671 0.238492 0.015241 0.020407
4 0.777709 0.160881 0.015241 0.020407
4 0.846747 0.212525 0.015241 0.020407
4 0.915772 0.171712 0.015241 0.020407
4 0.984810 0.128932 0.015241 0.020407
5 0.087380 0.578797 0.015241 0.020407
5 0.199557 0.565712 0.015241 0.020407
5 0.311734 0.418390 0.015241 0.020407
5 0.423911 0.370119 0.015241 0.020407
5 0.536089 0.302153 0.015241 0.020407
5 0.648278 0.305627 0.015241 0.020407
5 0.760456 0.266881 0.015241 0.020407
5 0.872633 0.165068 0.015241 0.020407
5 0.984810 0.173169 0.015241 0.020407