3 0.087380 0.727322 0.015544 0.020814
3 0.198532 0.687424 0.015544 0.020814
3 0.309671 0.687797 0.015544 0.020814
3 0.420823 0.710424 0.015544 0.020814
3 0.531975 0.778627 0.015544 0.020814
3 0.643114 0.740322 0.015544 0.020814
3 0.754266 0.711220 0.015544 0.020814
3 0.865418 0.686407 0.015544 0.020814
3 0.976557 0.411542 0.015544 0.020814
4 0.087380 0.517593 0.015544 0.020814
4 0.142949 0.552593 0.015544 0.020814
4 0.198532 0.494492 0.015544 0.020814
4 0.254101 0.538695 0.015544 0.020814
4 0.309671 0.603458 0.015544 0.020814
4 0.365253 0.535390 0.015544 0.020814
4 0.420823 0.553254 0.015544 0.020814
4 0.476392 0.548492 0.015544 0.020814
4 0.531975 0.609763 0.015544 0.020814
4 0.587544 0.597102 0.015544 0.020814
4 0.643114 0.491661 0.015544 0.020814
4 0.698696 0.506678 0.015544 0.020814
4 0.754266 0.590119 0.015544 0.020814
4 0.809835 0.518627 0.015544 0.020814
4 0.865418 0.552949 0.015544 0.020814
4 0.920987 0.362017 0.015544 0.020814
4 0.976557 0.032203 0.015544 0.020814
5 0.087380 0.734102 0.015544 0.020814
5 0.235570 0.827237 0.015544 0.020814
5 0.383772 0.762763 0.015544 0.020814
5 0.531975 0.750136 0.015544 0.020814
5 0.680165 0.715492 0.015544 0.020814
5 0.828367 0.681678 0.015544 0.020814
5 0.976557 0.146644 0.015544 0.020814