7 0.087373 0.866076 0.015506 0.020763
7 0.162171 0.514636 0.015506 0.020763
7 0.236956 0.300466 0.015506 0.020763
7 0.311741 0.234992 0.015506 0.020763
7 0.386525 0.208703 0.015506 0.020763
7 0.461310 0.166822 0.015506 0.020763
7 0.536095 0.176992 0.015506 0.020763
7 0.610880 0.141314 0.015506 0.020763
7 0.685665 0.205127 0.015506 0.020763
7 0.760449 0.192551 0.015506 0.020763
7 0.835247 0.084602 0.015506 0.020763
7 0.910032 0.126381 0.015506 0.020763
7 0.984816 0.144347 0.015506 0.020763
4 0.087373 0.562280 0.015506 0.020763
4 0.151487 0.649314 0.015506 0.020763
4 0.215589 0.705093 0.015506 0.020763
4 0.279690 0.610229 0.015506 0.020763
4 0.343791 0.598432 0.015506 0.020763
4 0.407892 0.616619 0.015506 0.020763
4 0.471994 0.508483 0.015506 0.020763
4 0.536095 0.506144 0.015506 0.020763
4 0.600196 0.446636 0.015506 0.020763
4 0.664297 0.388551 0.015506 0.020763
4 0.728399 0.425280 0.015506 0.020763
4 0.792500 0.320212 0.015506 0.020763
4 0.856614 0.353008 0.015506 0.020763
4 0.920715 0.374856 0.015506 0.020763
4 0.984816 0.330161 0.015506 0.020763
1 0.087373 0.799432 0.015506 0.020763
1 0.162171 0.477144 0.015506 0.020763
1 0.236956 0.330127 0.015506 0.020763
1 0.311741 0.237161 0.015506 0.020763
1 0.386525 0.218703 0.015506 0.020763
1 0.461310 0.204229 0.015506 0.020763
1 0.536095 0.174907 0.015506 0.020763
1 0.610880 0.224686 0.015506 0.020763
1 0.685665 0.195873 0.015506 0.020763
1 0.760449 0.077517 0.015506 0.020763
1 0.835247 0.200144 0.015506 0.020763
1 0.910032 0.109703 0.015506 0.020763
1 0.984816 0.179737 0.015506 0.020763
3 0.087373 0.785483 0.015506 0.020763
3 0.162171 0.501568 0.015506 0.020763
3 0.236956 0.326008 0.015506 0.020763
3 0.311741 0.216415 0.015506 0.020763
3 0.386525 0.271297 0.015506 0.020763
3 0.461310 0.194907 0.015506 0.020763
3 0.536095 0.173703 0.015506 0.020763
3 0.610880 0.127754 0.015506 0.020763
3 0.685665 0.108246 0.015506 0.020763
3 0.760449 0.156314 0.015506 0.020763
3 0.835247 0.177025 0.015506 0.020763
3 0.910032 0.109568 0.015506 0.020763
3 0.984816 0.210229 0.015506 0.020763