4 0.116066 0.656582 0.017335 0.023231
4 0.194518 0.705884 0.017335 0.023231
4 0.272957 0.580493 0.017335 0.023231
4 0.351409 0.596344 0.017335 0.023231
4 0.429848 0.648861 0.017335 0.023231
4 0.508299 0.588486 0.017335 0.023231
4 0.586751 0.544286 0.017335 0.023231
4 0.665190 0.537602 0.017335 0.023231
4 0.743642 0.532177 0.017335 0.023231
4 0.822094 0.478605 0.017335 0.023231
4 0.900533 0.578435 0.017335 0.023231
4 0.978985 0.521156 0.017335 0.023231
0 0.116066 0.763333 0.017335 0.023231
0 0.211942 0.657857 0.017335 0.023231
0 0.307830 0.558844 0.017335 0.023231
0 0.403706 0.582228 0.017335 0.023231
0 0.499581 0.451446 0.017335 0.023231
0 0.595470 0.439949 0.017335 0.023231
0 0.691345 0.351310 0.017335 0.023231
0 0.787221 0.387500 0.017335 0.023231
0 0.883109 0.342398 0.017335 0.023231
0 0.978985 0.180646 0.017335 0.023231
6 0.116066 0.744949 0.017335 0.023231
6 0.182449 0.633163 0.017335 0.023231
6 0.248820 0.394269 0.017335 0.023231
6 0.315203 0.380493 0.017335 0.023231
6 0.381574 0.255017 0.017335 0.023231
6 0.447957 0.238248 0.017335 0.023231
6 0.514340 0.222670 0.017335 0.023231
6 0.580711 0.219116 0.017335 0.023231
6 0.647094 0.177755 0.017335 0.023231
6 0.713464 0.145493 0.017335 0.023231
6 0.779848 0.159541 0.017335 0.023231
6 0.846231 0.199473 0.017335 0.023231
6 0.912602 0.189235 0.017335 0.023231
6 0.978985 0.214048 0.017335 0.023231
3 0.116066 0.728929 0.017335 0.023231
3 0.194518 0.402840 0.017335 0.023231
3 0.272957 0.357653 0.017335 0.023231
3 0.351409 0.250425 0.017335 0.023231
3 0.429848 0.226259 0.017335 0.023231
3 0.508299 0.156327 0.017335 0.023231
3 0.586751 0.111633 0.017335 0.023231
3 0.665190 0.232262 0.017335 0.023231
3 0.743642 0.221803 0.017335 0.023231
3 0.822094 0.231701 0.017335 0.023231
3 0.900533 0.193265 0.017335 0.023231
3 0.978985 0.216531 0.017335 0.023231
7 0.116066 0.805272 0.017335 0.023231
7 0.211942 0.582041 0.017335 0.023231
7 0.307830 0.382857 0.017335 0.023231
7 0.403706 0.338605 0.017335 0.023231
7 0.499581 0.277636 0.017335 0.023231
7 0.595470 0.226701 0.017335 0.023231
7 0.691345 0.238078 0.017335 0.023231
7 0.787221 0.252806 0.017335 0.023231
7 0.883109 0.170901 0.017335 0.023231
7 0.978985 0.165255 0.017335 0.023231