4 0.127758 0.729487 0.015108 0.020274
4 0.187796 0.735402 0.015108 0.020274
4 0.247822 0.712701 0.015108 0.020274
4 0.307847 0.764838 0.015108 0.020274
4 0.367885 0.770940 0.015108 0.020274
4 0.427911 0.709521 0.015108 0.020274
4 0.487936 0.766051 0.015108 0.020274
4 0.547962 0.747111 0.015108 0.020274
4 0.608000 0.823162 0.015108 0.020274
4 0.668025 0.679402 0.015108 0.020274
4 0.728051 0.774274 0.015108 0.020274
4 0.788089 0.780513 0.015108 0.020274
4 0.848115 0.577573 0.015108 0.020274
4 0.908140 0.340205 0.015108 0.020274
4 0.968178 0.148547 0.015108 0.020274
7 0.127758 0.767368 0.015108 0.020274
7 0.192408 0.739145 0.015108 0.020274
7 0.257057 0.745402 0.015108 0.020274
7 0.321707 0.730274 0.015108 0.020274
7 0.386344 0.756342 0.015108 0.020274
7 0.450994 0.728376 0.015108 0.020274
7 0.515643 0.789282 0.015108 0.020274
7 0.580293 0.698530 0.015108 0.020274
7 0.644943 0.796188 0.015108 0.020274
7 0.709580 0.728786 0.015108 0.020274
7 0.774229 0.734957 0.015108 0.020274
7 0.838879 0.655333 0.015108 0.020274
7 0.903529 0.523128 0.015108 0.020274
7 0.968178 0.210222 0.015108 0.020274
5 0.127758 0.686889 0.015108 0.020274
5 0.192408 0.724923 0.015108 0.020274
5 0.257057 0.741897 0.015108 0.020274
5 0.321707 0.759145 0.015108 0.020274
5 0.386344 0.717829 0.015108 0.020274
5 0.450994 0.752120 0.015108 0.020274
5 0.515643 0.730393 0.015108 0.020274
5 0.580293 0.681726 0.015108 0.020274
5 0.644943 0.761248 0.015108 0.020274
5 0.709580 0.745094 0.015108 0.020274
5 0.774229 0.689470 0.015108 0.020274
5 0.838879 0.698256 0.015108 0.020274
5 0.903529 0.753949 0.015108 0.020274
5 0.968178 0.744393 0.015108 0.020274
2 0.127758 0.761538 0.015108 0.020274
2 0.197796 0.707761 0.015108 0.020274
2 0.267834 0.759197 0.015108 0.020274
2 0.337860 0.722000 0.015108 0.020274
2 0.407898 0.741026 0.015108 0.020274
2 0.477936 0.704291 0.015108 0.020274
2 0.547962 0.789162 0.015108 0.020274
2 0.618000 0.686120 0.015108 0.020274
2 0.688038 0.765624 0.015108 0.020274
2 0.758076 0.712530 0.015108 0.020274
2 0.828102 0.556974 0.015108 0.020274
2 0.898140 0.313692 0.015108 0.020274
2 0.968178 0.192513 0.015108 0.020274