3 0.087332 0.794110 0.009645 0.012898
3 0.267294 0.567263 0.009645 0.012898
3 0.447269 0.402551 0.009645 0.012898
3 0.627231 0.313042 0.009645 0.012898
3 0.807205 0.260771 0.009645 0.012898
3 0.987167 0.227703 0.009645 0.012898
7 0.087332 0.734398 0.009645 0.012898
7 0.169132 0.672314 0.009645 0.012898
7 0.250932 0.648839 0.009645 0.012898
7 0.332744 0.597398 0.009645 0.012898
7 0.414544 0.575483 0.009645 0.012898
7 0.496343 0.533415 0.009645 0.012898
7 0.578156 0.474432 0.009645 0.012898
7 0.659956 0.461059 0.009645 0.012898
7 0.741755 0.411907 0.009645 0.012898
7 0.823555 0.363093 0.009645 0.012898
7 0.905368 0.345144 0.009645 0.012898
7 0.987167 0.300602 0.009645 0.012898
4 0.087332 0.790398 0.009645 0.012898
4 0.237307 0.436636 0.009645 0.012898
4 0.387281 0.259059 0.009645 0.012898
4 0.537243 0.190229 0.009645 0.012898
4 0.687218 0.183263 0.009645 0.012898
4 0.837193 0.155246 0.009645 0.012898
4 0.987167 0.148398 0.009645 0.012898
6 0.087332 0.674551 0.009645 0.012898
6 0.169132 0.670805 0.009645 0.012898
6 0.250932 0.634161 0.009645 0.012898
6 0.332744 0.592042 0.009645 0.012898
6 0.414544 0.547432 0.009645 0.012898
6 0.496343 0.487263 0.009645 0.012898
6 0.578156 0.431890 0.009645 0.012898
6 0.659956 0.366517 0.009645 0.012898
6 0.741755 0.295297 0.009645 0.012898
6 0.823555 0.271517 0.009645 0.012898
6 0.905368 0.269076 0.009645 0.012898
6 0.987167 0.234008 0.009645 0.012898
5 0.087332 0.582246 0.009645 0.012898
5 0.237307 0.585551 0.009645 0.012898
5 0.387281 0.601992 0.009645 0.012898
5 0.537243 0.616958 0.009645 0.012898
5 0.687218 0.604076 0.009645 0.012898
5 0.837193 0.613873 0.009645 0.012898
5 0.987167 0.621263 0.009645 0.012898
1 0.087332 0.783432 0.009645 0.012898
1 0.177319 0.652754 0.009645 0.012898
1 0.267294 0.527805 0.009645 0.012898
1 0.357281 0.401602 0.009645 0.012898
1 0.447269 0.374297 0.009645 0.012898
1 0.537243 0.289263 0.009645 0.012898
1 0.627231 0.253958 0.009645 0.012898
1 0.717218 0.230415 0.009645 0.012898
1 0.807205 0.245212 0.009645 0.012898
1 0.897180 0.211873 0.009645 0.012898
1 0.987167 0.206161 0.009645 0.012898