1 0.086108 0.805873 0.009734 0.013034
1 0.141766 0.789805 0.009734 0.013034
1 0.197424 0.805161 0.009734 0.013034
1 0.253070 0.805958 0.009734 0.013034
1 0.308728 0.789144 0.009734 0.013034
1 0.364373 0.784941 0.009734 0.013034
1 0.420032 0.778161 0.009734 0.013034
1 0.475677 0.802737 0.009734 0.013034
1 0.531335 0.771720 0.009734 0.013034
1 0.586994 0.788992 0.009734 0.013034
1 0.642639 0.794025 0.009734 0.013034
1 0.698297 0.742619 0.009734 0.013034
1 0.753943 0.743449 0.009734 0.013034
1 0.809601 0.656636 0.009734 0.013034
1 0.865259 0.485059 0.009734 0.013034
1 0.920905 0.223890 0.009734 0.013034
1 0.976563 0.171686 0.009734 0.013034
5 0.086108 0.755856 0.009734 0.013034
5 0.197424 0.726449 0.009734 0.013034
5 0.308728 0.657415 0.009734 0.013034
5 0.420032 0.559331 0.009734 0.013034
5 0.531335 0.457805 0.009734 0.013034
5 0.642639 0.345568 0.009734 0.013034
5 0.753943 0.254263 0.009734 0.013034
5 0.865259 0.220076 0.009734 0.013034
5 0.976563 0.190551 0.009734 0.013034
3 0.086108 0.791364 0.009734 0.013034
3 0.213323 0.783314 0.009734 0.013034
3 0.340525 0.791568 0.009734 0.013034
3 0.467728 0.807737 0.009734 0.013034
3 0.594943 0.792364 0.009734 0.013034
3 0.722146 0.761500 0.009734 0.013034
3 0.849348 0.577093 0.009734 0.013034
3 0.976563 0.139602 0.009734 0.013034
6 0.086108 0.658144 0.009734 0.013034
6 0.141766 0.662144 0.009734 0.013034
6 0.197424 0.629534 0.009734 0.013034
6 0.253070 0.658466 0.009734 0.013034
6 0.308728 0.644246 0.009734 0.013034
6 0.364373 0.653788 0.009734 0.013034
6 0.420032 0.625788 0.009734 0.013034
6 0.475677 0.620754 0.009734 0.013034
6 0.531335 0.623059 0.009734 0.013034
6 0.586994 0.669483 0.009734 0.013034
6 0.642639 0.643127 0.009734 0.013034
6 0.698297 0.656331 0.009734 0.013034
6 0.753943 0.651212 0.009734 0.013034
6 0.809601 0.651398 0.009734 0.013034
6 0.865259 0.641364 0.009734 0.013034
6 0.920905 0.679008 0.009734 0.013034
6 0.976563 0.734144 0.009734 0.013034