1 0.083523 0.743508 0.013688 0.018305
1 0.158834 0.472390 0.013688 0.018305
1 0.234132 0.367492 0.013688 0.018305
1 0.309442 0.221322 0.013688 0.018305
1 0.384740 0.193373 0.013688 0.018305
1 0.460051 0.164254 0.013688 0.018305
1 0.535349 0.190169 0.013688 0.018305
1 0.610646 0.180644 0.013688 0.018305
1 0.685957 0.168271 0.013688 0.018305
1 0.761255 0.162017 0.013688 0.018305
1 0.836565 0.140254 0.013688 0.018305
1 0.911863 0.132525 0.013688 0.018305
1 0.987174 0.156847 0.013688 0.018305
5 0.083523 0.815831 0.013688 0.018305
5 0.165678 0.761339 0.013688 0.018305
5 0.247833 0.738814 0.013688 0.018305
5 0.329975 0.667169 0.013688 0.018305
5 0.412129 0.668169 0.013688 0.018305
5 0.494271 0.573136 0.013688 0.018305
5 0.576426 0.495763 0.013688 0.018305
5 0.658568 0.368034 0.013688 0.018305
5 0.740722 0.280712 0.013688 0.018305
5 0.822864 0.237373 0.013688 0.018305
5 0.905019 0.189610 0.013688 0.018305
5 0.987174 0.123017 0.013688 0.018305
0 0.083523 0.798000 0.013688 0.018305
0 0.165678 0.516780 0.013688 0.018305
0 0.247833 0.350780 0.013688 0.018305
0 0.329975 0.311407 0.013688 0.018305
0 0.412129 0.187068 0.013688 0.018305
0 0.494271 0.139661 0.013688 0.018305
0 0.576426 0.203712 0.013688 0.018305
0 0.658568 0.126712 0.013688 0.018305
0 0.740722 0.128763 0.013688 0.018305
0 0.822864 0.214339 0.013688 0.018305
0 0.905019 0.106356 0.013688 0.018305
0 0.987174 0.177424 0.013688 0.018305
3 0.083523 0.601881 0.013688 0.018305
3 0.234132 0.651847 0.013688 0.018305
3 0.384740 0.616915 0.013688 0.018305
3 0.535349 0.598356 0.013688 0.018305
3 0.685957 0.692153 0.013688 0.018305
3 0.836565 0.642390 0.013688 0.018305
3 0.987174 0.731102 0.013688 0.018305