7 0.106225 0.844506 0.012221 0.016405
7 0.185692 0.652274 0.012221 0.016405
7 0.265159 0.635392 0.012221 0.016405
7 0.344626 0.504438 0.012221 0.016405
7 0.424080 0.415511 0.012221 0.016405
7 0.503547 0.368509 0.012221 0.016405
7 0.583014 0.307061 0.012221 0.016405
7 0.662481 0.341508 0.012221 0.016405
7 0.741935 0.140009 0.012221 0.016405
7 0.821402 0.245971 0.012221 0.016405
7 0.900869 0.229702 0.012221 0.016405
7 0.980336 0.179037 0.012221 0.016405
2 0.106225 0.824267 0.012221 0.016405
2 0.203357 0.470826 0.012221 0.016405
2 0.300476 0.226431 0.012221 0.016405
2 0.397595 0.380554 0.012221 0.016405
2 0.494714 0.073143 0.012221 0.016405
2 0.591846 0.175988 0.012221 0.016405
2 0.688966 0.148867 0.012221 0.016405
2 0.786085 0.231354 0.012221 0.016405
2 0.883204 0.154182 0.012221 0.016405
2 0.980336 0.042785 0.012221 0.016405
0 0.106225 0.656721 0.012221 0.016405
0 0.231098 0.564540 0.012221 0.016405
0 0.355971 0.708032 0.012221 0.016405
0 0.480844 0.634319 0.012221 0.016405
0 0.605717 0.667964 0.012221 0.016405
0 0.730590 0.824744 0.012221 0.016405
0 0.855463 0.807692 0.012221 0.016405
0 0.980336 0.817930 0.012221 0.016405
1 0.106225 0.809395 0.012221 0.016405
1 0.185692 0.868612 0.012221 0.016405
1 0.265159 0.839872 0.012221 0.016405
1 0.344626 0.907129 0.012221 0.016405
1 0.424080 0.836840 0.012221 0.016405
1 0.503547 0.777402 0.012221 0.016405
1 0.583014 0.786363 0.012221 0.016405
1 0.662481 0.680639 0.012221 0.016405
1 0.741935 0.764421 0.012221 0.016405
1 0.821402 0.910843 0.012221 0.016405
1 0.900869 0.910843 0.012221 0.016405
1 0.980336 0.768646 0.012221 0.016405