6 0.087215 0.581831 0.015215 0.020373
6 0.176342 0.621966 0.015215 0.020373
6 0.265481 0.696847 0.015215 0.020373
6 0.354608 0.731186 0.015215 0.020373
6 0.443734 0.672525 0.015215 0.020373
6 0.532861 0.654305 0.015215 0.020373
6 0.621987 0.754492 0.015215 0.020373
6 0.711114 0.757085 0.015215 0.020373
6 0.800241 0.649186 0.015215 0.020373
6 0.889367 0.641220 0.015215 0.020373
6 0.978494 0.913424 0.015215 0.020373
4 0.087215 0.822864 0.015215 0.020373
4 0.176342 0.755288 0.015215 0.020373
4 0.265481 0.718068 0.015215 0.020373
4 0.354608 0.638678 0.015215 0.020373
4 0.443734 0.848864 0.015215 0.020373
4 0.532861 0.913424 0.015215 0.020373
4 0.621987 0.799593 0.015215 0.020373
4 0.711114 0.860254 0.015215 0.020373
4 0.800241 0.640136 0.015215 0.020373
4 0.889367 0.410525 0.015215 0.020373
4 0.978494 0.141864 0.015215 0.020373
7 0.087215 0.852475 0.015215 0.020373
7 0.186253 0.842051 0.015215 0.020373
7 0.285278 0.620051 0.015215 0.020373
7 0.384316 0.714305 0.015215 0.020373
7 0.483342 0.652542 0.015215 0.020373
7 0.582367 0.854712 0.015215 0.020373
7 0.681405 0.791254 0.015215 0.020373
7 0.780430 0.739508 0.015215 0.020373
7 0.879468 0.792797 0.015215 0.020373
7 0.978494 0.913424 0.015215 0.020373
0 0.087215 0.844000 0.015215 0.020373
0 0.186253 0.809390 0.015215 0.020373
0 0.285278 0.722864 0.015215 0.020373
0 0.384316 0.671661 0.015215 0.020373
0 0.483342 0.538695 0.015215 0.020373
0 0.582367 0.561186 0.015215 0.020373
0 0.681405 0.501407 0.015215 0.020373
0 0.780430 0.249814 0.015215 0.020373
0 0.879468 0.428729 0.015215 0.020373
0 0.978494 0.283525 0.015215 0.020373
2 0.087215 0.801983 0.015215 0.020373
2 0.176342 0.728407 0.015215 0.020373
2 0.265481 0.648169 0.015215 0.020373
2 0.354608 0.795831 0.015215 0.020373
2 0.443734 0.774593 0.015215 0.020373
2 0.532861 0.827780 0.015215 0.020373
2 0.621987 0.716136 0.015215 0.020373
2 0.711114 0.724424 0.015215 0.020373
2 0.800241 0.607797 0.015215 0.020373
2 0.889367 0.369610 0.015215 0.020373
2 0.978494 0.248254 0.015215 0.020373
3 0.087215 0.702119 0.015215 0.020373
3 0.176342 0.570949 0.015215 0.020373
3 0.265481 0.606373 0.015215 0.020373
3 0.354608 0.552864 0.015215 0.020373
3 0.443734 0.537017 0.015215 0.020373
3 0.532861 0.645644 0.015215 0.020373
3 0.621987 0.716373 0.015215 0.020373
3 0.711114 0.767746 0.015215 0.020373
3 0.800241 0.700542 0.015215 0.020373
3 0.889367 0.686542 0.015215 0.020373
3 0.978494 0.532169 0.015215 0.020373