0 0.099404 0.819694 0.017386 0.023299
0 0.187766 0.416446 0.017386 0.023299
0 0.276117 0.184779 0.017386 0.023299
0 0.364467 0.218027 0.017386 0.023299
0 0.452817 0.179932 0.017386 0.023299
0 0.541180 0.039116 0.017386 0.023299
0 0.629530 0.040102 0.017386 0.023299
0 0.717881 0.070867 0.017386 0.023299
0 0.806244 0.138622 0.017386 0.023299
0 0.894594 0.205731 0.017386 0.023299
0 0.982944 0.107874 0.017386 0.023299
7 0.099404 0.608690 0.017386 0.023299
7 0.179734 0.592432 0.017386 0.023299
7 0.260051 0.674609 0.017386 0.023299
7 0.340368 0.669983 0.017386 0.023299
7 0.420698 0.538248 0.017386 0.023299
7 0.501015 0.552262 0.017386 0.023299
7 0.581332 0.569371 0.017386 0.023299
7 0.661662 0.639575 0.017386 0.023299
7 0.741980 0.673231 0.017386 0.023299
7 0.822297 0.822789 0.017386 0.023299
7 0.902627 0.699626 0.017386 0.023299
7 0.982944 0.837908 0.017386 0.023299
5 0.099404 0.764048 0.017386 0.023299
5 0.158312 0.720595 0.017386 0.023299
5 0.217208 0.725476 0.017386 0.023299
5 0.276117 0.909167 0.017386 0.023299
5 0.335013 0.804813 0.017386 0.023299
5 0.393921 0.909167 0.017386 0.023299
5 0.452817 0.909167 0.017386 0.023299
5 0.511726 0.909167 0.017386 0.023299
5 0.570622 0.909167 0.017386 0.023299
5 0.629530 0.909167 0.017386 0.023299
5 0.688439 0.909167 0.017386 0.023299
5 0.747335 0.909167 0.017386 0.023299
5 0.806244 0.909167 0.017386 0.023299
5 0.865140 0.909167 0.017386 0.023299
5 0.924048 0.909167 0.017386 0.023299
5 0.982944 0.909167 0.017386 0.023299
1 0.099404 0.789456 0.017386 0.023299
1 0.167373 0.614558 0.017386 0.023299
1 0.235330 0.383129 0.017386 0.023299
1 0.303299 0.298963 0.017386 0.023299
1 0.371269 0.268707 0.017386 0.023299
1 0.439226 0.191378 0.017386 0.023299
1 0.507195 0.194422 0.017386 0.023299
1 0.575165 0.136888 0.017386 0.023299
1 0.643122 0.188759 0.017386 0.023299
1 0.711091 0.255544 0.017386 0.023299
1 0.779048 0.177262 0.017386 0.023299
1 0.847018 0.172483 0.017386 0.023299
1 0.914987 0.220969 0.017386 0.023299
1 0.982944 0.131752 0.017386 0.023299