3 0.095406 0.774195 0.014968 0.020017
3 0.205456 0.783686 0.014968 0.020017
3 0.315507 0.752229 0.014968 0.020017
3 0.425545 0.720500 0.014968 0.020017
3 0.535596 0.638263 0.014968 0.020017
3 0.645634 0.549347 0.014968 0.020017
3 0.755684 0.480703 0.014968 0.020017
3 0.865722 0.406653 0.014968 0.020017
3 0.975773 0.347483 0.014968 0.020017
5 0.095406 0.800534 0.014968 0.020017
5 0.183441 0.786347 0.014968 0.020017
5 0.271489 0.802669 0.014968 0.020017
5 0.359525 0.788195 0.014968 0.020017
5 0.447560 0.767093 0.014968 0.020017
5 0.535596 0.781144 0.014968 0.020017
5 0.623631 0.771466 0.014968 0.020017
5 0.711667 0.755839 0.014968 0.020017
5 0.799702 0.679873 0.014968 0.020017
5 0.887738 0.365958 0.014968 0.020017
5 0.975773 0.137839 0.014968 0.020017
7 0.095406 0.602941 0.014968 0.020017
7 0.221172 0.609856 0.014968 0.020017
7 0.346939 0.631059 0.014968 0.020017
7 0.472706 0.648483 0.014968 0.020017
7 0.598473 0.598585 0.014968 0.020017
7 0.724240 0.615636 0.014968 0.020017
7 0.850006 0.605398 0.014968 0.020017
7 0.975773 0.638669 0.014968 0.020017