4 0.127764 0.766436 0.021592 0.028974
4 0.221140 0.740094 0.021592 0.028974
4 0.314516 0.736983 0.021592 0.028974
4 0.407892 0.755598 0.021592 0.028974
4 0.501280 0.757017 0.021592 0.028974
4 0.594656 0.748265 0.021592 0.028974
4 0.688032 0.755803 0.021592 0.028974
4 0.781408 0.735513 0.021592 0.028974
4 0.874796 0.689427 0.021592 0.028974
4 0.968172 0.252231 0.021592 0.028974
0 0.127764 0.580299 0.021592 0.028974
0 0.232809 0.586624 0.021592 0.028974
0 0.337866 0.599906 0.021592 0.028974
0 0.442911 0.628590 0.021592 0.028974
0 0.547968 0.619547 0.021592 0.028974
0 0.653013 0.610573 0.021592 0.028974
0 0.758070 0.591137 0.021592 0.028974
0 0.863115 0.585872 0.021592 0.028974
0 0.968172 0.451513 0.021592 0.028974
6 0.127764 0.661000 0.021592 0.028974
6 0.221140 0.678128 0.021592 0.028974
6 0.314516 0.637530 0.021592 0.028974
6 0.407892 0.632880 0.021592 0.028974
6 0.501280 0.589274 0.021592 0.028974
6 0.594656 0.525889 0.021592 0.028974
6 0.688032 0.438094 0.021592 0.028974
6 0.781408 0.357581 0.021592 0.028974
6 0.874796 0.285598 0.021592 0.028974
6 0.968172 0.233821 0.021592 0.028974
1 0.127764 0.674812 0.021592 0.028974
1 0.267828 0.698897 0.021592 0.028974
1 0.407892 0.706214 0.021592 0.028974
1 0.547968 0.679615 0.021592 0.028974
1 0.688032 0.688761 0.021592 0.028974
1 0.828108 0.676402 0.021592 0.028974
1 0.968172 0.472795 0.021592 0.028974
5 0.127764 0.642675 0.021592 0.028974
5 0.232809 0.606761 0.021592 0.028974
5 0.337866 0.587068 0.021592 0.028974
5 0.442911 0.540333 0.021592 0.028974
5 0.547968 0.440094 0.021592 0.028974
5 0.653013 0.361530 0.021592 0.028974
5 0.758070 0.240880 0.021592 0.028974
5 0.863115 0.197103 0.021592 0.028974
5 0.968172 0.163120 0.021592 0.028974