4 0.087373 0.825686 0.014848 0.019881
4 0.186171 0.801466 0.014848 0.019881
4 0.284968 0.792839 0.014848 0.019881
4 0.383766 0.770280 0.014848 0.019881
4 0.482563 0.788619 0.014848 0.019881
4 0.581361 0.793958 0.014848 0.019881
4 0.680158 0.795415 0.014848 0.019881
4 0.778956 0.802839 0.014848 0.019881
4 0.877753 0.509771 0.014848 0.019881
4 0.976563 0.185924 0.014848 0.019881
5 0.087373 0.796347 0.014848 0.019881
5 0.186171 0.752907 0.014848 0.019881
5 0.284968 0.772619 0.014848 0.019881
5 0.383766 0.781500 0.014848 0.019881
5 0.482563 0.799636 0.014848 0.019881
5 0.581361 0.787686 0.014848 0.019881
5 0.680158 0.822568 0.014848 0.019881
5 0.778956 0.736229 0.014848 0.019881
5 0.877753 0.429754 0.014848 0.019881
5 0.976563 0.200280 0.014848 0.019881
6 0.087373 0.677415 0.014848 0.019881
6 0.186171 0.744653 0.014848 0.019881
6 0.284968 0.745161 0.014848 0.019881
6 0.383766 0.784195 0.014848 0.019881
6 0.482563 0.760805 0.014848 0.019881
6 0.581361 0.781347 0.014848 0.019881
6 0.680158 0.759585 0.014848 0.019881
6 0.778956 0.724856 0.014848 0.019881
6 0.877753 0.769822 0.014848 0.019881
6 0.976563 0.886585 0.014848 0.019881
2 0.087373 0.760161 0.014848 0.019881
2 0.168209 0.802856 0.014848 0.019881
2 0.249044 0.840398 0.014848 0.019881
2 0.329880 0.782975 0.014848 0.019881
2 0.410715 0.815788 0.014848 0.019881
2 0.491551 0.790686 0.014848 0.019881
2 0.572386 0.854551 0.014848 0.019881
2 0.653222 0.789619 0.014848 0.019881
2 0.734057 0.779839 0.014848 0.019881
2 0.814892 0.626432 0.014848 0.019881
2 0.895728 0.468195 0.014848 0.019881
2 0.976563 0.256347 0.014848 0.019881