0 0.146904 0.695761 0.017478 0.023453
0 0.237159 0.539077 0.017478 0.023453
0 0.327401 0.670632 0.017478 0.023453
0 0.417656 0.516308 0.017478 0.023453
0 0.507898 0.646154 0.017478 0.023453
0 0.598153 0.667402 0.017478 0.023453
0 0.688395 0.575368 0.017478 0.023453
0 0.778650 0.426855 0.017478 0.023453
0 0.868892 0.356786 0.017478 0.023453
0 0.959146 0.388615 0.017478 0.023453
7 0.146904 0.589658 0.017478 0.023453
7 0.248433 0.562615 0.017478 0.023453
7 0.349962 0.571949 0.017478 0.023453
7 0.451490 0.453829 0.017478 0.023453
7 0.553032 0.508068 0.017478 0.023453
7 0.654561 0.602923 0.017478 0.023453
7 0.756089 0.553795 0.017478 0.023453
7 0.857618 0.585829 0.017478 0.023453
7 0.959146 0.649077 0.017478 0.023453
2 0.146904 0.719880 0.017478 0.023453
2 0.228127 0.733265 0.017478 0.023453
2 0.309350 0.627829 0.017478 0.023453
2 0.390573 0.750479 0.017478 0.023453
2 0.471809 0.751197 0.017478 0.023453
2 0.553032 0.796034 0.017478 0.023453
2 0.634255 0.722581 0.017478 0.023453
2 0.715478 0.819043 0.017478 0.023453
2 0.796701 0.690410 0.017478 0.023453
2 0.877924 0.352752 0.017478 0.023453
2 0.959146 0.153214 0.017478 0.023453