7 0.115749 0.568061 0.011371 0.015238
7 0.223655 0.517704 0.011371 0.015238
7 0.331561 0.658418 0.011371 0.015238
7 0.439454 0.655595 0.011371 0.015238
7 0.547360 0.626514 0.011371 0.015238
7 0.655266 0.711020 0.011371 0.015238
7 0.763173 0.704864 0.011371 0.015238
7 0.871079 0.674439 0.011371 0.015238
7 0.978985 0.775612 0.011371 0.015238
1 0.115749 0.664898 0.011371 0.015238
1 0.194226 0.620442 0.011371 0.015238
1 0.272703 0.624099 0.011371 0.015238
1 0.351168 0.601582 0.011371 0.015238
1 0.429645 0.558776 0.011371 0.015238
1 0.508122 0.550595 0.011371 0.015238
1 0.586599 0.479286 0.011371 0.015238
1 0.665076 0.367330 0.011371 0.015238
1 0.743553 0.363963 0.011371 0.015238
1 0.822030 0.243180 0.011371 0.015238
1 0.900508 0.181173 0.011371 0.015238
1 0.978985 0.248010 0.011371 0.015238
0 0.115749 0.580612 0.011371 0.015238
0 0.187678 0.614643 0.011371 0.015238
0 0.259619 0.522585 0.011371 0.015238
0 0.331561 0.483605 0.011371 0.015238
0 0.403490 0.455782 0.011371 0.015238
0 0.475431 0.390323 0.011371 0.015238
0 0.547360 0.391718 0.011371 0.015238
0 0.619302 0.354235 0.011371 0.015238
0 0.691231 0.276905 0.011371 0.015238
0 0.763173 0.316224 0.011371 0.015238
0 0.835114 0.329422 0.011371 0.015238
0 0.907043 0.214643 0.011371 0.015238
0 0.978985 0.251310 0.011371 0.015238