6 0.090019 0.853788 0.013954 0.018661
6 0.179626 0.688924 0.013954 0.018661
6 0.269233 0.811025 0.013954 0.018661
6 0.358840 0.599483 0.013954 0.018661
6 0.448435 0.710975 0.013954 0.018661
6 0.538042 0.592686 0.013954 0.018661
6 0.627649 0.547161 0.013954 0.018661
6 0.717256 0.609364 0.013954 0.018661
6 0.806850 0.345076 0.013954 0.018661
6 0.896458 0.203839 0.013954 0.018661
6 0.986065 0.274619 0.013954 0.018661
4 0.090019 0.810669 0.013954 0.018661
4 0.239360 0.534856 0.013954 0.018661
4 0.388701 0.507110 0.013954 0.018661
4 0.538042 0.489703 0.013954 0.018661
4 0.687383 0.370890 0.013954 0.018661
4 0.836724 0.232415 0.013954 0.018661
4 0.986065 0.168754 0.013954 0.018661