3 0.127758 0.545265 0.020611 0.027658
3 0.247822 0.565983 0.020611 0.027658
3 0.367873 0.565316 0.020611 0.027658
3 0.487936 0.585744 0.020611 0.027658
3 0.607987 0.517419 0.020611 0.027658
3 0.728051 0.549778 0.020611 0.027658
3 0.848115 0.495607 0.020611 0.027658
3 0.968166 0.656034 0.020611 0.027658
5 0.127758 0.701231 0.020611 0.027658
5 0.187783 0.656991 0.020611 0.027658
5 0.247822 0.704718 0.020611 0.027658
5 0.307847 0.621402 0.020611 0.027658
5 0.367873 0.578274 0.020611 0.027658
5 0.427898 0.516803 0.020611 0.027658
5 0.487936 0.562462 0.020611 0.027658
5 0.547962 0.496803 0.020611 0.027658
5 0.607987 0.424786 0.020611 0.027658
5 0.668025 0.344017 0.020611 0.027658
5 0.728051 0.342359 0.020611 0.027658
5 0.788076 0.251624 0.020611 0.027658
5 0.848115 0.221282 0.020611 0.027658
5 0.908140 0.260615 0.020611 0.027658
5 0.968166 0.298769 0.020611 0.027658
2 0.127758 0.710376 0.020611 0.027658
2 0.267822 0.792376 0.020611 0.027658
2 0.407898 0.766803 0.020611 0.027658
2 0.547962 0.721060 0.020611 0.027658
2 0.688025 0.691316 0.020611 0.027658
2 0.828102 0.753573 0.020611 0.027658
2 0.968166 0.485231 0.020611 0.027658
4 0.127758 0.712359 0.020611 0.027658
4 0.221134 0.700154 0.020611 0.027658
4 0.314510 0.702940 0.020611 0.027658
4 0.407898 0.688530 0.020611 0.027658
4 0.501274 0.525538 0.020611 0.027658
4 0.594650 0.494085 0.020611 0.027658
4 0.688025 0.423590 0.020611 0.027658
4 0.781414 0.393248 0.020611 0.027658
4 0.874790 0.281197 0.020611 0.027658
4 0.968166 0.258017 0.020611 0.027658