0 0.105724 0.790656 0.014828 0.019881
0 0.202116 0.783365 0.014828 0.019881
0 0.298507 0.800468 0.014828 0.019881
0 0.394898 0.799310 0.014828 0.019881
0 0.491290 0.774830 0.014828 0.019881
0 0.587681 0.781371 0.014828 0.019881
0 0.684072 0.787164 0.014828 0.019881
0 0.780464 0.773109 0.014828 0.019881
0 0.876855 0.755698 0.014828 0.019881
0 0.973247 0.440775 0.014828 0.019881
5 0.105724 0.796533 0.014828 0.019881
5 0.202116 0.776073 0.014828 0.019881
5 0.298507 0.787879 0.014828 0.019881
5 0.394898 0.775613 0.014828 0.019881
5 0.491290 0.787692 0.014828 0.019881
5 0.587681 0.786670 0.014828 0.019881
5 0.684072 0.775477 0.014828 0.019881
5 0.780464 0.719753 0.014828 0.019881
5 0.876855 0.473518 0.014828 0.019881
5 0.973247 0.174557 0.014828 0.019881
1 0.105724 0.782751 0.014828 0.019881
1 0.229651 0.763075 0.014828 0.019881
1 0.353590 0.755460 0.014828 0.019881
1 0.477516 0.741371 0.014828 0.019881
1 0.601455 0.763893 0.014828 0.019881
1 0.725381 0.743671 0.014828 0.019881
1 0.849307 0.722785 0.014828 0.019881
1 0.973247 0.212428 0.014828 0.019881
7 0.105724 0.712376 0.014828 0.019881
7 0.192471 0.716261 0.014828 0.019881
7 0.279231 0.673160 0.014828 0.019881
7 0.365978 0.578901 0.014828 0.019881
7 0.452738 0.490894 0.014828 0.019881
7 0.539485 0.394761 0.014828 0.019881
7 0.626233 0.316329 0.014828 0.019881
7 0.712992 0.271184 0.014828 0.019881
7 0.799740 0.227402 0.014828 0.019881
7 0.886487 0.172036 0.014828 0.019881
7 0.973247 0.165733 0.014828 0.019881
6 0.105724 0.772053 0.014828 0.019881
6 0.214161 0.801508 0.014828 0.019881
6 0.322611 0.782785 0.014828 0.019881
6 0.431048 0.774779 0.014828 0.019881
6 0.539485 0.774046 0.014828 0.019881
6 0.647922 0.777726 0.014828 0.019881
6 0.756360 0.775545 0.014828 0.019881
6 0.864809 0.824830 0.014828 0.019881
6 0.973247 0.903007 0.014828 0.019881
2 0.105724 0.748731 0.014828 0.019881
2 0.172459 0.703058 0.014828 0.019881
2 0.239193 0.649225 0.014828 0.019881
2 0.305928 0.581644 0.014828 0.019881
2 0.372649 0.503910 0.014828 0.019881
2 0.439384 0.440196 0.014828 0.019881
2 0.506118 0.375102 0.014828 0.019881
2 0.572853 0.326329 0.014828 0.019881
2 0.639587 0.287436 0.014828 0.019881
2 0.706309 0.237215 0.014828 0.019881
2 0.773043 0.240588 0.014828 0.019881
2 0.839778 0.198578 0.014828 0.019881
2 0.906512 0.195375 0.014828 0.019881
2 0.973247 0.217828 0.014828 0.019881