2 0.112713 0.569293 0.012719 0.017053
2 0.198532 0.698697 0.012719 0.017053
2 0.284352 0.759310 0.012719 0.017053
2 0.370172 0.699702 0.012719 0.017053
2 0.455991 0.696925 0.012719 0.017053
2 0.541811 0.651184 0.012719 0.017053
2 0.627630 0.594080 0.012719 0.017053
2 0.713450 0.535204 0.012719 0.017053
2 0.799269 0.378629 0.012719 0.017053
2 0.885089 0.348901 0.012719 0.017053
2 0.970909 0.340520 0.012719 0.017053
1 0.112713 0.858697 0.012719 0.017053
1 0.235318 0.765324 0.012719 0.017053
1 0.357910 0.625443 0.012719 0.017053
1 0.480515 0.753739 0.012719 0.017053
1 0.603107 0.896022 0.012719 0.017053
1 0.725712 0.896022 0.012719 0.017053
1 0.848304 0.642717 0.012719 0.017053
1 0.970909 0.212121 0.012719 0.017053
4 0.112713 0.721099 0.012719 0.017053
4 0.190731 0.755613 0.012719 0.017053
4 0.268748 0.896022 0.012719 0.017053
4 0.346766 0.651934 0.012719 0.017053
4 0.424784 0.861320 0.012719 0.017053
4 0.502802 0.761167 0.012719 0.017053
4 0.580820 0.752240 0.012719 0.017053
4 0.658837 0.788526 0.012719 0.017053
4 0.736855 0.745630 0.012719 0.017053
4 0.814873 0.732768 0.012719 0.017053
4 0.892891 0.484233 0.012719 0.017053
4 0.970909 0.197862 0.012719 0.017053
6 0.112713 0.649327 0.012719 0.017053
6 0.174009 0.808186 0.012719 0.017053
6 0.235318 0.712087 0.012719 0.017053
6 0.296614 0.644370 0.012719 0.017053
6 0.357910 0.699310 0.012719 0.017053
6 0.419206 0.698135 0.012719 0.017053
6 0.480515 0.530468 0.012719 0.017053
6 0.541811 0.492598 0.012719 0.017053
6 0.603107 0.421985 0.012719 0.017053
6 0.664403 0.302973 0.012719 0.017053
6 0.725712 0.425545 0.012719 0.017053
6 0.787008 0.303433 0.012719 0.017053
6 0.848304 0.140094 0.012719 0.017053
6 0.909600 0.144216 0.012719 0.017053
6 0.970909 0.189327 0.012719 0.017053