3 0.094975 0.718356 0.013975 0.018712
3 0.204671 0.755034 0.013975 0.018712
3 0.314380 0.731559 0.013975 0.018712
3 0.424076 0.748661 0.013975 0.018712
3 0.533785 0.711644 0.013975 0.018712
3 0.643481 0.780593 0.013975 0.018712
3 0.753190 0.739169 0.013975 0.018712
3 0.862886 0.766322 0.013975 0.018712
3 0.972582 0.910373 0.013975 0.018712
1 0.094975 0.729729 0.013975 0.018712
1 0.168101 0.697424 0.013975 0.018712
1 0.241241 0.617576 0.013975 0.018712
1 0.314380 0.634034 0.013975 0.018712
1 0.387506 0.516525 0.013975 0.018712
1 0.460646 0.504966 0.013975 0.018712
1 0.533785 0.387932 0.013975 0.018712
1 0.606911 0.273525 0.013975 0.018712
1 0.680051 0.280339 0.013975 0.018712
1 0.753190 0.302068 0.013975 0.018712
1 0.826316 0.237627 0.013975 0.018712
1 0.899456 0.228898 0.013975 0.018712
1 0.972582 0.192678 0.013975 0.018712
2 0.094975 0.831847 0.013975 0.018712
2 0.149823 0.772288 0.013975 0.018712
2 0.204671 0.770644 0.013975 0.018712
2 0.259519 0.760068 0.013975 0.018712
2 0.314380 0.772475 0.013975 0.018712
2 0.369228 0.809780 0.013975 0.018712
2 0.424076 0.804763 0.013975 0.018712
2 0.478924 0.782610 0.013975 0.018712
2 0.533785 0.741610 0.013975 0.018712
2 0.588633 0.784119 0.013975 0.018712
2 0.643481 0.817305 0.013975 0.018712
2 0.698329 0.804559 0.013975 0.018712
2 0.753190 0.742593 0.013975 0.018712
2 0.808038 0.656373 0.013975 0.018712
2 0.862886 0.555051 0.013975 0.018712
2 0.917734 0.334407 0.013975 0.018712
2 0.972582 0.225339 0.013975 0.018712
0 0.094975 0.758356 0.013975 0.018712
0 0.192481 0.768017 0.013975 0.018712
0 0.290000 0.837441 0.013975 0.018712
0 0.387506 0.787915 0.013975 0.018712
0 0.485025 0.719017 0.013975 0.018712
0 0.582532 0.848983 0.013975 0.018712
0 0.680051 0.847051 0.013975 0.018712
0 0.777557 0.772678 0.013975 0.018712
0 0.875076 0.626068 0.013975 0.018712
0 0.972582 0.241729 0.013975 0.018712
6 0.094975 0.831780 0.013975 0.018712
6 0.153481 0.772746 0.013975 0.018712
6 0.211987 0.720542 0.013975 0.018712
6 0.270494 0.838610 0.013975 0.018712
6 0.329000 0.831085 0.013975 0.018712
6 0.387506 0.807864 0.013975 0.018712
6 0.446013 0.804492 0.013975 0.018712
6 0.504532 0.828831 0.013975 0.018712
6 0.563038 0.761661 0.013975 0.018712
6 0.621544 0.795831 0.013975 0.018712
6 0.680051 0.747915 0.013975 0.018712
6 0.738557 0.747475 0.013975 0.018712
6 0.797063 0.786644 0.013975 0.018712
6 0.855570 0.630424 0.013975 0.018712
6 0.914076 0.266712 0.013975 0.018712
6 0.972582 0.157051 0.013975 0.018712