2 0.108272 0.684855 0.014130 0.018944
2 0.194765 0.697411 0.014130 0.018944
2 0.281271 0.685145 0.014130 0.018944
2 0.367764 0.676797 0.014130 0.018944
2 0.454257 0.634174 0.014130 0.018944
2 0.540762 0.615383 0.014130 0.018944
2 0.627255 0.560153 0.014130 0.018944
2 0.713761 0.507308 0.014130 0.018944
2 0.800254 0.439523 0.014130 0.018944
2 0.886747 0.379199 0.014130 0.018944
2 0.973253 0.358637 0.014130 0.018944
6 0.108272 0.716116 0.014130 0.018944
6 0.204384 0.729898 0.014130 0.018944
6 0.300496 0.701670 0.014130 0.018944
6 0.396595 0.729046 0.014130 0.018944
6 0.492706 0.727376 0.014130 0.018944
6 0.588818 0.710852 0.014130 0.018944
6 0.684917 0.725196 0.014130 0.018944
6 0.781029 0.718007 0.014130 0.018944
6 0.877141 0.744549 0.014130 0.018944
6 0.973253 0.832249 0.014130 0.018944