1 0.087386 0.632856 0.012089 0.016186
1 0.176297 0.761602 0.012089 0.016186
1 0.265222 0.734127 0.012089 0.016186
1 0.354133 0.671822 0.012089 0.016186
1 0.443057 0.615500 0.012089 0.016186
1 0.531968 0.531636 0.012089 0.016186
1 0.620892 0.330432 0.012089 0.016186
1 0.709804 0.328720 0.012089 0.016186
1 0.798728 0.307331 0.012089 0.016186
1 0.887639 0.296805 0.012089 0.016186
1 0.976563 0.282263 0.012089 0.016186
7 0.087386 0.785398 0.012089 0.016186
7 0.176297 0.841873 0.012089 0.016186
7 0.265222 0.815466 0.012089 0.016186
7 0.354133 0.851246 0.012089 0.016186
7 0.443057 0.913771 0.012089 0.016186
7 0.531968 0.833195 0.012089 0.016186
7 0.620892 0.797534 0.012089 0.016186
7 0.709804 0.749161 0.012089 0.016186
7 0.798728 0.674246 0.012089 0.016186
7 0.887639 0.462805 0.012089 0.016186
7 0.976563 0.270958 0.012089 0.016186
6 0.087386 0.617263 0.012089 0.016186
6 0.176297 0.608415 0.012089 0.016186
6 0.265222 0.628297 0.012089 0.016186
6 0.354133 0.684212 0.012089 0.016186
6 0.443057 0.615432 0.012089 0.016186
6 0.531968 0.637381 0.012089 0.016186
6 0.620892 0.775297 0.012089 0.016186
6 0.709804 0.698280 0.012089 0.016186
6 0.798728 0.658737 0.012089 0.016186
6 0.887639 0.552568 0.012089 0.016186
6 0.976563 0.913771 0.012089 0.016186
4 0.087386 0.815941 0.012089 0.016186
4 0.186184 0.694534 0.012089 0.016186
4 0.284981 0.777483 0.012089 0.016186
4 0.383778 0.775568 0.012089 0.016186
4 0.482576 0.763754 0.012089 0.016186
4 0.581373 0.819347 0.012089 0.016186
4 0.680171 0.912178 0.012089 0.016186
4 0.778968 0.777686 0.012089 0.016186
4 0.877766 0.503432 0.012089 0.016186
4 0.976563 0.032212 0.012089 0.016186