1 0.087373 0.725619 0.016038 0.021475
1 0.214399 0.740992 0.016038 0.021475
1 0.341424 0.820754 0.016038 0.021475
1 0.468449 0.847771 0.016038 0.021475
1 0.595475 0.847331 0.016038 0.021475
1 0.722500 0.905703 0.016038 0.021475
1 0.849525 0.679381 0.016038 0.021475
1 0.976563 0.189686 0.016038 0.021475
3 0.087373 0.754263 0.016038 0.021475
3 0.168209 0.725619 0.016038 0.021475
3 0.249044 0.645839 0.016038 0.021475
3 0.329880 0.609178 0.016038 0.021475
3 0.410715 0.520297 0.016038 0.021475
3 0.491551 0.335686 0.016038 0.021475
3 0.572386 0.225059 0.016038 0.021475
3 0.653222 0.398415 0.016038 0.021475
3 0.734057 0.172415 0.016038 0.021475
3 0.814892 0.101975 0.016038 0.021475
3 0.895728 0.165398 0.016038 0.021475
3 0.976563 0.073161 0.016038 0.021475
2 0.087373 0.614008 0.016038 0.021475
2 0.198525 0.573093 0.016038 0.021475
2 0.309665 0.641280 0.016038 0.021475
2 0.420816 0.525737 0.016038 0.021475
2 0.531968 0.511602 0.016038 0.021475
2 0.643108 0.529042 0.016038 0.021475
2 0.754259 0.601771 0.016038 0.021475
2 0.865411 0.575788 0.016038 0.021475
2 0.976563 0.224788 0.016038 0.021475
5 0.087373 0.676025 0.016038 0.021475
5 0.198525 0.646195 0.016038 0.021475
5 0.309665 0.684466 0.016038 0.021475
5 0.420816 0.496500 0.016038 0.021475
5 0.531968 0.339703 0.016038 0.021475
5 0.643108 0.354025 0.016038 0.021475
5 0.754259 0.270398 0.016038 0.021475
5 0.865411 0.312754 0.016038 0.021475
5 0.976563 0.328720 0.016038 0.021475
4 0.087373 0.831161 0.016038 0.021475
4 0.176297 0.777347 0.016038 0.021475
4 0.265209 0.718263 0.016038 0.021475
4 0.354133 0.718331 0.016038 0.021475
4 0.443044 0.879364 0.016038 0.021475
4 0.531968 0.812229 0.016038 0.021475
4 0.620880 0.560754 0.016038 0.021475
4 0.709804 0.481788 0.016038 0.021475
4 0.798715 0.457992 0.016038 0.021475
4 0.887639 0.417483 0.016038 0.021475
4 0.976563 0.259432 0.016038 0.021475