5 0.104180 0.670545 0.018272 0.024497
5 0.176811 0.671312 0.018272 0.024497
5 0.249428 0.633101 0.018272 0.024497
5 0.322058 0.631499 0.018272 0.024497
5 0.394689 0.621244 0.018272 0.024497
5 0.467319 0.575486 0.018272 0.024497
5 0.539936 0.546712 0.018272 0.024497
5 0.612567 0.405298 0.018272 0.024497
5 0.685197 0.390119 0.018272 0.024497
5 0.757827 0.319881 0.018272 0.024497
5 0.830457 0.247291 0.018272 0.024497
5 0.903075 0.284072 0.018272 0.024497
5 0.975705 0.177734 0.018272 0.024497
3 0.104180 0.729455 0.018272 0.024497
3 0.176811 0.757019 0.018272 0.024497
3 0.249428 0.696934 0.018272 0.024497
3 0.322058 0.708313 0.018272 0.024497
3 0.394689 0.697240 0.018272 0.024497
3 0.467319 0.662351 0.018272 0.024497
3 0.539936 0.629727 0.018272 0.024497
3 0.612567 0.500477 0.018272 0.024497
3 0.685197 0.471891 0.018272 0.024497
3 0.757827 0.411652 0.018272 0.024497
3 0.830457 0.278092 0.018272 0.024497
3 0.903075 0.271278 0.018272 0.024497
3 0.975705 0.238893 0.018272 0.024497