7 0.093703 0.827534 0.015051 0.020153
7 0.173601 0.811483 0.015051 0.020153
7 0.253500 0.770890 0.015051 0.020153
7 0.333399 0.699432 0.015051 0.020153
7 0.413297 0.636263 0.015051 0.020153
7 0.493196 0.588653 0.015051 0.020153
7 0.573095 0.500686 0.015051 0.020153
7 0.652994 0.452653 0.015051 0.020153
7 0.732892 0.393653 0.015051 0.020153
7 0.812791 0.372263 0.015051 0.020153
7 0.892690 0.354907 0.015051 0.020153
7 0.972589 0.353517 0.015051 0.020153
2 0.093703 0.687076 0.015051 0.020153
2 0.161310 0.648890 0.015051 0.020153
2 0.228918 0.612653 0.015051 0.020153
2 0.296525 0.547551 0.015051 0.020153
2 0.364133 0.472008 0.015051 0.020153
2 0.431741 0.415178 0.015051 0.020153
2 0.499348 0.338500 0.015051 0.020153
2 0.566956 0.301958 0.015051 0.020153
2 0.634563 0.238856 0.015051 0.020153
2 0.702171 0.253907 0.015051 0.020153
2 0.769778 0.197059 0.015051 0.020153
2 0.837373 0.172195 0.015051 0.020153
2 0.904981 0.173754 0.015051 0.020153
2 0.972589 0.209669 0.015051 0.020153
6 0.093703 0.784720 0.015051 0.020153
6 0.166943 0.792042 0.015051 0.020153
6 0.240184 0.768720 0.015051 0.020153
6 0.313424 0.785568 0.015051 0.020153
6 0.386665 0.778958 0.015051 0.020153
6 0.459905 0.785873 0.015051 0.020153
6 0.533146 0.784144 0.015051 0.020153
6 0.606386 0.796669 0.015051 0.020153
6 0.679627 0.775669 0.015051 0.020153
6 0.752867 0.767788 0.015051 0.020153
6 0.826108 0.612364 0.015051 0.020153
6 0.899348 0.260517 0.015051 0.020153
6 0.972589 0.159415 0.015051 0.020153
3 0.093703 0.788500 0.015051 0.020153
3 0.156487 0.803161 0.015051 0.020153
3 0.219259 0.779076 0.015051 0.020153
3 0.282044 0.806924 0.015051 0.020153
3 0.344816 0.786669 0.015051 0.020153
3 0.407601 0.786297 0.015051 0.020153
3 0.470373 0.796161 0.015051 0.020153
3 0.533146 0.836534 0.015051 0.020153
3 0.595930 0.785517 0.015051 0.020153
3 0.658703 0.793229 0.015051 0.020153
3 0.721487 0.780856 0.015051 0.020153
3 0.784259 0.703754 0.015051 0.020153
3 0.847032 0.515314 0.015051 0.020153
3 0.909816 0.235432 0.015051 0.020153
3 0.972589 0.138314 0.015051 0.020153