0 0.144955 0.647658 0.016841 0.022598
0 0.227822 0.619624 0.016841 0.022598
0 0.310675 0.645658 0.016841 0.022598
0 0.393541 0.636154 0.016841 0.022598
0 0.476395 0.660376 0.016841 0.022598
0 0.559261 0.672718 0.016841 0.022598
0 0.642127 0.665470 0.016841 0.022598
0 0.724981 0.670000 0.016841 0.022598
0 0.807847 0.673402 0.016841 0.022598
0 0.890701 0.677111 0.016841 0.022598
0 0.973567 0.681624 0.016841 0.022598
4 0.144955 0.760718 0.016841 0.022598
4 0.220280 0.612051 0.016841 0.022598
4 0.295618 0.500171 0.016841 0.022598
4 0.370943 0.399949 0.016841 0.022598
4 0.446268 0.346513 0.016841 0.022598
4 0.521592 0.292701 0.016841 0.022598
4 0.596930 0.267641 0.016841 0.022598
4 0.672255 0.217675 0.016841 0.022598
4 0.747580 0.234530 0.016841 0.022598
4 0.822904 0.190974 0.016841 0.022598
4 0.898242 0.226051 0.016841 0.022598
4 0.973567 0.198137 0.016841 0.022598
1 0.144955 0.684325 0.016841 0.022598
1 0.237019 0.657521 0.016841 0.022598
1 0.329096 0.613880 0.016841 0.022598
1 0.421159 0.524085 0.016841 0.022598
1 0.513223 0.408427 0.016841 0.022598
1 0.605299 0.303966 0.016841 0.022598
1 0.697363 0.212923 0.016841 0.022598
1 0.789427 0.171333 0.016841 0.022598
1 0.881503 0.155197 0.016841 0.022598
1 0.973567 0.095966 0.016841 0.022598