5 0.130306 0.765419 0.014191 0.019043
5 0.297299 0.729778 0.014191 0.019043
5 0.464280 0.819726 0.014191 0.019043
5 0.631261 0.716940 0.014191 0.019043
5 0.798255 0.688957 0.014191 0.019043
5 0.965236 0.211504 0.014191 0.019043
0 0.130306 0.647726 0.014191 0.019043
0 0.269465 0.628171 0.014191 0.019043
0 0.408611 0.676342 0.014191 0.019043
0 0.547771 0.653077 0.014191 0.019043
0 0.686930 0.737077 0.014191 0.019043
0 0.826076 0.697607 0.014191 0.019043
0 0.965236 0.816752 0.014191 0.019043
7 0.130306 0.758000 0.014191 0.019043
7 0.213796 0.678171 0.014191 0.019043
7 0.297299 0.591897 0.014191 0.019043
7 0.380790 0.611812 0.014191 0.019043
7 0.464280 0.493453 0.014191 0.019043
7 0.547771 0.334564 0.014191 0.019043
7 0.631261 0.264957 0.014191 0.019043
7 0.714752 0.258462 0.014191 0.019043
7 0.798255 0.236598 0.014191 0.019043
7 0.881745 0.155265 0.014191 0.019043
7 0.965236 0.125966 0.014191 0.019043
1 0.130306 0.530667 0.014191 0.019043
1 0.194535 0.501504 0.014191 0.019043
1 0.258764 0.560598 0.014191 0.019043
1 0.322981 0.485761 0.014191 0.019043
1 0.387210 0.555624 0.014191 0.019043
1 0.451439 0.575453 0.014191 0.019043
1 0.515656 0.594188 0.014191 0.019043
1 0.579885 0.492564 0.014191 0.019043
1 0.644115 0.530479 0.014191 0.019043
1 0.708331 0.540598 0.014191 0.019043
1 0.772561 0.505060 0.014191 0.019043
1 0.836790 0.545726 0.014191 0.019043
1 0.901006 0.616513 0.014191 0.019043
1 0.965236 0.762410 0.014191 0.019043