4 0.091603 0.722500 0.014284 0.019102
4 0.217915 0.658364 0.014284 0.019102
4 0.344227 0.570076 0.014284 0.019102
4 0.470539 0.472720 0.014284 0.019102
4 0.596838 0.353076 0.014284 0.019102
4 0.723150 0.327466 0.014284 0.019102
4 0.849461 0.301144 0.014284 0.019102
4 0.975773 0.279958 0.014284 0.019102
7 0.091603 0.801110 0.014284 0.019102
7 0.238967 0.802703 0.014284 0.019102
7 0.386331 0.739466 0.014284 0.019102
7 0.533682 0.636314 0.014284 0.019102
7 0.681046 0.480890 0.014284 0.019102
7 0.828409 0.323703 0.014284 0.019102
7 0.975773 0.259195 0.014284 0.019102