1 0.123936 0.561504 0.021911 0.029402
1 0.176701 0.577829 0.021911 0.029402
1 0.229465 0.575436 0.021911 0.029402
1 0.282229 0.583709 0.021911 0.029402
1 0.334994 0.575419 0.021911 0.029402
1 0.387758 0.566120 0.021911 0.029402
1 0.440522 0.580513 0.021911 0.029402
1 0.493287 0.565880 0.021911 0.029402
1 0.546051 0.554410 0.021911 0.029402
1 0.598815 0.578188 0.021911 0.029402
1 0.651580 0.556530 0.021911 0.029402
1 0.704344 0.558889 0.021911 0.029402
1 0.757108 0.539863 0.021911 0.029402
1 0.809885 0.588667 0.021911 0.029402
1 0.862650 0.589026 0.021911 0.029402
1 0.915414 0.578872 0.021911 0.029402
1 0.968178 0.600718 0.021911 0.029402
0 0.123936 0.761316 0.021911 0.029402
0 0.208357 0.773179 0.021911 0.029402
0 0.292790 0.752769 0.021911 0.029402
0 0.377210 0.766000 0.021911 0.029402
0 0.461631 0.762171 0.021911 0.029402
0 0.546051 0.765966 0.021911 0.029402
0 0.630484 0.765778 0.021911 0.029402
0 0.714904 0.727932 0.021911 0.029402
0 0.799325 0.659299 0.021911 0.029402
0 0.883745 0.378051 0.021911 0.029402
0 0.968178 0.174735 0.021911 0.029402
6 0.123936 0.617282 0.021911 0.029402
6 0.188879 0.577350 0.021911 0.029402
6 0.253822 0.495590 0.021911 0.029402
6 0.318764 0.467162 0.021911 0.029402
6 0.383707 0.382923 0.021911 0.029402
6 0.448650 0.353795 0.021911 0.029402
6 0.513580 0.283692 0.021911 0.029402
6 0.578522 0.216838 0.021911 0.029402
6 0.643465 0.188120 0.021911 0.029402
6 0.708408 0.163231 0.021911 0.029402
6 0.773350 0.137436 0.021911 0.029402
6 0.838293 0.134906 0.021911 0.029402
6 0.903236 0.120530 0.021911 0.029402
6 0.968178 0.127470 0.021911 0.029402
4 0.123936 0.684222 0.021911 0.029402
4 0.200688 0.653744 0.021911 0.029402
4 0.277439 0.579812 0.021911 0.029402
4 0.354191 0.533966 0.021911 0.029402
4 0.430930 0.432513 0.021911 0.029402
4 0.507682 0.392615 0.021911 0.029402
4 0.584433 0.324838 0.021911 0.029402
4 0.661185 0.272940 0.021911 0.029402
4 0.737924 0.276376 0.021911 0.029402
4 0.814675 0.249897 0.021911 0.029402
4 0.891427 0.245487 0.021911 0.029402
4 0.968178 0.247385 0.021911 0.029402