7 0.098766 0.661127 0.015987 0.021407
7 0.166753 0.671907 0.015987 0.021407
7 0.234728 0.648280 0.015987 0.021407
7 0.302703 0.642110 0.015987 0.021407
7 0.370690 0.615466 0.015987 0.021407
7 0.438665 0.591212 0.015987 0.021407
7 0.506652 0.575805 0.015987 0.021407
7 0.574627 0.555754 0.015987 0.021407
7 0.642614 0.539500 0.015987 0.021407
7 0.710589 0.536025 0.015987 0.021407
7 0.778576 0.520178 0.015987 0.021407
7 0.846551 0.502686 0.015987 0.021407
7 0.914538 0.479246 0.015987 0.021407
7 0.982513 0.466602 0.015987 0.021407
0 0.098766 0.732093 0.015987 0.021407
0 0.196956 0.736059 0.015987 0.021407
0 0.295158 0.689619 0.015987 0.021407
0 0.393348 0.635178 0.015987 0.021407
0 0.491538 0.563466 0.015987 0.021407
0 0.589741 0.479297 0.015987 0.021407
0 0.687930 0.389551 0.015987 0.021407
0 0.786120 0.316958 0.015987 0.021407
0 0.884323 0.295619 0.015987 0.021407
0 0.982513 0.284195 0.015987 0.021407
4 0.098766 0.797008 0.015987 0.021407
4 0.246057 0.419314 0.015987 0.021407
4 0.393348 0.274907 0.015987 0.021407
4 0.540639 0.217331 0.015987 0.021407
4 0.687930 0.206398 0.015987 0.021407
4 0.835222 0.182924 0.015987 0.021407
4 0.982513 0.161975 0.015987 0.021407
6 0.098766 0.812958 0.015987 0.021407
6 0.166753 0.538331 0.015987 0.021407
6 0.234728 0.407975 0.015987 0.021407
6 0.302703 0.331178 0.015987 0.021407
6 0.370690 0.262331 0.015987 0.021407
6 0.438665 0.241839 0.015987 0.021407
6 0.506652 0.223466 0.015987 0.021407
6 0.574627 0.195059 0.015987 0.021407
6 0.642614 0.201076 0.015987 0.021407
6 0.710589 0.206280 0.015987 0.021407
6 0.778576 0.190246 0.015987 0.021407
6 0.846551 0.187415 0.015987 0.021407
6 0.914538 0.182890 0.015987 0.021407
6 0.982513 0.184263 0.015987 0.021407