2 0.115742 0.605511 0.015241 0.020460
2 0.186707 0.639685 0.015241 0.020460
2 0.257671 0.591235 0.015241 0.020460
2 0.328623 0.514438 0.015241 0.020460
2 0.399588 0.455733 0.015241 0.020460
2 0.470552 0.476329 0.015241 0.020460
2 0.541504 0.425307 0.015241 0.020460
2 0.612468 0.326312 0.015241 0.020460
2 0.683433 0.342853 0.015241 0.020460
2 0.754385 0.339566 0.015241 0.020460
2 0.825349 0.292342 0.015241 0.020460
2 0.896313 0.333688 0.015241 0.020460
2 0.967265 0.297147 0.015241 0.020460
6 0.115742 0.658220 0.015241 0.020460
6 0.186707 0.608935 0.015241 0.020460
6 0.257671 0.620843 0.015241 0.020460
6 0.328623 0.616141 0.015241 0.020460
6 0.399588 0.677777 0.015241 0.020460
6 0.470552 0.568782 0.015241 0.020460
6 0.541504 0.630571 0.015241 0.020460
6 0.612468 0.622683 0.015241 0.020460
6 0.683433 0.619838 0.015241 0.020460
6 0.754385 0.629378 0.015241 0.020460
6 0.825349 0.615681 0.015241 0.020460
6 0.896313 0.544012 0.015241 0.020460
6 0.967265 0.220026 0.015241 0.020460
4 0.115742 0.734148 0.015241 0.020460
4 0.193154 0.674540 0.015241 0.020460
4 0.270565 0.558509 0.015241 0.020460
4 0.347976 0.591099 0.015241 0.020460
4 0.425387 0.463194 0.015241 0.020460
4 0.502798 0.479702 0.015241 0.020460
4 0.580209 0.368918 0.015241 0.020460
4 0.657621 0.239106 0.015241 0.020460
4 0.735032 0.255085 0.015241 0.020460
4 0.812443 0.245920 0.015241 0.020460
4 0.889854 0.247743 0.015241 0.020460
4 0.967265 0.209957 0.015241 0.020460