3 0.082158 0.795178 0.010443 0.013983
3 0.171791 0.783314 0.010443 0.013983
3 0.261424 0.792568 0.010443 0.013983
3 0.351057 0.785331 0.010443 0.013983
3 0.440690 0.777178 0.010443 0.013983
3 0.530323 0.746449 0.010443 0.013983
3 0.619956 0.777703 0.010443 0.013983
3 0.709589 0.786161 0.010443 0.013983
3 0.799222 0.784585 0.010443 0.013983
3 0.888854 0.775381 0.010443 0.013983
3 0.978487 0.641263 0.010443 0.013983
1 0.082158 0.715669 0.010443 0.013983
1 0.261424 0.655669 0.010443 0.013983
1 0.440690 0.565466 0.010443 0.013983
1 0.619956 0.390076 0.010443 0.013983
1 0.799222 0.236415 0.010443 0.013983
1 0.978487 0.194890 0.010443 0.013983
0 0.082158 0.796025 0.010443 0.013983
0 0.141905 0.809347 0.010443 0.013983
0 0.201665 0.816483 0.010443 0.013983
0 0.261424 0.795381 0.010443 0.013983
0 0.321171 0.802958 0.010443 0.013983
0 0.380930 0.800839 0.010443 0.013983
0 0.440690 0.810669 0.010443 0.013983
0 0.500449 0.786246 0.010443 0.013983
0 0.560196 0.804941 0.010443 0.013983
0 0.619956 0.790568 0.010443 0.013983
0 0.679715 0.784229 0.010443 0.013983
0 0.739462 0.781110 0.010443 0.013983
0 0.799222 0.715856 0.010443 0.013983
0 0.858981 0.513653 0.010443 0.013983
0 0.918741 0.234534 0.010443 0.013983
0 0.978487 0.178568 0.010443 0.013983
7 0.082158 0.780873 0.010443 0.013983
7 0.156842 0.796195 0.010443 0.013983
7 0.231538 0.798500 0.010443 0.013983
7 0.306234 0.810195 0.010443 0.013983
7 0.380930 0.800432 0.010443 0.013983
7 0.455627 0.790008 0.010443 0.013983
7 0.530323 0.790347 0.010443 0.013983
7 0.605019 0.793161 0.010443 0.013983
7 0.679715 0.796873 0.010443 0.013983
7 0.754411 0.764517 0.010443 0.013983
7 0.829095 0.676229 0.010443 0.013983
7 0.903791 0.398347 0.010443 0.013983
7 0.978487 0.181161 0.010443 0.013983