3 0.087373 0.730975 0.011962 0.016017
3 0.176297 0.688483 0.011962 0.016017
3 0.265209 0.799432 0.011962 0.016017
3 0.354133 0.720347 0.011962 0.016017
3 0.443044 0.721941 0.011962 0.016017
3 0.531968 0.738042 0.011962 0.016017
3 0.620880 0.700703 0.011962 0.016017
3 0.709804 0.737025 0.011962 0.016017
3 0.798728 0.704568 0.011962 0.016017
3 0.887639 0.730771 0.011962 0.016017
3 0.976563 0.913771 0.011962 0.016017
5 0.087373 0.867398 0.011962 0.016017
5 0.214399 0.861059 0.011962 0.016017
5 0.341424 0.813653 0.011962 0.016017
5 0.468449 0.778551 0.011962 0.016017
5 0.595475 0.829297 0.011962 0.016017
5 0.722513 0.797297 0.011962 0.016017
5 0.849538 0.660958 0.011962 0.016017
5 0.976563 0.207178 0.011962 0.016017