7 0.101919 0.739864 0.014130 0.018912
7 0.198729 0.769116 0.014130 0.018912
7 0.295540 0.754184 0.014130 0.018912
7 0.392363 0.826837 0.014130 0.018912
7 0.489174 0.745595 0.014130 0.018912
7 0.585985 0.800969 0.014130 0.018912
7 0.682808 0.764286 0.014130 0.018912
7 0.779619 0.806276 0.014130 0.018912
7 0.876429 0.515969 0.014130 0.018912
7 0.973240 0.128622 0.014130 0.018912
3 0.101919 0.710782 0.014130 0.018912
3 0.198729 0.716173 0.014130 0.018912
3 0.295540 0.641003 0.014130 0.018912
3 0.392363 0.542381 0.014130 0.018912
3 0.489174 0.446224 0.014130 0.018912
3 0.585985 0.372874 0.014130 0.018912
3 0.682808 0.271344 0.014130 0.018912
3 0.779619 0.224745 0.014130 0.018912
3 0.876429 0.257058 0.014130 0.018912
3 0.973240 0.230476 0.014130 0.018912