0 0.134032 0.758453 0.020726 0.027812
0 0.252350 0.757855 0.020726 0.027812
0 0.370656 0.774915 0.020726 0.027812
0 0.488975 0.772419 0.020726 0.027812
0 0.607293 0.777085 0.020726 0.027812
0 0.725599 0.711205 0.020726 0.027812
0 0.843917 0.556641 0.020726 0.027812
0 0.962236 0.206145 0.020726 0.027812
3 0.134032 0.661342 0.020726 0.027812
3 0.226057 0.648299 0.020726 0.027812
3 0.318070 0.604590 0.020726 0.027812
3 0.410096 0.562709 0.020726 0.027812
3 0.502121 0.489068 0.020726 0.027812
3 0.594146 0.441718 0.020726 0.027812
3 0.686159 0.378197 0.020726 0.027812
3 0.778185 0.318573 0.020726 0.027812
3 0.870210 0.299479 0.020726 0.027812
3 0.962236 0.283120 0.020726 0.027812
5 0.134032 0.729171 0.020726 0.027812
5 0.203051 0.698504 0.020726 0.027812
5 0.272070 0.703120 0.020726 0.027812
5 0.341076 0.707410 0.020726 0.027812
5 0.410096 0.658026 0.020726 0.027812
5 0.479115 0.641940 0.020726 0.027812
5 0.548134 0.598060 0.020726 0.027812
5 0.617153 0.544265 0.020726 0.027812
5 0.686159 0.488915 0.020726 0.027812
5 0.755178 0.432863 0.020726 0.027812
5 0.824197 0.392658 0.020726 0.027812
5 0.893217 0.354521 0.020726 0.027812
5 0.962236 0.336658 0.020726 0.027812
7 0.134032 0.670880 0.020726 0.027812
7 0.272070 0.661359 0.020726 0.027812
7 0.410096 0.611222 0.020726 0.027812
7 0.548134 0.566385 0.020726 0.027812
7 0.686159 0.476368 0.020726 0.027812
7 0.824197 0.417479 0.020726 0.027812
7 0.962236 0.364966 0.020726 0.027812
4 0.134032 0.781718 0.020726 0.027812
4 0.216847 0.741957 0.020726 0.027812
4 0.299675 0.737376 0.020726 0.027812
4 0.382490 0.682846 0.020726 0.027812
4 0.465306 0.617137 0.020726 0.027812
4 0.548134 0.523803 0.020726 0.027812
4 0.630949 0.416761 0.020726 0.027812
4 0.713777 0.345889 0.020726 0.027812
4 0.796592 0.284795 0.020726 0.027812
4 0.879408 0.268128 0.020726 0.027812
4 0.962236 0.251462 0.020726 0.027812