2 0.093709 0.785627 0.013873 0.018576
2 0.271468 0.311831 0.013873 0.018576
2 0.449228 0.207203 0.013873 0.018576
2 0.626987 0.139458 0.013873 0.018576
2 0.804747 0.150949 0.013873 0.018576
2 0.982519 0.163831 0.013873 0.018576
0 0.093709 0.788797 0.013873 0.018576
0 0.220671 0.397559 0.013873 0.018576
0 0.347646 0.271390 0.013873 0.018576
0 0.474620 0.191458 0.013873 0.018576
0 0.601595 0.181915 0.013873 0.018576
0 0.728570 0.156000 0.013873 0.018576
0 0.855544 0.158390 0.013873 0.018576
0 0.982519 0.162339 0.013873 0.018576
1 0.093709 0.796000 0.013873 0.018576
1 0.220671 0.525136 0.013873 0.018576
1 0.347646 0.399797 0.013873 0.018576
1 0.474620 0.300661 0.013873 0.018576
1 0.601595 0.239627 0.013873 0.018576
1 0.728570 0.206458 0.013873 0.018576
1 0.855544 0.162508 0.013873 0.018576
1 0.982519 0.154000 0.013873 0.018576