1 0.130306 0.594462 0.018395 0.024684
1 0.183223 0.676974 0.018395 0.024684
1 0.236140 0.624205 0.018395 0.024684
1 0.289070 0.592427 0.018395 0.024684
1 0.341987 0.658479 0.018395 0.024684
1 0.394904 0.694667 0.018395 0.024684
1 0.447822 0.680701 0.018395 0.024684
1 0.500739 0.673282 0.018395 0.024684
1 0.553656 0.614957 0.018395 0.024684
1 0.606573 0.644889 0.018395 0.024684
1 0.659490 0.691744 0.018395 0.024684
1 0.712408 0.764718 0.018395 0.024684
1 0.765325 0.616274 0.018395 0.024684
1 0.818242 0.742598 0.018395 0.024684
1 0.871159 0.680000 0.018395 0.024684
1 0.924076 0.726427 0.018395 0.024684
1 0.976994 0.657846 0.018395 0.024684
3 0.130306 0.756427 0.018395 0.024684
3 0.214981 0.533846 0.018395 0.024684
3 0.299643 0.450581 0.018395 0.024684
3 0.384318 0.402308 0.018395 0.024684
3 0.468981 0.308513 0.018395 0.024684
3 0.553656 0.209368 0.018395 0.024684
3 0.638318 0.244188 0.018395 0.024684
3 0.722994 0.194068 0.018395 0.024684
3 0.807656 0.199778 0.018395 0.024684
3 0.892331 0.222803 0.018395 0.024684
3 0.976994 0.194632 0.018395 0.024684
5 0.130306 0.825932 0.018395 0.024684
5 0.207287 0.800855 0.018395 0.024684
5 0.284255 0.825368 0.018395 0.024684
5 0.361223 0.883060 0.018395 0.024684
5 0.438191 0.883060 0.018395 0.024684
5 0.515172 0.851350 0.018395 0.024684
5 0.592140 0.883060 0.018395 0.024684
5 0.669108 0.883060 0.018395 0.024684
5 0.746076 0.871983 0.018395 0.024684
5 0.823057 0.883060 0.018395 0.024684
5 0.900025 0.883060 0.018395 0.024684
5 0.976994 0.883060 0.018395 0.024684
7 0.130306 0.790222 0.018395 0.024684
7 0.207287 0.483316 0.018395 0.024684
7 0.284255 0.346974 0.018395 0.024684
7 0.361223 0.233197 0.018395 0.024684
7 0.438191 0.231778 0.018395 0.024684
7 0.515172 0.181812 0.018395 0.024684
7 0.592140 0.240000 0.018395 0.024684
7 0.669108 0.252906 0.018395 0.024684
7 0.746076 0.208171 0.018395 0.024684
7 0.823057 0.144872 0.018395 0.024684
7 0.900025 0.185487 0.018395 0.024684
7 0.976994 0.184803 0.018395 0.024684
2 0.130306 0.746650 0.018395 0.024684
2 0.186752 0.596376 0.018395 0.024684
2 0.243197 0.481111 0.018395 0.024684
2 0.299643 0.408718 0.018395 0.024684
2 0.356089 0.380632 0.018395 0.024684
2 0.412535 0.303949 0.018395 0.024684
2 0.468981 0.262667 0.018395 0.024684
2 0.525427 0.273333 0.018395 0.024684
2 0.581873 0.208530 0.018395 0.024684
2 0.638318 0.258889 0.018395 0.024684
2 0.694764 0.189385 0.018395 0.024684
2 0.751210 0.131487 0.018395 0.024684
2 0.807656 0.138991 0.018395 0.024684
2 0.864102 0.189060 0.018395 0.024684
2 0.920548 0.208120 0.018395 0.024684
2 0.976994 0.171282 0.018395 0.024684
6 0.130306 0.576769 0.018395 0.024684
6 0.180115 0.555949 0.018395 0.024684
6 0.229924 0.603111 0.018395 0.024684
6 0.279720 0.575385 0.018395 0.024684
6 0.329529 0.564496 0.018395 0.024684
6 0.379338 0.614239 0.018395 0.024684
6 0.429134 0.552256 0.018395 0.024684
6 0.478943 0.526581 0.018395 0.024684
6 0.528752 0.572632 0.018395 0.024684
6 0.578561 0.465880 0.018395 0.024684
6 0.628357 0.491880 0.018395 0.024684
6 0.678166 0.451043 0.018395 0.024684
6 0.727975 0.511333 0.018395 0.024684
6 0.777771 0.457026 0.018395 0.024684
6 0.827580 0.508957 0.018395 0.024684
6 0.877389 0.452051 0.018395 0.024684
6 0.927185 0.381179 0.018395 0.024684
6 0.976994 0.418085 0.018395 0.024684