1 0.142414 0.693000 0.019503 0.026171
1 0.233153 0.709444 0.019503 0.026171
1 0.323904 0.689205 0.019503 0.026171
1 0.414656 0.739855 0.019503 0.026171
1 0.505408 0.870744 0.019503 0.026171
1 0.596146 0.784026 0.019503 0.026171
1 0.686898 0.864966 0.019503 0.026171
1 0.777650 0.669872 0.019503 0.026171
1 0.868401 0.395735 0.019503 0.026171
1 0.959140 0.176624 0.019503 0.026171
6 0.142414 0.599991 0.019503 0.026171
6 0.205229 0.530641 0.019503 0.026171
6 0.268057 0.685342 0.019503 0.026171
6 0.330885 0.606282 0.019503 0.026171
6 0.393713 0.565855 0.019503 0.026171
6 0.456541 0.508299 0.019503 0.026171
6 0.519369 0.357103 0.019503 0.026171
6 0.582185 0.385581 0.019503 0.026171
6 0.645013 0.388094 0.019503 0.026171
6 0.707841 0.221769 0.019503 0.026171
6 0.770669 0.372983 0.019503 0.026171
6 0.833497 0.294128 0.019503 0.026171
6 0.896325 0.311872 0.019503 0.026171
6 0.959140 0.237667 0.019503 0.026171
7 0.142414 0.672692 0.019503 0.026171
7 0.216656 0.607718 0.019503 0.026171
7 0.290911 0.583239 0.019503 0.026171
7 0.365153 0.599274 0.019503 0.026171
7 0.439408 0.595718 0.019503 0.026171
7 0.513650 0.426111 0.019503 0.026171
7 0.587904 0.309872 0.019503 0.026171
7 0.662146 0.320436 0.019503 0.026171
7 0.736401 0.280385 0.019503 0.026171
7 0.810643 0.259376 0.019503 0.026171
7 0.884898 0.249684 0.019503 0.026171
7 0.959140 0.052128 0.019503 0.026171
0 0.142414 0.870744 0.019503 0.026171
0 0.210465 0.686060 0.019503 0.026171
0 0.278529 0.748658 0.019503 0.026171
0 0.346592 0.658915 0.019503 0.026171
0 0.414656 0.780094 0.019503 0.026171
0 0.482720 0.824829 0.019503 0.026171
0 0.550771 0.716726 0.019503 0.026171
0 0.618834 0.753034 0.019503 0.026171
0 0.686898 0.742692 0.019503 0.026171
0 0.754962 0.870744 0.019503 0.026171
0 0.823025 0.725239 0.019503 0.026171
0 0.891089 0.841085 0.019503 0.026171
0 0.959140 0.870744 0.019503 0.026171
3 0.142414 0.667667 0.019503 0.026171
3 0.216656 0.752316 0.019503 0.026171
3 0.290911 0.703120 0.019503 0.026171
3 0.365153 0.625701 0.019503 0.026171
3 0.439408 0.770949 0.019503 0.026171
3 0.513650 0.717342 0.019503 0.026171
3 0.587904 0.695103 0.019503 0.026171
3 0.662146 0.596709 0.019503 0.026171
3 0.736401 0.677017 0.019503 0.026171
3 0.810643 0.576026 0.019503 0.026171
3 0.884898 0.676214 0.019503 0.026171
3 0.959140 0.870744 0.019503 0.026171