0 0.112570 0.663399 0.013617 0.018279
0 0.208991 0.588015 0.013617 0.018279
0 0.305412 0.529974 0.013617 0.018279
0 0.401821 0.523756 0.013617 0.018279
0 0.498242 0.347845 0.013617 0.018279
0 0.594664 0.250605 0.013617 0.018279
0 0.691072 0.295153 0.013617 0.018279
0 0.787494 0.198731 0.013617 0.018279
0 0.883915 0.226942 0.013617 0.018279
0 0.980336 0.243501 0.013617 0.018279
4 0.112570 0.818765 0.013617 0.018279
4 0.199346 0.381065 0.013617 0.018279
4 0.286123 0.314727 0.013617 0.018279
4 0.372900 0.216635 0.013617 0.018279
4 0.459676 0.226397 0.013617 0.018279
4 0.546453 0.173501 0.013617 0.018279
4 0.633230 0.177896 0.013617 0.018279
4 0.720006 0.166857 0.013617 0.018279
4 0.806783 0.087743 0.013617 0.018279
4 0.893560 0.167436 0.013617 0.018279
4 0.980336 0.129140 0.013617 0.018279
7 0.112570 0.717112 0.013617 0.018279
7 0.208991 0.660520 0.013617 0.018279
7 0.305412 0.744012 0.013617 0.018279
7 0.401821 0.614932 0.013617 0.018279
7 0.498242 0.674046 0.013617 0.018279
7 0.594664 0.545562 0.013617 0.018279
7 0.691072 0.402189 0.013617 0.018279
7 0.787494 0.357317 0.013617 0.018279
7 0.883915 0.355750 0.013617 0.018279
7 0.980336 0.297078 0.013617 0.018279
5 0.112570 0.638066 0.013617 0.018279
5 0.208991 0.545801 0.013617 0.018279
5 0.305412 0.551559 0.013617 0.018279
5 0.401821 0.522479 0.013617 0.018279
5 0.498242 0.513262 0.013617 0.018279
5 0.594664 0.403671 0.013617 0.018279
5 0.691072 0.395051 0.013617 0.018279
5 0.787494 0.310486 0.013617 0.018279
5 0.883915 0.368799 0.013617 0.018279
5 0.980336 0.260911 0.013617 0.018279