7 0.087380 0.624831 0.014759 0.019763
7 0.265215 0.527322 0.014759 0.019763
7 0.443051 0.686949 0.014759 0.019763
7 0.620886 0.617186 0.014759 0.019763
7 0.798722 0.611254 0.014759 0.019763
7 0.976557 0.080034 0.014759 0.019763
3 0.087380 0.782271 0.014759 0.019763
3 0.139684 0.727203 0.014759 0.019763
3 0.191987 0.710492 0.014759 0.019763
3 0.244291 0.647034 0.014759 0.019763
3 0.296595 0.685017 0.014759 0.019763
3 0.348899 0.615119 0.014759 0.019763
3 0.401203 0.570831 0.014759 0.019763
3 0.453506 0.456780 0.014759 0.019763
3 0.505810 0.425915 0.014759 0.019763
3 0.558114 0.423475 0.014759 0.019763
3 0.610418 0.391203 0.014759 0.019763
3 0.662722 0.338661 0.014759 0.019763
3 0.715038 0.289153 0.014759 0.019763
3 0.767342 0.262356 0.014759 0.019763
3 0.819646 0.274610 0.014759 0.019763
3 0.871949 0.316661 0.014759 0.019763
3 0.924253 0.266051 0.014759 0.019763
3 0.976557 0.319288 0.014759 0.019763
6 0.087380 0.801915 0.014759 0.019763
6 0.146658 0.759305 0.014759 0.019763
6 0.205937 0.849220 0.014759 0.019763
6 0.265215 0.735119 0.014759 0.019763
6 0.324494 0.773034 0.014759 0.019763
6 0.383772 0.754186 0.014759 0.019763
6 0.443051 0.779881 0.014759 0.019763
6 0.502329 0.801881 0.014759 0.019763
6 0.561608 0.773254 0.014759 0.019763
6 0.620886 0.827915 0.014759 0.019763
6 0.680165 0.795034 0.014759 0.019763
6 0.739443 0.850000 0.014759 0.019763
6 0.798722 0.736881 0.014759 0.019763
6 0.858000 0.706203 0.014759 0.019763
6 0.917278 0.525780 0.014759 0.019763
6 0.976557 0.279746 0.014759 0.019763
1 0.087380 0.809102 0.014759 0.019763
1 0.214405 0.730814 0.014759 0.019763
1 0.341430 0.798814 0.014759 0.019763
1 0.468456 0.745559 0.014759 0.019763
1 0.595481 0.816831 0.014759 0.019763
1 0.722506 0.824051 0.014759 0.019763
1 0.849532 0.772322 0.014759 0.019763
1 0.976557 0.192085 0.014759 0.019763