6 0.106372 0.784506 0.011245 0.015077
6 0.192827 0.814983 0.011245 0.015077
6 0.279269 0.770281 0.011245 0.015077
6 0.365724 0.783467 0.011245 0.015077
6 0.452179 0.842274 0.011245 0.015077
6 0.538634 0.771474 0.011245 0.015077
6 0.625089 0.796431 0.011245 0.015077
6 0.711544 0.703041 0.011245 0.015077
6 0.797999 0.731729 0.011245 0.015077
6 0.884454 0.374080 0.011245 0.015077
6 0.970909 0.215375 0.011245 0.015077
3 0.106372 0.798271 0.011245 0.015077
3 0.202433 0.819566 0.011245 0.015077
3 0.298482 0.757606 0.011245 0.015077
3 0.394543 0.785221 0.011245 0.015077
3 0.490604 0.740554 0.011245 0.015077
3 0.586665 0.749957 0.011245 0.015077
3 0.682726 0.774796 0.011245 0.015077
3 0.778787 0.775852 0.011245 0.015077
3 0.874848 0.530911 0.011245 0.015077
3 0.970909 0.198833 0.011245 0.015077
2 0.106372 0.797266 0.011245 0.015077
2 0.202433 0.749463 0.011245 0.015077
2 0.298482 0.812649 0.011245 0.015077
2 0.394543 0.799617 0.011245 0.015077
2 0.490604 0.788083 0.011245 0.015077
2 0.586665 0.788952 0.011245 0.015077
2 0.682726 0.791865 0.011245 0.015077
2 0.778787 0.807300 0.011245 0.015077
2 0.874848 0.569055 0.011245 0.015077
2 0.970909 0.202019 0.011245 0.015077
1 0.106372 0.772956 0.011245 0.015077
1 0.168126 0.758390 0.011245 0.015077
1 0.229867 0.780690 0.011245 0.015077
1 0.291620 0.853092 0.011245 0.015077
1 0.353374 0.821491 0.011245 0.015077
1 0.415127 0.779395 0.011245 0.015077
1 0.476881 0.792888 0.011245 0.015077
1 0.538634 0.703944 0.011245 0.015077
1 0.600388 0.798901 0.011245 0.015077
1 0.662141 0.783348 0.011245 0.015077
1 0.723895 0.765068 0.011245 0.015077
1 0.785648 0.828169 0.011245 0.015077
1 0.847402 0.753739 0.011245 0.015077
1 0.909155 0.676891 0.011245 0.015077
1 0.970909 0.508237 0.011245 0.015077
5 0.106372 0.825903 0.011245 0.015077
5 0.178418 0.760877 0.011245 0.015077
5 0.250451 0.831150 0.011245 0.015077
5 0.322497 0.783177 0.011245 0.015077
5 0.394543 0.767641 0.011245 0.015077
5 0.466588 0.789242 0.011245 0.015077
5 0.538634 0.807504 0.011245 0.015077
5 0.610680 0.786397 0.011245 0.015077
5 0.682726 0.824523 0.011245 0.015077
5 0.754771 0.727061 0.011245 0.015077
5 0.826817 0.680366 0.011245 0.015077
5 0.898863 0.510486 0.011245 0.015077
5 0.970909 0.217419 0.011245 0.015077