0 0.094144 0.577271 0.014728 0.019695
0 0.182307 0.654068 0.014728 0.019695
0 0.270469 0.525932 0.014728 0.019695
0 0.358631 0.586356 0.014728 0.019695
0 0.446793 0.545644 0.014728 0.019695
0 0.534956 0.530881 0.014728 0.019695
0 0.623118 0.602678 0.014728 0.019695
0 0.711280 0.487678 0.014728 0.019695
0 0.799442 0.508932 0.014728 0.019695
0 0.887605 0.605932 0.014728 0.019695
0 0.975767 0.903763 0.014728 0.019695
6 0.094144 0.669169 0.014728 0.019695
6 0.174284 0.762525 0.014728 0.019695
6 0.254436 0.810695 0.014728 0.019695
6 0.334588 0.683576 0.014728 0.019695
6 0.414728 0.733102 0.014728 0.019695
6 0.494880 0.753220 0.014728 0.019695
6 0.575032 0.698949 0.014728 0.019695
6 0.655171 0.769610 0.014728 0.019695
6 0.735323 0.708254 0.014728 0.019695
6 0.815475 0.744492 0.014728 0.019695
6 0.895615 0.726288 0.014728 0.019695
6 0.975767 0.196085 0.014728 0.019695
1 0.094144 0.822322 0.014728 0.019695
1 0.192104 0.727881 0.014728 0.019695
1 0.290063 0.726220 0.014728 0.019695
1 0.388010 0.739864 0.014728 0.019695
1 0.485970 0.742237 0.014728 0.019695
1 0.583929 0.728831 0.014728 0.019695
1 0.681888 0.802102 0.014728 0.019695
1 0.779848 0.784831 0.014728 0.019695
1 0.877807 0.767831 0.014728 0.019695
1 0.975767 0.910373 0.014728 0.019695
5 0.094144 0.754441 0.014728 0.019695
5 0.167605 0.747034 0.014728 0.019695
5 0.241077 0.687932 0.014728 0.019695
5 0.314550 0.679661 0.014728 0.019695
5 0.388010 0.736780 0.014728 0.019695
5 0.461483 0.702119 0.014728 0.019695
5 0.534956 0.742678 0.014728 0.019695
5 0.608428 0.810339 0.014728 0.019695
5 0.681888 0.723220 0.014728 0.019695
5 0.755361 0.688220 0.014728 0.019695
5 0.828834 0.705220 0.014728 0.019695
5 0.902294 0.778237 0.014728 0.019695
5 0.975767 0.910373 0.014728 0.019695
2 0.094144 0.816915 0.014728 0.019695
2 0.167605 0.778729 0.014728 0.019695
2 0.241077 0.723508 0.014728 0.019695
2 0.314550 0.756881 0.014728 0.019695
2 0.388010 0.801407 0.014728 0.019695
2 0.461483 0.810186 0.014728 0.019695
2 0.534956 0.816254 0.014728 0.019695
2 0.608428 0.760458 0.014728 0.019695
2 0.681888 0.815305 0.014728 0.019695
2 0.755361 0.759695 0.014728 0.019695
2 0.828834 0.606305 0.014728 0.019695
2 0.902294 0.320424 0.014728 0.019695
2 0.975767 0.191119 0.014728 0.019695