1 0.089075 0.702593 0.015995 0.021390
1 0.141229 0.661085 0.015995 0.021390
1 0.193397 0.686712 0.015995 0.021390
1 0.245551 0.695881 0.015995 0.021390
1 0.297706 0.635864 0.015995 0.021390
1 0.349873 0.630881 0.015995 0.021390
1 0.402028 0.553017 0.015995 0.021390
1 0.454183 0.565034 0.015995 0.021390
1 0.506350 0.523949 0.015995 0.021390
1 0.558504 0.538661 0.015995 0.021390
1 0.610659 0.415288 0.015995 0.021390
1 0.662826 0.400814 0.015995 0.021390
1 0.714981 0.332051 0.015995 0.021390
1 0.767136 0.288508 0.015995 0.021390
1 0.819290 0.272136 0.015995 0.021390
1 0.871458 0.202169 0.015995 0.021390
1 0.923612 0.144508 0.015995 0.021390
1 0.975767 0.162237 0.015995 0.021390
0 0.089075 0.546881 0.015995 0.021390
0 0.162966 0.576610 0.015995 0.021390
0 0.236857 0.543492 0.015995 0.021390
0 0.310748 0.573119 0.015995 0.021390
0 0.384639 0.552424 0.015995 0.021390
0 0.458530 0.566458 0.015995 0.021390
0 0.532421 0.588576 0.015995 0.021390
0 0.606312 0.555017 0.015995 0.021390
0 0.680203 0.586847 0.015995 0.021390
0 0.754094 0.583593 0.015995 0.021390
0 0.827985 0.545119 0.015995 0.021390
0 0.901876 0.545407 0.015995 0.021390
0 0.975767 0.451542 0.015995 0.021390
4 0.089075 0.497441 0.015995 0.021390
4 0.141229 0.532678 0.015995 0.021390
4 0.193397 0.482017 0.015995 0.021390
4 0.245551 0.511525 0.015995 0.021390
4 0.297706 0.610390 0.015995 0.021390
4 0.349873 0.646508 0.015995 0.021390
4 0.402028 0.603712 0.015995 0.021390
4 0.454183 0.572237 0.015995 0.021390
4 0.506350 0.567847 0.015995 0.021390
4 0.558504 0.622068 0.015995 0.021390
4 0.610659 0.579356 0.015995 0.021390
4 0.662826 0.541508 0.015995 0.021390
4 0.714981 0.557136 0.015995 0.021390
4 0.767136 0.515525 0.015995 0.021390
4 0.819290 0.584017 0.015995 0.021390
4 0.871458 0.500356 0.015995 0.021390
4 0.923612 0.379458 0.015995 0.021390
4 0.975767 0.043220 0.015995 0.021390
2 0.089075 0.815390 0.015995 0.021390
2 0.162966 0.822390 0.015995 0.021390
2 0.236857 0.846356 0.015995 0.021390
2 0.310748 0.767576 0.015995 0.021390
2 0.384639 0.799153 0.015995 0.021390
2 0.458530 0.791610 0.015995 0.021390
2 0.532421 0.783492 0.015995 0.021390
2 0.606312 0.748017 0.015995 0.021390
2 0.680203 0.764288 0.015995 0.021390
2 0.754094 0.760017 0.015995 0.021390
2 0.827985 0.678678 0.015995 0.021390
2 0.901876 0.493475 0.015995 0.021390
2 0.975767 0.203644 0.015995 0.021390