7 0.093703 0.820856 0.010443 0.013983
7 0.191361 0.792686 0.010443 0.013983
7 0.289019 0.804059 0.010443 0.013983
7 0.386665 0.810619 0.010443 0.013983
7 0.484323 0.794093 0.010443 0.013983
7 0.581968 0.813551 0.010443 0.013983
7 0.679627 0.821483 0.010443 0.013983
7 0.777285 0.827941 0.010443 0.013983
7 0.874930 0.836025 0.010443 0.013983
7 0.972589 0.912076 0.010443 0.013983
1 0.093703 0.793839 0.010443 0.013983
1 0.152297 0.789788 0.010443 0.013983
1 0.210892 0.775110 0.010443 0.013983
1 0.269487 0.780890 0.010443 0.013983
1 0.328070 0.800229 0.010443 0.013983
1 0.386665 0.758839 0.010443 0.013983
1 0.445259 0.806381 0.010443 0.013983
1 0.503854 0.791788 0.010443 0.013983
1 0.562449 0.765975 0.010443 0.013983
1 0.621032 0.772432 0.010443 0.013983
1 0.679627 0.800856 0.010443 0.013983
1 0.738222 0.777042 0.010443 0.013983
1 0.796816 0.687466 0.010443 0.013983
1 0.855399 0.546449 0.010443 0.013983
1 0.913994 0.248364 0.010443 0.013983
1 0.972589 0.173856 0.010443 0.013983
6 0.093703 0.778025 0.010443 0.013983
6 0.173601 0.795212 0.010443 0.013983
6 0.253500 0.784534 0.010443 0.013983
6 0.333399 0.786856 0.010443 0.013983
6 0.413297 0.774229 0.010443 0.013983
6 0.493196 0.788364 0.010443 0.013983
6 0.573095 0.777958 0.010443 0.013983
6 0.652994 0.798636 0.010443 0.013983
6 0.732892 0.770856 0.010443 0.013983
6 0.812791 0.708924 0.010443 0.013983
6 0.892690 0.448364 0.010443 0.013983
6 0.972589 0.165653 0.010443 0.013983
5 0.093703 0.787602 0.010443 0.013983
5 0.219259 0.782246 0.010443 0.013983
5 0.344816 0.788280 0.010443 0.013983
5 0.470373 0.779754 0.010443 0.013983
5 0.595930 0.777042 0.010443 0.013983
5 0.721475 0.742161 0.010443 0.013983
5 0.847032 0.577754 0.010443 0.013983
5 0.972589 0.166280 0.010443 0.013983