3 0.136363 0.660026 0.022025 0.029556
3 0.199892 0.632538 0.022025 0.029556
3 0.263420 0.595496 0.022025 0.029556
3 0.326949 0.550521 0.022025 0.029556
3 0.390478 0.500538 0.022025 0.029556
3 0.454006 0.442214 0.022025 0.029556
3 0.517535 0.380368 0.022025 0.029556
3 0.581064 0.363564 0.022025 0.029556
3 0.644592 0.309410 0.022025 0.029556
3 0.708121 0.262778 0.022025 0.029556
3 0.771650 0.264744 0.022025 0.029556
3 0.835178 0.255769 0.022025 0.029556
3 0.898707 0.253410 0.022025 0.029556
3 0.962236 0.234812 0.022025 0.029556
1 0.136363 0.763872 0.022025 0.029556
1 0.254338 0.766709 0.022025 0.029556
1 0.372325 0.791393 0.022025 0.029556
1 0.490299 0.782453 0.022025 0.029556
1 0.608287 0.746231 0.022025 0.029556
1 0.726274 0.787376 0.022025 0.029556
1 0.844248 0.751359 0.022025 0.029556
1 0.962236 0.570590 0.022025 0.029556
6 0.136363 0.785991 0.022025 0.029556
6 0.218949 0.751393 0.022025 0.029556
6 0.301535 0.788453 0.022025 0.029556
6 0.384121 0.791205 0.022025 0.029556
6 0.466707 0.755410 0.022025 0.029556
6 0.549293 0.771940 0.022025 0.029556
6 0.631879 0.774504 0.022025 0.029556
6 0.714465 0.773393 0.022025 0.029556
6 0.797051 0.715393 0.022025 0.029556
6 0.879650 0.485462 0.022025 0.029556
6 0.962236 0.209017 0.022025 0.029556
0 0.136363 0.554709 0.022025 0.029556
0 0.239599 0.556863 0.022025 0.029556
0 0.342822 0.555085 0.022025 0.029556
0 0.446057 0.559530 0.022025 0.029556
0 0.549293 0.557034 0.022025 0.029556
0 0.652529 0.581479 0.022025 0.029556
0 0.755764 0.556282 0.022025 0.029556
0 0.859000 0.579598 0.022025 0.029556
0 0.962236 0.837564 0.022025 0.029556
2 0.136363 0.718521 0.022025 0.029556
2 0.191420 0.708778 0.022025 0.029556
2 0.246478 0.677786 0.022025 0.029556
2 0.301535 0.660966 0.022025 0.029556
2 0.356592 0.628829 0.022025 0.029556
2 0.411650 0.581274 0.022025 0.029556
2 0.466707 0.565171 0.022025 0.029556
2 0.521764 0.492726 0.022025 0.029556
2 0.576822 0.464573 0.022025 0.029556
2 0.631879 0.443034 0.022025 0.029556
2 0.686936 0.401769 0.022025 0.029556
2 0.741994 0.347872 0.022025 0.029556
2 0.797051 0.366915 0.022025 0.029556
2 0.852121 0.330402 0.022025 0.029556
2 0.907178 0.338573 0.022025 0.029556
2 0.962236 0.345701 0.022025 0.029556