2 0.111442 0.560145 0.015616 0.020937
2 0.189574 0.599838 0.015616 0.020937
2 0.267706 0.495068 0.015616 0.020937
2 0.345839 0.593910 0.015616 0.020937
2 0.423971 0.583075 0.015616 0.020937
2 0.502116 0.578032 0.015616 0.020937
2 0.580248 0.554932 0.015616 0.020937
2 0.658380 0.573876 0.015616 0.020937
2 0.736512 0.605341 0.015616 0.020937
2 0.814644 0.545835 0.015616 0.020937
2 0.892776 0.611065 0.015616 0.020937
2 0.970909 0.458560 0.015616 0.020937
3 0.111442 0.699514 0.015616 0.020937
3 0.218875 0.715239 0.015616 0.020937
3 0.326309 0.672172 0.015616 0.020937
3 0.433742 0.633501 0.015616 0.020937
3 0.541175 0.705988 0.015616 0.020937
3 0.648609 0.731184 0.015616 0.020937
3 0.756042 0.635920 0.015616 0.020937
3 0.863475 0.687964 0.015616 0.020937
3 0.970909 0.477675 0.015616 0.020937
0 0.111442 0.746823 0.015616 0.020937
0 0.234225 0.678049 0.015616 0.020937
0 0.357008 0.693603 0.015616 0.020937
0 0.479790 0.616584 0.015616 0.020937
0 0.602560 0.586158 0.015616 0.020937
0 0.725343 0.382785 0.015616 0.020937
0 0.848126 0.353569 0.015616 0.020937
0 0.970909 0.350196 0.015616 0.020937
4 0.111442 0.522564 0.015616 0.020937
4 0.183069 0.510724 0.015616 0.020937
4 0.254695 0.530043 0.015616 0.020937
4 0.326309 0.570298 0.015616 0.020937
4 0.397935 0.551201 0.015616 0.020937
4 0.469549 0.511099 0.015616 0.020937
4 0.541175 0.582973 0.015616 0.020937
4 0.612802 0.526022 0.015616 0.020937
4 0.684416 0.499293 0.015616 0.020937
4 0.756042 0.569566 0.015616 0.020937
4 0.827668 0.554165 0.015616 0.020937
4 0.899282 0.646499 0.015616 0.020937
4 0.970909 0.817368 0.015616 0.020937