1 0.102078 0.707879 0.015235 0.020426
1 0.181493 0.613245 0.015235 0.020426
1 0.260921 0.538492 0.015235 0.020426
1 0.340337 0.536175 0.015235 0.020426
1 0.419765 0.355801 0.015235 0.020426
1 0.499180 0.310179 0.015235 0.020426
1 0.578596 0.274540 0.015235 0.020426
1 0.658024 0.158901 0.015235 0.020426
1 0.737440 0.129072 0.015235 0.020426
1 0.816868 0.097249 0.015235 0.020426
1 0.896283 0.229242 0.015235 0.020426
1 0.975712 0.124046 0.015235 0.020426
0 0.102078 0.684302 0.015235 0.020426
0 0.276804 0.630707 0.015235 0.020426
0 0.451531 0.558560 0.015235 0.020426
0 0.626258 0.472138 0.015235 0.020426
0 0.800985 0.359753 0.015235 0.020426
0 0.975712 0.236891 0.015235 0.020426
5 0.102078 0.668850 0.015235 0.020426
5 0.226881 0.681525 0.015235 0.020426
5 0.351684 0.564915 0.015235 0.020426
5 0.476487 0.488015 0.015235 0.020426
5 0.601290 0.328867 0.015235 0.020426
5 0.726093 0.318560 0.015235 0.020426
5 0.850909 0.283041 0.015235 0.020426
5 0.975712 0.264761 0.015235 0.020426
7 0.102078 0.740111 0.015235 0.020426
7 0.211277 0.783279 0.015235 0.020426
7 0.320476 0.763807 0.015235 0.020426
7 0.429689 0.791593 0.015235 0.020426
7 0.538888 0.713279 0.015235 0.020426
7 0.648100 0.723262 0.015235 0.020426
7 0.757300 0.753910 0.015235 0.020426
7 0.866499 0.749072 0.015235 0.020426
7 0.975712 0.565954 0.015235 0.020426