6 0.146236 0.721359 0.022841 0.030650
6 0.308809 0.682470 0.022841 0.030650
6 0.471395 0.403667 0.022841 0.030650
6 0.633981 0.313923 0.022841 0.030650
6 0.796567 0.243017 0.022841 0.030650
6 0.959140 0.190778 0.022841 0.030650
4 0.146236 0.691530 0.022841 0.030650
4 0.281713 0.685239 0.022841 0.030650
4 0.417204 0.618385 0.022841 0.030650
4 0.552694 0.667376 0.022841 0.030650
4 0.688172 0.676333 0.022841 0.030650
4 0.823662 0.651803 0.022841 0.030650
4 0.959140 0.837513 0.022841 0.030650
7 0.146236 0.510385 0.022841 0.030650
7 0.208758 0.557034 0.022841 0.030650
7 0.271293 0.535085 0.022841 0.030650
7 0.333828 0.539940 0.022841 0.030650
7 0.396363 0.570658 0.022841 0.030650
7 0.458885 0.508077 0.022841 0.030650
7 0.521420 0.550778 0.022841 0.030650
7 0.583955 0.449821 0.022841 0.030650
7 0.646490 0.507171 0.022841 0.030650
7 0.709013 0.459872 0.022841 0.030650
7 0.771548 0.474607 0.022841 0.030650
7 0.834083 0.502077 0.022841 0.030650
7 0.896618 0.466966 0.022841 0.030650
7 0.959140 0.160504 0.022841 0.030650
5 0.146236 0.774607 0.022841 0.030650
5 0.262363 0.721667 0.022841 0.030650
5 0.378490 0.768590 0.022841 0.030650
5 0.494618 0.779000 0.022841 0.030650
5 0.610758 0.824624 0.022841 0.030650
5 0.726885 0.759598 0.022841 0.030650
5 0.843013 0.585291 0.022841 0.030650
5 0.959140 0.175427 0.022841 0.030650