1 0.122662 0.749145 0.015185 0.020376
1 0.216611 0.710581 0.015185 0.020376
1 0.310561 0.761111 0.015185 0.020376
1 0.404510 0.811145 0.015185 0.020376
1 0.498446 0.827470 0.015185 0.020376
1 0.592395 0.690752 0.015185 0.020376
1 0.686344 0.741966 0.015185 0.020376
1 0.780280 0.641658 0.015185 0.020376
1 0.874229 0.438103 0.015185 0.020376
1 0.968178 0.162034 0.015185 0.020376
0 0.122662 0.737060 0.015185 0.020376
0 0.216611 0.843761 0.015185 0.020376
0 0.310561 0.645709 0.015185 0.020376
0 0.404510 0.788376 0.015185 0.020376
0 0.498446 0.739846 0.015185 0.020376
0 0.592395 0.703282 0.015185 0.020376
0 0.686344 0.805436 0.015185 0.020376
0 0.780280 0.763624 0.015185 0.020376
0 0.874229 0.575299 0.015185 0.020376
0 0.968178 0.259316 0.015185 0.020376
3 0.122662 0.697949 0.015185 0.020376
3 0.216611 0.698632 0.015185 0.020376
3 0.310561 0.771812 0.015185 0.020376
3 0.404510 0.739487 0.015185 0.020376
3 0.498446 0.834513 0.015185 0.020376
3 0.592395 0.715282 0.015185 0.020376
3 0.686344 0.707299 0.015185 0.020376
3 0.780280 0.638496 0.015185 0.020376
3 0.874229 0.230632 0.015185 0.020376
3 0.968178 0.217521 0.015185 0.020376