2 0.087690 0.696551 0.011608 0.015542
2 0.186449 0.753398 0.011608 0.015542
2 0.285222 0.693212 0.011608 0.015542
2 0.383981 0.751653 0.011608 0.015542
2 0.482741 0.913754 0.011608 0.015542
2 0.581500 0.817178 0.011608 0.015542
2 0.680272 0.704161 0.011608 0.015542
2 0.779032 0.747805 0.011608 0.015542
2 0.877791 0.420534 0.011608 0.015542
2 0.976551 0.095161 0.011608 0.015542
1 0.087690 0.652568 0.011608 0.015542
1 0.151184 0.710161 0.011608 0.015542
1 0.214677 0.640585 0.011608 0.015542
1 0.278158 0.655432 0.011608 0.015542
1 0.341652 0.667229 0.011608 0.015542
1 0.405146 0.605907 0.011608 0.015542
1 0.468639 0.605653 0.011608 0.015542
1 0.532120 0.660246 0.011608 0.015542
1 0.595614 0.545551 0.011608 0.015542
1 0.659108 0.444941 0.011608 0.015542
1 0.722589 0.335398 0.011608 0.015542
1 0.786082 0.331297 0.011608 0.015542
1 0.849576 0.217551 0.011608 0.015542
1 0.913070 0.330500 0.011608 0.015542
1 0.976551 0.330754 0.011608 0.015542
3 0.087690 0.659364 0.011608 0.015542
3 0.156070 0.606314 0.011608 0.015542
3 0.224437 0.679280 0.011608 0.015542
3 0.292816 0.842398 0.011608 0.015542
3 0.361184 0.759653 0.011608 0.015542
3 0.429563 0.681093 0.011608 0.015542
3 0.497930 0.661229 0.011608 0.015542
3 0.566310 0.667398 0.011608 0.015542
3 0.634690 0.808398 0.011608 0.015542
3 0.703057 0.606042 0.011608 0.015542
3 0.771437 0.753178 0.011608 0.015542
3 0.839804 0.533585 0.011608 0.015542
3 0.908184 0.534144 0.011608 0.015542
3 0.976551 0.255347 0.011608 0.015542
7 0.087690 0.773025 0.011608 0.015542
7 0.151184 0.795992 0.011608 0.015542
7 0.214677 0.758432 0.011608 0.015542
7 0.278158 0.736415 0.011608 0.015542
7 0.341652 0.653415 0.011608 0.015542
7 0.405146 0.475500 0.011608 0.015542
7 0.468639 0.607534 0.011608 0.015542
7 0.532120 0.442364 0.011608 0.015542
7 0.595614 0.541619 0.011608 0.015542
7 0.659108 0.314449 0.011608 0.015542
7 0.722589 0.331195 0.011608 0.015542
7 0.786082 0.222619 0.011608 0.015542
7 0.849576 0.238856 0.011608 0.015542
7 0.913070 0.138737 0.011608 0.015542
7 0.976551 0.098517 0.011608 0.015542
0 0.087690 0.764466 0.011608 0.015542
0 0.186449 0.616975 0.011608 0.015542
0 0.285222 0.898280 0.011608 0.015542
0 0.383981 0.832754 0.011608 0.015542
0 0.482741 0.723669 0.011608 0.015542
0 0.581500 0.844619 0.011608 0.015542
0 0.680272 0.695500 0.011608 0.015542
0 0.779032 0.743280 0.011608 0.015542
0 0.877791 0.645771 0.011608 0.015542
0 0.976551 0.175619 0.011608 0.015542
6 0.087690 0.573432 0.011608 0.015542
6 0.151184 0.694788 0.011608 0.015542
6 0.214677 0.609331 0.011608 0.015542
6 0.278158 0.654466 0.011608 0.015542
6 0.341652 0.659280 0.011608 0.015542
6 0.405146 0.558534 0.011608 0.015542
6 0.468639 0.377517 0.011608 0.015542
6 0.532120 0.422585 0.011608 0.015542
6 0.595614 0.357839 0.011608 0.015542
6 0.659108 0.072686 0.011608 0.015542
6 0.722589 0.263025 0.011608 0.015542
6 0.786082 0.228771 0.011608 0.015542
6 0.849576 0.166551 0.011608 0.015542
6 0.913070 0.082076 0.011608 0.015542
6 0.976551 0.109720 0.011608 0.015542