3 0.094138 0.794449 0.010177 0.013610
3 0.152921 0.777500 0.010177 0.013610
3 0.211692 0.786127 0.010177 0.013610
3 0.270463 0.787653 0.010177 0.013610
3 0.329246 0.799059 0.010177 0.013610
3 0.388016 0.776788 0.010177 0.013610
3 0.446800 0.802686 0.010177 0.013610
3 0.505570 0.765653 0.010177 0.013610
3 0.564341 0.780941 0.010177 0.013610
3 0.623124 0.801398 0.010177 0.013610
3 0.681895 0.798008 0.010177 0.013610
3 0.740665 0.777110 0.010177 0.013610
3 0.799449 0.722042 0.010177 0.013610
3 0.858219 0.576093 0.010177 0.013610
3 0.917003 0.313059 0.010177 0.013610
3 0.975773 0.222653 0.010177 0.013610
6 0.094138 0.800331 0.010177 0.013610
6 0.157117 0.779924 0.010177 0.013610
6 0.220095 0.776161 0.010177 0.013610
6 0.283061 0.796585 0.010177 0.013610
6 0.346039 0.795822 0.010177 0.013610
6 0.409005 0.788466 0.010177 0.013610
6 0.471984 0.790347 0.010177 0.013610
6 0.534962 0.787127 0.010177 0.013610
6 0.597928 0.767619 0.010177 0.013610
6 0.660906 0.773229 0.010177 0.013610
6 0.723872 0.769093 0.010177 0.013610
6 0.786850 0.738449 0.010177 0.013610
6 0.849829 0.604924 0.010177 0.013610
6 0.912795 0.328754 0.010177 0.013610
6 0.975773 0.173331 0.010177 0.013610
5 0.094138 0.770195 0.010177 0.013610
5 0.152921 0.792585 0.010177 0.013610
5 0.211692 0.808568 0.010177 0.013610
5 0.270463 0.794992 0.010177 0.013610
5 0.329246 0.797669 0.010177 0.013610
5 0.388016 0.782856 0.010177 0.013610
5 0.446800 0.807941 0.010177 0.013610
5 0.505570 0.777737 0.010177 0.013610
5 0.564341 0.789941 0.010177 0.013610
5 0.623124 0.800449 0.010177 0.013610
5 0.681895 0.800381 0.010177 0.013610
5 0.740665 0.764483 0.010177 0.013610
5 0.799449 0.747381 0.010177 0.013610
5 0.858219 0.682364 0.010177 0.013610
5 0.917003 0.526212 0.010177 0.013610
5 0.975773 0.230907 0.010177 0.013610
0 0.094138 0.757195 0.010177 0.013610
0 0.146001 0.776754 0.010177 0.013610
0 0.197864 0.763059 0.010177 0.013610
0 0.249728 0.780025 0.010177 0.013610
0 0.301591 0.769534 0.010177 0.013610
0 0.353441 0.773466 0.010177 0.013610
0 0.405304 0.770585 0.010177 0.013610
0 0.457167 0.771602 0.010177 0.013610
0 0.509030 0.767263 0.010177 0.013610
0 0.560894 0.767669 0.010177 0.013610
0 0.612744 0.790381 0.010177 0.013610
0 0.664607 0.771212 0.010177 0.013610
0 0.716470 0.777619 0.010177 0.013610
0 0.768333 0.773432 0.010177 0.013610
0 0.820196 0.746229 0.010177 0.013610
0 0.872047 0.730551 0.010177 0.013610
0 0.923910 0.636025 0.010177 0.013610
0 0.975773 0.372093 0.010177 0.013610