6 0.101942 0.815170 0.012868 0.017245
6 0.169708 0.788878 0.012868 0.017245
6 0.237487 0.771650 0.012868 0.017245
6 0.305254 0.757058 0.012868 0.017245
6 0.373020 0.725867 0.012868 0.017245
6 0.440787 0.691905 0.012868 0.017245
6 0.508566 0.632041 0.012868 0.017245
6 0.576332 0.559150 0.012868 0.017245
6 0.644099 0.491293 0.012868 0.017245
6 0.711865 0.456735 0.012868 0.017245
6 0.779645 0.397959 0.012868 0.017245
6 0.847411 0.374201 0.012868 0.017245
6 0.915178 0.352177 0.012868 0.017245
6 0.982944 0.344133 0.012868 0.017245
0 0.101942 0.773741 0.012868 0.017245
0 0.212069 0.599609 0.012868 0.017245
0 0.322195 0.440204 0.012868 0.017245
0 0.432322 0.346139 0.012868 0.017245
0 0.542449 0.286922 0.012868 0.017245
0 0.652576 0.229643 0.012868 0.017245
0 0.762690 0.228793 0.012868 0.017245
0 0.872817 0.237177 0.012868 0.017245
0 0.982944 0.190323 0.012868 0.017245
7 0.101942 0.777092 0.012868 0.017245
7 0.175368 0.769830 0.012868 0.017245
7 0.248782 0.724286 0.012868 0.017245
7 0.322195 0.655459 0.012868 0.017245
7 0.395609 0.604847 0.012868 0.017245
7 0.469023 0.497194 0.012868 0.017245
7 0.542449 0.396548 0.012868 0.017245
7 0.615863 0.331752 0.012868 0.017245
7 0.689277 0.253129 0.012868 0.017245
7 0.762690 0.213027 0.012868 0.017245
7 0.836117 0.168554 0.012868 0.017245
7 0.909530 0.151054 0.012868 0.017245
7 0.982944 0.168112 0.012868 0.017245
5 0.101942 0.741241 0.012868 0.017245
5 0.175368 0.705272 0.012868 0.017245
5 0.248782 0.662126 0.012868 0.017245
5 0.322195 0.634643 0.012868 0.017245
5 0.395609 0.588912 0.012868 0.017245
5 0.469023 0.576633 0.012868 0.017245
5 0.542449 0.534864 0.012868 0.017245
5 0.615863 0.515544 0.012868 0.017245
5 0.689277 0.504014 0.012868 0.017245
5 0.762690 0.438503 0.012868 0.017245
5 0.836117 0.405986 0.012868 0.017245
5 0.909530 0.421939 0.012868 0.017245
5 0.982944 0.365510 0.012868 0.017245
3 0.101942 0.679609 0.012868 0.017245
3 0.212069 0.619269 0.012868 0.017245
3 0.322195 0.512925 0.012868 0.017245
3 0.432322 0.406122 0.012868 0.017245
3 0.542449 0.323469 0.012868 0.017245
3 0.652576 0.238673 0.012868 0.017245
3 0.762690 0.210187 0.012868 0.017245
3 0.872817 0.188639 0.012868 0.017245
3 0.982944 0.196769 0.012868 0.017245
1 0.101942 0.638622 0.012868 0.017245
1 0.190051 0.621956 0.012868 0.017245
1 0.278147 0.564932 0.012868 0.017245
1 0.366244 0.486599 0.012868 0.017245
1 0.454340 0.416071 0.012868 0.017245
1 0.542449 0.334439 0.012868 0.017245
1 0.630546 0.301803 0.012868 0.017245
1 0.718642 0.272687 0.012868 0.017245
1 0.806751 0.240221 0.012868 0.017245
1 0.894848 0.246633 0.012868 0.017245
1 0.982944 0.224660 0.012868 0.017245