6 0.140178 0.749470 0.018318 0.024581
6 0.279376 0.373162 0.018318 0.024581
6 0.418561 0.241949 0.018318 0.024581
6 0.557758 0.176462 0.018318 0.024581
6 0.696943 0.200256 0.018318 0.024581
6 0.836127 0.171641 0.018318 0.024581
6 0.975325 0.163299 0.018318 0.024581
3 0.140178 0.602752 0.018318 0.024581
3 0.199834 0.555709 0.018318 0.024581
3 0.259490 0.569402 0.018318 0.024581
3 0.319146 0.594068 0.018318 0.024581
3 0.378790 0.562222 0.018318 0.024581
3 0.438446 0.562667 0.018318 0.024581
3 0.498102 0.552256 0.018318 0.024581
3 0.557758 0.596359 0.018318 0.024581
3 0.617401 0.560872 0.018318 0.024581
3 0.677057 0.580838 0.018318 0.024581
3 0.736713 0.584513 0.018318 0.024581
3 0.796357 0.599453 0.018318 0.024581
3 0.856013 0.579419 0.018318 0.024581
3 0.915669 0.601915 0.018318 0.024581
3 0.975325 0.587470 0.018318 0.024581
0 0.140178 0.748188 0.018318 0.024581
0 0.223694 0.554564 0.018318 0.024581
0 0.307210 0.404940 0.018318 0.024581
0 0.390726 0.334000 0.018318 0.024581
0 0.474242 0.269231 0.018318 0.024581
0 0.557758 0.235197 0.018318 0.024581
0 0.641261 0.221231 0.018318 0.024581
0 0.724777 0.209573 0.018318 0.024581
0 0.808293 0.200889 0.018318 0.024581
0 0.891809 0.195026 0.018318 0.024581
0 0.975325 0.183573 0.018318 0.024581
1 0.140178 0.732188 0.018318 0.024581
1 0.199834 0.719778 0.018318 0.024581
1 0.259490 0.690154 0.018318 0.024581
1 0.319146 0.668205 0.018318 0.024581
1 0.378790 0.592376 0.018318 0.024581
1 0.438446 0.545709 0.018318 0.024581
1 0.498102 0.467744 0.018318 0.024581
1 0.557758 0.390718 0.018318 0.024581
1 0.617401 0.354017 0.018318 0.024581
1 0.677057 0.315761 0.018318 0.024581
1 0.736713 0.274308 0.018318 0.024581
1 0.796357 0.270342 0.018318 0.024581
1 0.856013 0.257812 0.018318 0.024581
1 0.915669 0.237333 0.018318 0.024581
1 0.975325 0.222855 0.018318 0.024581