4 0.087373 0.798127 0.014797 0.019814
4 0.155778 0.787754 0.014797 0.019814
4 0.224171 0.772466 0.014797 0.019814
4 0.292576 0.796212 0.014797 0.019814
4 0.360968 0.786144 0.014797 0.019814
4 0.429373 0.797771 0.014797 0.019814
4 0.497766 0.798669 0.014797 0.019814
4 0.566158 0.803568 0.014797 0.019814
4 0.634563 0.785873 0.014797 0.019814
4 0.702956 0.781788 0.014797 0.019814
4 0.771361 0.739636 0.014797 0.019814
4 0.839753 0.635669 0.014797 0.019814
4 0.908158 0.326992 0.014797 0.019814
4 0.976551 0.167314 0.014797 0.019814
0 0.087373 0.804720 0.014797 0.019814
0 0.161475 0.794551 0.014797 0.019814
0 0.235576 0.808008 0.014797 0.019814
0 0.309665 0.786534 0.014797 0.019814
0 0.383766 0.808178 0.014797 0.019814
0 0.457867 0.802720 0.014797 0.019814
0 0.531968 0.800873 0.014797 0.019814
0 0.606070 0.791381 0.014797 0.019814
0 0.680158 0.811941 0.014797 0.019814
0 0.754259 0.783025 0.014797 0.019814
0 0.828361 0.713398 0.014797 0.019814
0 0.902462 0.505212 0.014797 0.019814
0 0.976551 0.213975 0.014797 0.019814
3 0.087373 0.693822 0.014797 0.019814
3 0.155778 0.700398 0.014797 0.019814
3 0.224171 0.667042 0.014797 0.019814
3 0.292576 0.637907 0.014797 0.019814
3 0.360968 0.603686 0.014797 0.019814
3 0.429373 0.560398 0.014797 0.019814
3 0.497766 0.539856 0.014797 0.019814
3 0.566158 0.465924 0.014797 0.019814
3 0.634563 0.410059 0.014797 0.019814
3 0.702956 0.343280 0.014797 0.019814
3 0.771361 0.287788 0.014797 0.019814
3 0.839753 0.229144 0.014797 0.019814
3 0.908158 0.213568 0.014797 0.019814
3 0.976551 0.199534 0.014797 0.019814
5 0.087373 0.588669 0.014797 0.019814
5 0.176297 0.577161 0.014797 0.019814
5 0.265209 0.587737 0.014797 0.019814
5 0.354133 0.595992 0.014797 0.019814
5 0.443044 0.591008 0.014797 0.019814
5 0.531968 0.608568 0.014797 0.019814
5 0.620880 0.604890 0.014797 0.019814
5 0.709804 0.600839 0.014797 0.019814
5 0.798715 0.607856 0.014797 0.019814
5 0.887639 0.586059 0.014797 0.019814
5 0.976551 0.586347 0.014797 0.019814