2 0.130312 0.638692 0.017822 0.023915
2 0.200860 0.786778 0.017822 0.023915
2 0.271420 0.658692 0.017822 0.023915
2 0.341981 0.697581 0.017822 0.023915
2 0.412541 0.715650 0.017822 0.023915
2 0.483089 0.531462 0.017822 0.023915
2 0.553650 0.582368 0.017822 0.023915
2 0.624210 0.511291 0.017822 0.023915
2 0.694758 0.602179 0.017822 0.023915
2 0.765318 0.680248 0.017822 0.023915
2 0.835879 0.575120 0.017822 0.023915
2 0.906439 0.586573 0.017822 0.023915
2 0.976987 0.587308 0.017822 0.023915
4 0.130312 0.846880 0.017822 0.023915
4 0.251268 0.530487 0.017822 0.023915
4 0.372223 0.425171 0.017822 0.023915
4 0.493178 0.334863 0.017822 0.023915
4 0.614121 0.278504 0.017822 0.023915
4 0.735076 0.273496 0.017822 0.023915
4 0.856032 0.276265 0.017822 0.023915
4 0.976987 0.369632 0.017822 0.023915
0 0.130312 0.753581 0.017822 0.023915
0 0.299650 0.709906 0.017822 0.023915
0 0.468987 0.560966 0.017822 0.023915
0 0.638312 0.294949 0.017822 0.023915
0 0.807650 0.452573 0.017822 0.023915
0 0.976987 0.355068 0.017822 0.023915
5 0.130312 0.820111 0.017822 0.023915
5 0.214975 0.664778 0.017822 0.023915
5 0.299650 0.484282 0.017822 0.023915
5 0.384312 0.462487 0.017822 0.023915
5 0.468987 0.431564 0.017822 0.023915
5 0.553650 0.226111 0.017822 0.023915
5 0.638312 0.351291 0.017822 0.023915
5 0.722987 0.203462 0.017822 0.023915
5 0.807650 0.395034 0.017822 0.023915
5 0.892325 0.177803 0.017822 0.023915
5 0.976987 0.215906 0.017822 0.023915