4 0.117849 0.731116 0.017678 0.023731
4 0.183192 0.691780 0.017678 0.023731
4 0.248534 0.653211 0.017678 0.023731
4 0.313864 0.707555 0.017678 0.023731
4 0.379207 0.688952 0.017678 0.023731
4 0.444549 0.722274 0.017678 0.023731
4 0.509892 0.612342 0.017678 0.023731
4 0.575235 0.682019 0.017678 0.023731
4 0.640565 0.665664 0.017678 0.023731
4 0.705907 0.737947 0.017678 0.023731
4 0.771250 0.731116 0.017678 0.023731
4 0.836593 0.655153 0.017678 0.023731
4 0.901935 0.674216 0.017678 0.023731
4 0.967265 0.686312 0.017678 0.023731
2 0.117849 0.565647 0.017678 0.023731
2 0.202786 0.593296 0.017678 0.023731
2 0.287735 0.585818 0.017678 0.023731
2 0.372671 0.546465 0.017678 0.023731
2 0.457621 0.563365 0.017678 0.023731
2 0.542557 0.547453 0.017678 0.023731
2 0.627506 0.486141 0.017678 0.023731
2 0.712443 0.606823 0.017678 0.023731
2 0.797392 0.614625 0.017678 0.023731
2 0.882329 0.575307 0.017678 0.023731
2 0.967265 0.449106 0.017678 0.023731
1 0.117849 0.765801 0.017678 0.023731
1 0.183192 0.714148 0.017678 0.023731
1 0.248534 0.731371 0.017678 0.023731
1 0.313864 0.671252 0.017678 0.023731
1 0.379207 0.730128 0.017678 0.023731
1 0.444549 0.698697 0.017678 0.023731
1 0.509892 0.673671 0.017678 0.023731
1 0.575235 0.705307 0.017678 0.023731
1 0.640565 0.759804 0.017678 0.023731
1 0.705907 0.678509 0.017678 0.023731
1 0.771250 0.609089 0.017678 0.023731
1 0.836593 0.726465 0.017678 0.023731
1 0.901935 0.790468 0.017678 0.023731
1 0.967265 0.892530 0.017678 0.023731
5 0.117849 0.691337 0.017678 0.023731
5 0.174473 0.688015 0.017678 0.023731
5 0.231110 0.600111 0.017678 0.023731
5 0.287735 0.649753 0.017678 0.023731
5 0.344359 0.544063 0.017678 0.023731
5 0.400984 0.562581 0.017678 0.023731
5 0.457621 0.508901 0.017678 0.023731
5 0.514245 0.443910 0.017678 0.023731
5 0.570869 0.402223 0.017678 0.023731
5 0.627506 0.413024 0.017678 0.023731
5 0.684131 0.338305 0.017678 0.023731
5 0.740755 0.287504 0.017678 0.023731
5 0.797392 0.301746 0.017678 0.023731
5 0.854016 0.394966 0.017678 0.023731
5 0.910641 0.453722 0.017678 0.023731
5 0.967265 0.380741 0.017678 0.023731