2 0.136350 0.653274 0.016650 0.022342
2 0.228121 0.593171 0.016650 0.022342
2 0.319879 0.553342 0.016650 0.022342
2 0.411650 0.524316 0.016650 0.022342
2 0.503408 0.639017 0.016650 0.022342
2 0.595178 0.663342 0.016650 0.022342
2 0.686936 0.727718 0.016650 0.022342
2 0.778707 0.664607 0.016650 0.022342
2 0.870465 0.668590 0.016650 0.022342
2 0.962223 0.325598 0.016650 0.022342
1 0.136350 0.868863 0.016650 0.022342
1 0.205178 0.716043 0.016650 0.022342
1 0.274006 0.660128 0.016650 0.022342
1 0.342822 0.854487 0.016650 0.022342
1 0.411650 0.787137 0.016650 0.022342
1 0.480465 0.751701 0.016650 0.022342
1 0.549293 0.697957 0.016650 0.022342
1 0.618121 0.587462 0.016650 0.022342
1 0.686936 0.688538 0.016650 0.022342
1 0.755764 0.719769 0.016650 0.022342
1 0.824580 0.733940 0.016650 0.022342
1 0.893408 0.689547 0.016650 0.022342
1 0.962223 0.805923 0.016650 0.022342
7 0.136350 0.743205 0.016650 0.022342
7 0.228121 0.712436 0.016650 0.022342
7 0.319879 0.781684 0.016650 0.022342
7 0.411650 0.829889 0.016650 0.022342
7 0.503408 0.742880 0.016650 0.022342
7 0.595178 0.803786 0.016650 0.022342
7 0.686936 0.650248 0.016650 0.022342
7 0.778707 0.731034 0.016650 0.022342
7 0.870465 0.440350 0.016650 0.022342
7 0.962223 0.191667 0.016650 0.022342
0 0.136350 0.499342 0.016650 0.022342
0 0.218949 0.582949 0.016650 0.022342
0 0.301535 0.541359 0.016650 0.022342
0 0.384121 0.525598 0.016650 0.022342
0 0.466707 0.611684 0.016650 0.022342
0 0.549293 0.676282 0.016650 0.022342
0 0.631879 0.578607 0.016650 0.022342
0 0.714465 0.533017 0.016650 0.022342
0 0.797051 0.645222 0.016650 0.022342
0 0.879637 0.565103 0.016650 0.022342
0 0.962223 0.298436 0.016650 0.022342