4 0.087373 0.809110 0.015582 0.020864
4 0.176297 0.802195 0.015582 0.020864
4 0.265222 0.822093 0.015582 0.020864
4 0.354133 0.788398 0.015582 0.020864
4 0.443057 0.804025 0.015582 0.020864
4 0.531968 0.804449 0.015582 0.020864
4 0.620892 0.808890 0.015582 0.020864
4 0.709804 0.796161 0.015582 0.020864
4 0.798728 0.800517 0.015582 0.020864
4 0.887639 0.727008 0.015582 0.020864
4 0.976563 0.198602 0.015582 0.020864
0 0.087373 0.612347 0.015582 0.020864
0 0.150892 0.608449 0.015582 0.020864
0 0.214411 0.595076 0.015582 0.020864
0 0.277918 0.611873 0.015582 0.020864
0 0.341437 0.593280 0.015582 0.020864
0 0.404943 0.616432 0.015582 0.020864
0 0.468462 0.605364 0.015582 0.020864
0 0.531968 0.608500 0.015582 0.020864
0 0.595487 0.590144 0.015582 0.020864
0 0.658994 0.610619 0.015582 0.020864
0 0.722513 0.612839 0.015582 0.020864
0 0.786019 0.640364 0.015582 0.020864
0 0.849538 0.629161 0.015582 0.020864
0 0.913044 0.673331 0.015582 0.020864
0 0.976563 0.913110 0.015582 0.020864
7 0.087373 0.798195 0.015582 0.020864
7 0.186171 0.773381 0.015582 0.020864
7 0.284981 0.809059 0.015582 0.020864
7 0.383778 0.790483 0.015582 0.020864
7 0.482576 0.811415 0.015582 0.020864
7 0.581373 0.774229 0.015582 0.020864
7 0.680171 0.801924 0.015582 0.020864
7 0.778968 0.755432 0.015582 0.020864
7 0.877766 0.577839 0.015582 0.020864
7 0.976563 0.202517 0.015582 0.020864
5 0.087373 0.789331 0.015582 0.020864
5 0.176297 0.801686 0.015582 0.020864
5 0.265222 0.800602 0.015582 0.020864
5 0.354133 0.788703 0.015582 0.020864
5 0.443057 0.802110 0.015582 0.020864
5 0.531968 0.791534 0.015582 0.020864
5 0.620892 0.797195 0.015582 0.020864
5 0.709804 0.776737 0.015582 0.020864
5 0.798728 0.747890 0.015582 0.020864
5 0.887639 0.571873 0.015582 0.020864
5 0.976563 0.196381 0.015582 0.020864