1 0.087380 0.795254 0.013646 0.018271
1 0.235582 0.798407 0.013646 0.018271
1 0.383772 0.748627 0.013646 0.018271
1 0.531975 0.796492 0.013646 0.018271
1 0.680165 0.757051 0.013646 0.018271
1 0.828367 0.588746 0.013646 0.018271
1 0.976557 0.171983 0.013646 0.018271
5 0.087380 0.827525 0.013646 0.018271
5 0.155772 0.728169 0.013646 0.018271
5 0.224177 0.690356 0.013646 0.018271
5 0.292570 0.804169 0.013646 0.018271
5 0.360975 0.784475 0.013646 0.018271
5 0.429367 0.746153 0.013646 0.018271
5 0.497772 0.786237 0.013646 0.018271
5 0.566165 0.887712 0.013646 0.018271
5 0.634570 0.763932 0.013646 0.018271
5 0.702962 0.757661 0.013646 0.018271
5 0.771367 0.769915 0.013646 0.018271
5 0.839759 0.610559 0.013646 0.018271
5 0.908165 0.301186 0.013646 0.018271
5 0.976557 0.105169 0.013646 0.018271
6 0.087380 0.789593 0.013646 0.018271
6 0.176291 0.742627 0.013646 0.018271
6 0.265215 0.845356 0.013646 0.018271
6 0.354139 0.783373 0.013646 0.018271
6 0.443051 0.797508 0.013646 0.018271
6 0.531975 0.804356 0.013646 0.018271
6 0.620886 0.812966 0.013646 0.018271
6 0.709810 0.704339 0.013646 0.018271
6 0.798722 0.635153 0.013646 0.018271
6 0.887646 0.371593 0.013646 0.018271
6 0.976557 0.174508 0.013646 0.018271
3 0.087380 0.749271 0.013646 0.018271
3 0.168215 0.703576 0.013646 0.018271
3 0.249051 0.592017 0.013646 0.018271
3 0.329886 0.567695 0.013646 0.018271
3 0.410722 0.469814 0.013646 0.018271
3 0.491557 0.364407 0.013646 0.018271
3 0.572392 0.353695 0.013646 0.018271
3 0.653228 0.287271 0.013646 0.018271
3 0.734063 0.315898 0.013646 0.018271
3 0.814886 0.302508 0.013646 0.018271
3 0.895722 0.233153 0.013646 0.018271
3 0.976557 0.263458 0.013646 0.018271