0 0.086114 0.766373 0.011291 0.015119
0 0.175152 0.766610 0.011291 0.015119
0 0.264203 0.760169 0.011291 0.015119
0 0.353241 0.780746 0.011291 0.015119
0 0.442291 0.774441 0.011291 0.015119
0 0.531329 0.755763 0.011291 0.015119
0 0.620380 0.778085 0.011291 0.015119
0 0.709418 0.760305 0.011291 0.015119
0 0.798468 0.735525 0.011291 0.015119
0 0.887506 0.700186 0.011291 0.015119
0 0.976557 0.215068 0.011291 0.015119
1 0.086114 0.586271 0.011291 0.015119
1 0.160316 0.573644 0.011291 0.015119
1 0.234519 0.599271 0.011291 0.015119
1 0.308722 0.570407 0.011291 0.015119
1 0.382924 0.560220 0.011291 0.015119
1 0.457127 0.589508 0.011291 0.015119
1 0.531329 0.573644 0.011291 0.015119
1 0.605532 0.593797 0.011291 0.015119
1 0.679747 0.589119 0.011291 0.015119
1 0.753949 0.591339 0.011291 0.015119
1 0.828152 0.579237 0.011291 0.015119
1 0.902354 0.608492 0.011291 0.015119
1 0.976557 0.788017 0.011291 0.015119
3 0.086114 0.791441 0.011291 0.015119
3 0.175152 0.776627 0.011291 0.015119
3 0.264203 0.705169 0.011291 0.015119
3 0.353241 0.631119 0.011291 0.015119
3 0.442291 0.529068 0.011291 0.015119
3 0.531329 0.421627 0.011291 0.015119
3 0.620380 0.330847 0.011291 0.015119
3 0.709418 0.244593 0.011291 0.015119
3 0.798468 0.200051 0.011291 0.015119
3 0.887506 0.180695 0.011291 0.015119
3 0.976557 0.175864 0.011291 0.015119
4 0.086114 0.793746 0.011291 0.015119
4 0.185051 0.787746 0.011291 0.015119
4 0.283987 0.784254 0.011291 0.015119
4 0.382924 0.772627 0.011291 0.015119
4 0.481861 0.789102 0.011291 0.015119
4 0.580797 0.783729 0.011291 0.015119
4 0.679747 0.781119 0.011291 0.015119
4 0.778684 0.730949 0.011291 0.015119
4 0.877620 0.431102 0.011291 0.015119
4 0.976557 0.161119 0.011291 0.015119