2 0.083418 0.720881 0.013241 0.017729
2 0.164797 0.746085 0.013241 0.017729
2 0.246165 0.818136 0.013241 0.017729
2 0.327532 0.767441 0.013241 0.017729
2 0.408899 0.794373 0.013241 0.017729
2 0.490278 0.788119 0.013241 0.017729
2 0.571646 0.740390 0.013241 0.017729
2 0.653013 0.804797 0.013241 0.017729
2 0.734380 0.823441 0.013241 0.017729
2 0.815759 0.717051 0.013241 0.017729
2 0.897127 0.569780 0.013241 0.017729
2 0.978494 0.176407 0.013241 0.017729
5 0.083418 0.757559 0.013241 0.017729
5 0.164797 0.786339 0.013241 0.017729
5 0.246165 0.744237 0.013241 0.017729
5 0.327532 0.801576 0.013241 0.017729
5 0.408899 0.814847 0.013241 0.017729
5 0.490278 0.809508 0.013241 0.017729
5 0.571646 0.825051 0.013241 0.017729
5 0.653013 0.816356 0.013241 0.017729
5 0.734380 0.760475 0.013241 0.017729
5 0.815759 0.729085 0.013241 0.017729
5 0.897127 0.581983 0.013241 0.017729
5 0.978494 0.187695 0.013241 0.017729
3 0.083418 0.688797 0.013241 0.017729
3 0.147354 0.650424 0.013241 0.017729
3 0.211291 0.714169 0.013241 0.017729
3 0.275228 0.596339 0.013241 0.017729
3 0.339152 0.526102 0.013241 0.017729
3 0.403089 0.494339 0.013241 0.017729
3 0.467025 0.425915 0.013241 0.017729
3 0.530962 0.342915 0.013241 0.017729
3 0.594899 0.312068 0.013241 0.017729
3 0.658823 0.307237 0.013241 0.017729
3 0.722759 0.209898 0.013241 0.017729
3 0.786696 0.239864 0.013241 0.017729
3 0.850633 0.149593 0.013241 0.017729
3 0.914557 0.265136 0.013241 0.017729
3 0.978494 0.176153 0.013241 0.017729