5 0.092500 0.699212 0.009658 0.012932
5 0.180500 0.753161 0.009658 0.012932
5 0.268513 0.759941 0.009658 0.012932
5 0.356525 0.705992 0.009658 0.012932
5 0.444538 0.759686 0.009658 0.012932
5 0.532538 0.753042 0.009658 0.012932
5 0.620551 0.739280 0.009658 0.012932
5 0.708563 0.660703 0.009658 0.012932
5 0.796563 0.753280 0.009658 0.012932
5 0.884576 0.743229 0.009658 0.012932
5 0.972589 0.629839 0.009658 0.012932
6 0.092500 0.616076 0.009658 0.012932
6 0.202513 0.598466 0.009658 0.012932
6 0.312525 0.489551 0.009658 0.012932
6 0.422525 0.398568 0.009658 0.012932
6 0.532538 0.249907 0.009658 0.012932
6 0.642551 0.260297 0.009658 0.012932
6 0.752563 0.198076 0.009658 0.012932
6 0.862576 0.175008 0.009658 0.012932
6 0.972589 0.170161 0.009658 0.012932