7 0.080995 0.654788 0.013802 0.018458
7 0.181679 0.667720 0.013802 0.018458
7 0.282364 0.587195 0.013802 0.018458
7 0.383048 0.526669 0.013802 0.018458
7 0.483733 0.441737 0.013802 0.018458
7 0.584417 0.376331 0.013802 0.018458
7 0.685101 0.245653 0.013802 0.018458
7 0.785798 0.240127 0.013802 0.018458
7 0.886483 0.242347 0.013802 0.018458
7 0.987167 0.185364 0.013802 0.018458
3 0.080995 0.657381 0.013802 0.018458
3 0.171603 0.612737 0.013802 0.018458
3 0.262224 0.608500 0.013802 0.018458
3 0.352845 0.556534 0.013802 0.018458
3 0.443454 0.544093 0.013802 0.018458
3 0.534075 0.481703 0.013802 0.018458
3 0.624696 0.464805 0.013802 0.018458
3 0.715317 0.469246 0.013802 0.018458
3 0.805925 0.413517 0.013802 0.018458
3 0.896546 0.446788 0.013802 0.018458
3 0.987167 0.408280 0.013802 0.018458