5 0.087373 0.800331 0.012139 0.016254
5 0.156411 0.652636 0.012139 0.016254
5 0.225449 0.316008 0.012139 0.016254
5 0.294475 0.457280 0.012139 0.016254
5 0.363513 0.257822 0.012139 0.016254
5 0.432538 0.333127 0.012139 0.016254
5 0.501576 0.313924 0.012139 0.016254
5 0.570614 0.369331 0.012139 0.016254
5 0.639639 0.182331 0.012139 0.016254
5 0.708677 0.257805 0.012139 0.016254
5 0.777715 0.143873 0.012139 0.016254
5 0.846741 0.035517 0.012139 0.016254
5 0.915778 0.137958 0.012139 0.016254
5 0.984816 0.125280 0.012139 0.016254
6 0.087373 0.817856 0.012139 0.016254
6 0.168968 0.879093 0.012139 0.016254
6 0.250551 0.911568 0.012139 0.016254
6 0.332133 0.717636 0.012139 0.016254
6 0.413715 0.740924 0.012139 0.016254
6 0.495297 0.611381 0.012139 0.016254
6 0.576892 0.568907 0.012139 0.016254
6 0.658475 0.621720 0.012139 0.016254
6 0.740057 0.461517 0.012139 0.016254
6 0.821639 0.343703 0.012139 0.016254
6 0.903222 0.262246 0.012139 0.016254
6 0.984816 0.102907 0.012139 0.016254
4 0.087373 0.824992 0.012139 0.016254
4 0.177120 0.532144 0.012139 0.016254
4 0.266867 0.259602 0.012139 0.016254
4 0.356601 0.271025 0.012139 0.016254
4 0.446348 0.106415 0.012139 0.016254
4 0.536095 0.213619 0.012139 0.016254
4 0.625842 0.174331 0.012139 0.016254
4 0.715576 0.153958 0.012139 0.016254
4 0.805323 0.118771 0.012139 0.016254
4 0.895070 0.163788 0.012139 0.016254
4 0.984816 0.139364 0.012139 0.016254
0 0.087373 0.757076 0.012139 0.016254
0 0.168968 0.607500 0.012139 0.016254
0 0.250551 0.158178 0.012139 0.016254
0 0.332133 0.294856 0.012139 0.016254
0 0.413715 0.255992 0.012139 0.016254
0 0.495297 0.280364 0.012139 0.016254
0 0.576892 0.150907 0.012139 0.016254
0 0.658475 0.100161 0.012139 0.016254
0 0.740057 0.097144 0.012139 0.016254
0 0.821639 0.154229 0.012139 0.016254
0 0.903222 0.144992 0.012139 0.016254
0 0.984816 0.127229 0.012139 0.016254
1 0.087373 0.791822 0.012139 0.016254
1 0.147209 0.791229 0.012139 0.016254
1 0.207032 0.670246 0.012139 0.016254
1 0.266867 0.918602 0.012139 0.016254
1 0.326690 0.924958 0.012139 0.016254
1 0.386525 0.906110 0.012139 0.016254
1 0.446348 0.787229 0.012139 0.016254
1 0.506184 0.876669 0.012139 0.016254
1 0.566006 0.924958 0.012139 0.016254
1 0.625842 0.924958 0.012139 0.016254
1 0.685665 0.924958 0.012139 0.016254
1 0.745500 0.924958 0.012139 0.016254
1 0.805323 0.924958 0.012139 0.016254
1 0.865158 0.924958 0.012139 0.016254
1 0.924981 0.924958 0.012139 0.016254
1 0.984816 0.924958 0.012139 0.016254