1 0.083530 0.847958 0.011394 0.015237
1 0.183935 0.723483 0.011394 0.015237
1 0.284328 0.776432 0.011394 0.015237
1 0.384734 0.680415 0.011394 0.015237
1 0.485139 0.581263 0.011394 0.015237
1 0.585545 0.487246 0.011394 0.015237
1 0.685951 0.493229 0.011394 0.015237
1 0.786356 0.337958 0.011394 0.015237
1 0.886762 0.360347 0.011394 0.015237
1 0.987167 0.267432 0.011394 0.015237
7 0.083530 0.856619 0.011394 0.015237
7 0.165672 0.544873 0.011394 0.015237
7 0.247826 0.484686 0.011394 0.015237
7 0.329968 0.367686 0.011394 0.015237
7 0.412123 0.308517 0.011394 0.015237
7 0.494265 0.291585 0.011394 0.015237
7 0.576420 0.245297 0.011394 0.015237
7 0.658574 0.237534 0.011394 0.015237
7 0.740716 0.152263 0.011394 0.015237
7 0.822871 0.196924 0.011394 0.015237
7 0.905013 0.211263 0.011394 0.015237
7 0.987167 0.180941 0.011394 0.015237
0 0.083530 0.648856 0.011394 0.015237
0 0.183935 0.571483 0.011394 0.015237
0 0.284328 0.588415 0.011394 0.015237
0 0.384734 0.531076 0.011394 0.015237
0 0.485139 0.626127 0.011394 0.015237
0 0.585545 0.563602 0.011394 0.015237
0 0.685951 0.595195 0.011394 0.015237
0 0.786356 0.507161 0.011394 0.015237
0 0.886762 0.503924 0.011394 0.015237
0 0.987167 0.510025 0.011394 0.015237
3 0.083530 0.713754 0.011394 0.015237
3 0.212617 0.707907 0.011394 0.015237
3 0.341705 0.616653 0.011394 0.015237
3 0.470805 0.549788 0.011394 0.015237
3 0.599892 0.575703 0.011394 0.015237
3 0.728980 0.438873 0.011394 0.015237
3 0.858080 0.381856 0.011394 0.015237
3 0.987167 0.282144 0.011394 0.015237