0 0.082158 0.761534 0.011278 0.015102
0 0.163639 0.740212 0.011278 0.015102
0 0.245133 0.825195 0.011278 0.015102
0 0.326614 0.785314 0.011278 0.015102
0 0.408095 0.712890 0.011278 0.015102
0 0.489589 0.752144 0.011278 0.015102
0 0.571070 0.734686 0.011278 0.015102
0 0.652551 0.749720 0.011278 0.015102
0 0.734044 0.761839 0.011278 0.015102
0 0.815525 0.738669 0.011278 0.015102
0 0.897006 0.687636 0.011278 0.015102
0 0.978500 0.321500 0.011278 0.015102
5 0.082158 0.611280 0.011278 0.015102
5 0.171791 0.606432 0.011278 0.015102
5 0.261424 0.557856 0.011278 0.015102
5 0.351057 0.575975 0.011278 0.015102
5 0.440690 0.478788 0.011278 0.015102
5 0.530323 0.607585 0.011278 0.015102
5 0.619956 0.551449 0.011278 0.015102
5 0.709589 0.474839 0.011278 0.015102
5 0.799234 0.571229 0.011278 0.015102
5 0.888867 0.581619 0.011278 0.015102
5 0.978500 0.369788 0.011278 0.015102
3 0.082158 0.849008 0.011278 0.015102
3 0.151108 0.814500 0.011278 0.015102
3 0.220057 0.883025 0.011278 0.015102
3 0.289006 0.817517 0.011278 0.015102
3 0.357956 0.778449 0.011278 0.015102
3 0.426905 0.771551 0.011278 0.015102
3 0.495854 0.763432 0.011278 0.015102
3 0.564804 0.759076 0.011278 0.015102
3 0.633753 0.824449 0.011278 0.015102
3 0.702703 0.867534 0.011278 0.015102
3 0.771652 0.736568 0.011278 0.015102
3 0.840601 0.640347 0.011278 0.015102
3 0.909551 0.440958 0.011278 0.015102
3 0.978500 0.138873 0.011278 0.015102
4 0.082158 0.788653 0.011278 0.015102
4 0.171791 0.840195 0.011278 0.015102
4 0.261424 0.731619 0.011278 0.015102
4 0.351057 0.760178 0.011278 0.015102
4 0.440690 0.806161 0.011278 0.015102
4 0.530323 0.770653 0.011278 0.015102
4 0.619956 0.824314 0.011278 0.015102
4 0.709589 0.746093 0.011278 0.015102
4 0.799234 0.722890 0.011278 0.015102
4 0.888867 0.333788 0.011278 0.015102
4 0.978500 0.206466 0.011278 0.015102
1 0.082158 0.777754 0.011278 0.015102
1 0.181753 0.838924 0.011278 0.015102
1 0.281348 0.893297 0.011278 0.015102
1 0.380943 0.842754 0.011278 0.015102
1 0.480525 0.825636 0.011278 0.015102
1 0.580120 0.776805 0.011278 0.015102
1 0.679715 0.816178 0.011278 0.015102
1 0.779310 0.728127 0.011278 0.015102
1 0.878905 0.382432 0.011278 0.015102
1 0.978500 0.119517 0.011278 0.015102
6 0.082158 0.659008 0.011278 0.015102
6 0.151108 0.721025 0.011278 0.015102
6 0.220057 0.739314 0.011278 0.015102
6 0.289006 0.773924 0.011278 0.015102
6 0.357956 0.796517 0.011278 0.015102
6 0.426905 0.743110 0.011278 0.015102
6 0.495854 0.727161 0.011278 0.015102
6 0.564804 0.676568 0.011278 0.015102
6 0.633753 0.762788 0.011278 0.015102
6 0.702703 0.689771 0.011278 0.015102
6 0.771652 0.690297 0.011278 0.015102
6 0.840601 0.732398 0.011278 0.015102
6 0.909551 0.678432 0.011278 0.015102
6 0.978500 0.357212 0.011278 0.015102