0 0.093703 0.745042 0.013810 0.018492
0 0.166943 0.732924 0.013810 0.018492
0 0.240184 0.720669 0.013810 0.018492
0 0.313424 0.698534 0.013810 0.018492
0 0.386665 0.696619 0.013810 0.018492
0 0.459905 0.680347 0.013810 0.018492
0 0.533146 0.623585 0.013810 0.018492
0 0.606386 0.573500 0.013810 0.018492
0 0.679627 0.539568 0.013810 0.018492
0 0.752867 0.468195 0.013810 0.018492
0 0.826108 0.412059 0.013810 0.018492
0 0.899348 0.378381 0.013810 0.018492
0 0.972589 0.353924 0.013810 0.018492
2 0.093703 0.712585 0.013810 0.018492
2 0.166943 0.714025 0.013810 0.018492
2 0.240184 0.724297 0.013810 0.018492
2 0.313424 0.711178 0.013810 0.018492
2 0.386665 0.720364 0.013810 0.018492
2 0.459905 0.727246 0.013810 0.018492
2 0.533146 0.684059 0.013810 0.018492
2 0.606386 0.701517 0.013810 0.018492
2 0.679627 0.715280 0.013810 0.018492
2 0.752867 0.691161 0.013810 0.018492
2 0.826108 0.738754 0.013810 0.018492
2 0.899348 0.799483 0.013810 0.018492
2 0.972589 0.912076 0.013810 0.018492