3 0.094975 0.681390 0.014759 0.019763
3 0.182734 0.665356 0.014759 0.019763
3 0.270494 0.598525 0.014759 0.019763
3 0.358266 0.576898 0.014759 0.019763
3 0.446025 0.487424 0.014759 0.019763
3 0.533785 0.366000 0.014759 0.019763
3 0.621544 0.251847 0.014759 0.019763
3 0.709304 0.319559 0.014759 0.019763
3 0.797063 0.341627 0.014759 0.019763
3 0.884835 0.300763 0.014759 0.019763
3 0.972595 0.246288 0.014759 0.019763
2 0.094975 0.746169 0.014759 0.019763
2 0.192494 0.702288 0.014759 0.019763
2 0.290000 0.699847 0.014759 0.019763
2 0.387519 0.744983 0.014759 0.019763
2 0.485025 0.838119 0.014759 0.019763
2 0.582544 0.860746 0.014759 0.019763
2 0.680051 0.739153 0.014759 0.019763
2 0.777570 0.852136 0.014759 0.019763
2 0.875076 0.520254 0.014759 0.019763
2 0.972595 0.151627 0.014759 0.019763
6 0.094975 0.567542 0.014759 0.019763
6 0.204671 0.588051 0.014759 0.019763
6 0.314380 0.615136 0.014759 0.019763
6 0.424076 0.610542 0.014759 0.019763
6 0.533785 0.457136 0.014759 0.019763
6 0.643481 0.395102 0.014759 0.019763
6 0.753190 0.519932 0.014759 0.019763
6 0.862886 0.213051 0.014759 0.019763
6 0.972595 0.406949 0.014759 0.019763
0 0.094975 0.404153 0.014759 0.019763
0 0.182734 0.688814 0.014759 0.019763
0 0.270494 0.522492 0.014759 0.019763
0 0.358266 0.531169 0.014759 0.019763
0 0.446025 0.522339 0.014759 0.019763
0 0.533785 0.498644 0.014759 0.019763
0 0.621544 0.438695 0.014759 0.019763
0 0.709304 0.567712 0.014759 0.019763
0 0.797063 0.514525 0.014759 0.019763
0 0.884835 0.536034 0.014759 0.019763
0 0.972595 0.609051 0.014759 0.019763