0 0.102084 0.780663 0.016874 0.022585
0 0.160318 0.769558 0.016874 0.022585
0 0.218564 0.773316 0.016874 0.022585
0 0.276811 0.762653 0.016874 0.022585
0 0.335044 0.761122 0.016874 0.022585
0 0.393291 0.715323 0.016874 0.022585
0 0.451537 0.795935 0.016874 0.022585
0 0.509771 0.766395 0.016874 0.022585
0 0.568018 0.782959 0.016874 0.022585
0 0.626264 0.797738 0.016874 0.022585
0 0.684498 0.817109 0.016874 0.022585
0 0.742745 0.814507 0.016874 0.022585
0 0.800991 0.723486 0.016874 0.022585
0 0.859225 0.547568 0.016874 0.022585
0 0.917471 0.321548 0.016874 0.022585
0 0.975718 0.172160 0.016874 0.022585
7 0.102084 0.709303 0.016874 0.022585
7 0.211283 0.697619 0.016874 0.022585
7 0.320483 0.743061 0.016874 0.022585
7 0.429695 0.757347 0.016874 0.022585
7 0.538895 0.732942 0.016874 0.022585
7 0.648094 0.730357 0.016874 0.022585
7 0.757306 0.725799 0.016874 0.022585
7 0.866506 0.730051 0.016874 0.022585
7 0.975718 0.899779 0.016874 0.022585