2 0.098778 0.610958 0.013354 0.017881
2 0.179108 0.540432 0.013354 0.017881
2 0.259449 0.613669 0.013354 0.017881
2 0.339791 0.490958 0.013354 0.017881
2 0.420133 0.548144 0.013354 0.017881
2 0.500475 0.319398 0.013354 0.017881
2 0.580816 0.328008 0.013354 0.017881
2 0.661158 0.344771 0.013354 0.017881
2 0.741500 0.284517 0.013354 0.017881
2 0.821842 0.315958 0.013354 0.017881
2 0.902184 0.290619 0.013354 0.017881
2 0.982513 0.075805 0.013354 0.017881
7 0.098778 0.775958 0.013354 0.017881
7 0.187146 0.779195 0.013354 0.017881
7 0.275525 0.745008 0.013354 0.017881
7 0.363892 0.708534 0.013354 0.017881
7 0.452272 0.570280 0.013354 0.017881
7 0.540652 0.543263 0.013354 0.017881
7 0.629019 0.466517 0.013354 0.017881
7 0.717399 0.450347 0.013354 0.017881
7 0.805766 0.308924 0.013354 0.017881
7 0.894146 0.102246 0.013354 0.017881
7 0.982513 0.206619 0.013354 0.017881
4 0.098778 0.836771 0.013354 0.017881
4 0.196968 0.523364 0.013354 0.017881
4 0.295158 0.092212 0.013354 0.017881
4 0.393361 0.179551 0.013354 0.017881
4 0.491551 0.250517 0.013354 0.017881
4 0.589741 0.227347 0.013354 0.017881
4 0.687930 0.197619 0.013354 0.017881
4 0.786133 0.077398 0.013354 0.017881
4 0.884323 0.214110 0.013354 0.017881
4 0.982513 0.195805 0.013354 0.017881
3 0.098778 0.869008 0.013354 0.017881
3 0.187146 0.475093 0.013354 0.017881
3 0.275525 0.343669 0.013354 0.017881
3 0.363892 0.352398 0.013354 0.017881
3 0.452272 0.297297 0.013354 0.017881
3 0.540652 0.090907 0.013354 0.017881
3 0.629019 0.176669 0.013354 0.017881
3 0.717399 0.159907 0.013354 0.017881
3 0.805766 0.173483 0.013354 0.017881
3 0.894146 0.269856 0.013354 0.017881
3 0.982513 0.034754 0.013354 0.017881