2 0.103342 0.585928 0.011690 0.015673
2 0.248742 0.590221 0.011690 0.015673
2 0.394130 0.571567 0.011690 0.015673
2 0.539530 0.652794 0.011690 0.015673
2 0.684917 0.621567 0.011690 0.015673
2 0.830318 0.637479 0.011690 0.015673
2 0.975705 0.728876 0.011690 0.015673
0 0.103342 0.679966 0.011690 0.015673
0 0.165654 0.675111 0.011690 0.015673
0 0.227967 0.682624 0.011690 0.015673
0 0.290280 0.618637 0.011690 0.015673
0 0.352592 0.683901 0.011690 0.015673
0 0.414905 0.580221 0.011690 0.015673
0 0.477217 0.663322 0.011690 0.015673
0 0.539530 0.637325 0.011690 0.015673
0 0.601842 0.690767 0.011690 0.015673
0 0.664155 0.667888 0.011690 0.015673
0 0.726468 0.659046 0.011690 0.015673
0 0.788767 0.676337 0.011690 0.015673
0 0.851080 0.587598 0.011690 0.015673
0 0.913393 0.549250 0.011690 0.015673
0 0.975705 0.254719 0.011690 0.015673
7 0.103342 0.810017 0.011690 0.015673
7 0.200280 0.747462 0.011690 0.015673
7 0.297205 0.769046 0.011690 0.015673
7 0.394130 0.821891 0.011690 0.015673
7 0.491067 0.786780 0.011690 0.015673
7 0.587992 0.800204 0.011690 0.015673
7 0.684917 0.737462 0.011690 0.015673
7 0.781855 0.769744 0.011690 0.015673
7 0.878780 0.406559 0.011690 0.015673
7 0.975705 0.188092 0.011690 0.015673
6 0.103342 0.703867 0.011690 0.015673
6 0.161499 0.820000 0.011690 0.015673
6 0.219657 0.766712 0.011690 0.015673
6 0.277814 0.784037 0.011690 0.015673
6 0.335972 0.716882 0.011690 0.015673
6 0.394130 0.712538 0.011690 0.015673
6 0.452287 0.777155 0.011690 0.015673
6 0.510445 0.723288 0.011690 0.015673
6 0.568602 0.753083 0.011690 0.015673
6 0.626760 0.811175 0.011690 0.015673
6 0.684917 0.791193 0.011690 0.015673
6 0.743075 0.731329 0.011690 0.015673
6 0.801233 0.666831 0.011690 0.015673
6 0.859390 0.503237 0.011690 0.015673
6 0.917548 0.181721 0.011690 0.015673
6 0.975705 0.117547 0.011690 0.015673