7 0.125217 0.646949 0.021261 0.028530
7 0.220032 0.667000 0.021261 0.028530
7 0.314847 0.663581 0.021261 0.028530
7 0.409675 0.646949 0.021261 0.028530
7 0.504490 0.669872 0.021261 0.028530
7 0.599306 0.649017 0.021261 0.028530
7 0.694121 0.644709 0.021261 0.028530
7 0.788949 0.652453 0.021261 0.028530
7 0.883764 0.663462 0.021261 0.028530
7 0.978580 0.644607 0.021261 0.028530
0 0.125217 0.766299 0.021261 0.028530
0 0.202796 0.592060 0.021261 0.028530
0 0.280376 0.463940 0.021261 0.028530
0 0.357955 0.391256 0.021261 0.028530
0 0.435535 0.294350 0.021261 0.028530
0 0.513102 0.296932 0.021261 0.028530
0 0.590682 0.259752 0.021261 0.028530
0 0.668261 0.233291 0.021261 0.028530
0 0.745841 0.228983 0.021261 0.028530
0 0.823420 0.231393 0.021261 0.028530
0 0.901000 0.188880 0.021261 0.028530
0 0.978580 0.192915 0.021261 0.028530
6 0.125217 0.756846 0.021261 0.028530
6 0.202796 0.744162 0.021261 0.028530
6 0.280376 0.743393 0.021261 0.028530
6 0.357955 0.732179 0.021261 0.028530
6 0.435535 0.673342 0.021261 0.028530
6 0.513102 0.607581 0.021261 0.028530
6 0.590682 0.568197 0.021261 0.028530
6 0.668261 0.474573 0.021261 0.028530
6 0.745841 0.430299 0.021261 0.028530
6 0.823420 0.373615 0.021261 0.028530
6 0.901000 0.351598 0.021261 0.028530
6 0.978580 0.327581 0.021261 0.028530