2 0.124790 0.665573 0.021452 0.028786
2 0.295554 0.628769 0.021452 0.028786
2 0.466306 0.562991 0.021452 0.028786
2 0.637070 0.432923 0.021452 0.028786
2 0.807822 0.290769 0.021452 0.028786
2 0.978586 0.276615 0.021452 0.028786
0 0.124790 0.785470 0.021452 0.028786
0 0.185783 0.687060 0.021452 0.028786
0 0.246764 0.688308 0.021452 0.028786
0 0.307745 0.682821 0.021452 0.028786
0 0.368739 0.625060 0.021452 0.028786
0 0.429720 0.599983 0.021452 0.028786
0 0.490701 0.588444 0.021452 0.028786
0 0.551694 0.528427 0.021452 0.028786
0 0.612675 0.447949 0.021452 0.028786
0 0.673656 0.395333 0.021452 0.028786
0 0.734650 0.406188 0.021452 0.028786
0 0.795631 0.343624 0.021452 0.028786
0 0.856611 0.305009 0.021452 0.028786
0 0.917605 0.218581 0.021452 0.028786
0 0.978586 0.208667 0.021452 0.028786
1 0.124790 0.749556 0.021452 0.028786
1 0.267096 0.769949 0.021452 0.028786
1 0.409389 0.662821 0.021452 0.028786
1 0.551694 0.606632 0.021452 0.028786
1 0.693987 0.556222 0.021452 0.028786
1 0.836280 0.546513 0.021452 0.028786
1 0.978586 0.504718 0.021452 0.028786