6 0.089911 0.657000 0.013772 0.018441
6 0.188430 0.658254 0.013772 0.018441
6 0.286949 0.631898 0.013772 0.018441
6 0.385456 0.556763 0.013772 0.018441
6 0.483975 0.528458 0.013772 0.018441
6 0.582494 0.436356 0.013772 0.018441
6 0.681013 0.376780 0.013772 0.018441
6 0.779532 0.277424 0.013772 0.018441
6 0.878038 0.203475 0.013772 0.018441
6 0.976557 0.210169 0.013772 0.018441
4 0.089911 0.739271 0.013772 0.018441
4 0.149025 0.714695 0.013772 0.018441
4 0.208127 0.690644 0.013772 0.018441
4 0.267241 0.618814 0.013772 0.018441
4 0.326354 0.576220 0.013772 0.018441
4 0.385456 0.548085 0.013772 0.018441
4 0.444570 0.460593 0.013772 0.018441
4 0.503684 0.429831 0.013772 0.018441
4 0.562785 0.376542 0.013772 0.018441
4 0.621899 0.363576 0.013772 0.018441
4 0.681013 0.314966 0.013772 0.018441
4 0.740127 0.326356 0.013772 0.018441
4 0.799228 0.291729 0.013772 0.018441
4 0.858342 0.306831 0.013772 0.018441
4 0.917456 0.300068 0.013772 0.018441
4 0.976557 0.280169 0.013772 0.018441
1 0.089911 0.768508 0.013772 0.018441
1 0.170519 0.787051 0.013772 0.018441
1 0.251114 0.790034 0.013772 0.018441
1 0.331722 0.793034 0.013772 0.018441
1 0.412329 0.776763 0.013772 0.018441
1 0.492937 0.780339 0.013772 0.018441
1 0.573532 0.780034 0.013772 0.018441
1 0.654139 0.766051 0.013772 0.018441
1 0.734747 0.749322 0.013772 0.018441
1 0.815354 0.722542 0.013772 0.018441
1 0.895962 0.540203 0.013772 0.018441
1 0.976557 0.191153 0.013772 0.018441
0 0.089911 0.719746 0.013772 0.018441
0 0.163797 0.714475 0.013772 0.018441
0 0.237684 0.711915 0.013772 0.018441
0 0.311570 0.721153 0.013772 0.018441
0 0.385456 0.715051 0.013772 0.018441
0 0.459342 0.718407 0.013772 0.018441
0 0.533241 0.694051 0.013772 0.018441
0 0.607127 0.701237 0.013772 0.018441
0 0.681013 0.717814 0.013772 0.018441
0 0.754899 0.702034 0.013772 0.018441
0 0.828785 0.708441 0.013772 0.018441
0 0.902671 0.773322 0.013772 0.018441
0 0.976557 0.910373 0.013772 0.018441
5 0.089911 0.798475 0.013772 0.018441
5 0.178570 0.809627 0.013772 0.018441
5 0.267241 0.776220 0.013772 0.018441
5 0.355899 0.780644 0.013772 0.018441
5 0.444570 0.787915 0.013772 0.018441
5 0.533241 0.777864 0.013772 0.018441
5 0.621899 0.787458 0.013772 0.018441
5 0.710570 0.765593 0.013772 0.018441
5 0.799228 0.779068 0.013772 0.018441
5 0.887899 0.748102 0.013772 0.018441
5 0.976557 0.512695 0.013772 0.018441
7 0.089911 0.789407 0.013772 0.018441
7 0.188430 0.778271 0.013772 0.018441
7 0.286949 0.740102 0.013772 0.018441
7 0.385456 0.686729 0.013772 0.018441
7 0.483975 0.607915 0.013772 0.018441
7 0.582494 0.483153 0.013772 0.018441
7 0.681013 0.378203 0.013772 0.018441
7 0.779532 0.277169 0.013772 0.018441
7 0.878038 0.207237 0.013772 0.018441
7 0.976557 0.168203 0.013772 0.018441