5 0.108901 0.747726 0.014828 0.019881
5 0.187262 0.781831 0.014828 0.019881
5 0.265635 0.732036 0.014828 0.019881
5 0.343996 0.820792 0.014828 0.019881
5 0.422357 0.815835 0.014828 0.019881
5 0.500718 0.849055 0.014828 0.019881
5 0.579091 0.799906 0.014828 0.019881
5 0.657452 0.761286 0.014828 0.019881
5 0.735813 0.756073 0.014828 0.019881
5 0.814174 0.603978 0.014828 0.019881
5 0.892535 0.355119 0.014828 0.019881
5 0.970909 0.200468 0.014828 0.019881
2 0.108901 0.703927 0.014828 0.019881
2 0.216652 0.618799 0.014828 0.019881
2 0.324403 0.536397 0.014828 0.019881
2 0.432154 0.404898 0.014828 0.019881
2 0.539905 0.382581 0.014828 0.019881
2 0.647656 0.302087 0.014828 0.019881
2 0.755407 0.176550 0.014828 0.019881
2 0.863158 0.260605 0.014828 0.019881
2 0.970909 0.220145 0.014828 0.019881
7 0.108901 0.840826 0.014828 0.019881
7 0.204682 0.740997 0.014828 0.019881
7 0.300464 0.751559 0.014828 0.019881
7 0.396233 0.804506 0.014828 0.019881
7 0.492014 0.721968 0.014828 0.019881
7 0.587795 0.814199 0.014828 0.019881
7 0.683564 0.755375 0.014828 0.019881
7 0.779346 0.783024 0.014828 0.019881
7 0.875127 0.537641 0.014828 0.019881
7 0.970909 0.225937 0.014828 0.019881
1 0.108901 0.633944 0.014828 0.019881
1 0.180731 0.631968 0.014828 0.019881
1 0.252573 0.601065 0.014828 0.019881
1 0.324403 0.618390 0.014828 0.019881
1 0.396233 0.639191 0.014828 0.019881
1 0.468075 0.635801 0.014828 0.019881
1 0.539905 0.652087 0.014828 0.019881
1 0.611734 0.664932 0.014828 0.019881
1 0.683564 0.609293 0.014828 0.019881
1 0.755407 0.657385 0.014828 0.019881
1 0.827236 0.600945 0.014828 0.019881
1 0.899066 0.637147 0.014828 0.019881
1 0.970909 0.901133 0.014828 0.019881