5 0.106995 0.751335 0.018386 0.024609
5 0.168875 0.739532 0.018386 0.024609
5 0.230743 0.825026 0.018386 0.024609
5 0.292624 0.783325 0.018386 0.024609
5 0.354492 0.780740 0.018386 0.024609
5 0.416372 0.860842 0.018386 0.024609
5 0.478253 0.762304 0.018386 0.024609
5 0.540121 0.697100 0.018386 0.024609
5 0.602001 0.778376 0.018386 0.024609
5 0.663869 0.768801 0.018386 0.024609
5 0.725750 0.818733 0.018386 0.024609
5 0.787618 0.690842 0.018386 0.024609
5 0.849498 0.576046 0.018386 0.024609
5 0.911366 0.305247 0.018386 0.024609
5 0.973247 0.214362 0.018386 0.024609
6 0.106995 0.754345 0.018386 0.024609
6 0.185750 0.734107 0.018386 0.024609
6 0.264492 0.802577 0.018386 0.024609
6 0.343247 0.777134 0.018386 0.024609
6 0.422001 0.652628 0.018386 0.024609
6 0.500743 0.614753 0.018386 0.024609
6 0.579498 0.595553 0.018386 0.024609
6 0.658240 0.520077 0.018386 0.024609
6 0.736995 0.446709 0.018386 0.024609
6 0.815750 0.407270 0.018386 0.024609
6 0.894492 0.382815 0.018386 0.024609
6 0.973247 0.355859 0.018386 0.024609
7 0.106995 0.822389 0.018386 0.024609
7 0.185750 0.790196 0.018386 0.024609
7 0.264492 0.834413 0.018386 0.024609
7 0.343247 0.807577 0.018386 0.024609
7 0.422001 0.710128 0.018386 0.024609
7 0.500743 0.838716 0.018386 0.024609
7 0.579498 0.830060 0.018386 0.024609
7 0.658240 0.743206 0.018386 0.024609
7 0.736995 0.763512 0.018386 0.024609
7 0.815750 0.605859 0.018386 0.024609
7 0.894492 0.322015 0.018386 0.024609
7 0.973247 0.112457 0.018386 0.024609
1 0.106995 0.659872 0.018386 0.024609
1 0.161137 0.656131 0.018386 0.024609
1 0.215280 0.620757 0.018386 0.024609
1 0.269422 0.729464 0.018386 0.024609
1 0.323564 0.686641 0.018386 0.024609
1 0.377706 0.626539 0.018386 0.024609
1 0.431836 0.662202 0.018386 0.024609
1 0.485978 0.571403 0.018386 0.024609
1 0.540121 0.574838 0.018386 0.024609
1 0.594263 0.507645 0.018386 0.024609
1 0.648405 0.459838 0.018386 0.024609
1 0.702548 0.341947 0.018386 0.024609
1 0.756677 0.362015 0.018386 0.024609
1 0.810820 0.186029 0.018386 0.024609
1 0.864962 0.159787 0.018386 0.024609
1 0.919104 0.206437 0.018386 0.024609
1 0.973247 0.208359 0.018386 0.024609