5 0.132860 0.758829 0.023580 0.031641
5 0.192312 0.612709 0.023580 0.031641
5 0.251764 0.654368 0.023580 0.031641
5 0.311229 0.524282 0.023580 0.031641
5 0.370682 0.583051 0.023580 0.031641
5 0.430134 0.643786 0.023580 0.031641
5 0.489599 0.686966 0.023580 0.031641
5 0.549051 0.750197 0.023580 0.031641
5 0.608503 0.532538 0.023580 0.031641
5 0.667955 0.592897 0.023580 0.031641
5 0.727420 0.649017 0.023580 0.031641
5 0.786873 0.634761 0.023580 0.031641
5 0.846325 0.626214 0.023580 0.031641
5 0.905777 0.546453 0.023580 0.031641
5 0.965242 0.089256 0.023580 0.031641
6 0.132860 0.476094 0.023580 0.031641
6 0.192312 0.573051 0.023580 0.031641
6 0.251764 0.500094 0.023580 0.031641
6 0.311229 0.556983 0.023580 0.031641
6 0.370682 0.585667 0.023580 0.031641
6 0.430134 0.653034 0.023580 0.031641
6 0.489599 0.505684 0.023580 0.031641
6 0.549051 0.535598 0.023580 0.031641
6 0.608503 0.655530 0.023580 0.031641
6 0.667955 0.580846 0.023580 0.031641
6 0.727420 0.517855 0.023580 0.031641
6 0.786873 0.428556 0.023580 0.031641
6 0.846325 0.631718 0.023580 0.031641
6 0.905777 0.525803 0.023580 0.031641
6 0.965242 0.363940 0.023580 0.031641
3 0.132860 0.751051 0.023580 0.031641
3 0.225344 0.560846 0.023580 0.031641
3 0.317828 0.529051 0.023580 0.031641
3 0.410325 0.563017 0.023580 0.031641
3 0.502809 0.621496 0.023580 0.031641
3 0.595293 0.733410 0.023580 0.031641
3 0.687777 0.710282 0.023580 0.031641
3 0.780261 0.755718 0.023580 0.031641
3 0.872758 0.475803 0.023580 0.031641
3 0.965242 0.142162 0.023580 0.031641
2 0.132860 0.806761 0.023580 0.031641
2 0.216096 0.780077 0.023580 0.031641
2 0.299331 0.861085 0.023580 0.031641
2 0.382567 0.750726 0.023580 0.031641
2 0.465815 0.876043 0.023580 0.031641
2 0.549051 0.698231 0.023580 0.031641
2 0.632287 0.620436 0.023580 0.031641
2 0.715522 0.725376 0.023580 0.031641
2 0.798758 0.578795 0.023580 0.031641
2 0.882006 0.771974 0.023580 0.031641
2 0.965242 0.849530 0.023580 0.031641
7 0.132860 0.659974 0.023580 0.031641
7 0.202223 0.519325 0.023580 0.031641
7 0.271586 0.615701 0.023580 0.031641
7 0.340949 0.539068 0.023580 0.031641
7 0.410325 0.568726 0.023580 0.031641
7 0.479688 0.745513 0.023580 0.031641
7 0.549051 0.703564 0.023580 0.031641
7 0.618414 0.587889 0.023580 0.031641
7 0.687777 0.569547 0.023580 0.031641
7 0.757140 0.728419 0.023580 0.031641
7 0.826503 0.647154 0.023580 0.031641
7 0.895879 0.493718 0.023580 0.031641
7 0.965242 0.409752 0.023580 0.031641
0 0.132860 0.552316 0.023580 0.031641
0 0.236911 0.611940 0.023580 0.031641
0 0.340949 0.726145 0.023580 0.031641
0 0.445000 0.511718 0.023580 0.031641
0 0.549051 0.565000 0.023580 0.031641
0 0.653102 0.665513 0.023580 0.031641
0 0.757140 0.708453 0.023580 0.031641
0 0.861191 0.818538 0.023580 0.031641
0 0.965242 0.876043 0.023580 0.031641