1 0.087373 0.666788 0.016266 0.021780
1 0.168209 0.705686 0.016266 0.021780
1 0.249044 0.665415 0.016266 0.021780
1 0.329880 0.528975 0.016266 0.021780
1 0.410715 0.525771 0.016266 0.021780
1 0.491551 0.489008 0.016266 0.021780
1 0.572386 0.438822 0.016266 0.021780
1 0.653222 0.346941 0.016266 0.021780
1 0.734057 0.329059 0.016266 0.021780
1 0.814892 0.313771 0.016266 0.021780
1 0.895715 0.271788 0.016266 0.021780
1 0.976551 0.289093 0.016266 0.021780
7 0.087373 0.727839 0.016266 0.021780
7 0.142943 0.745517 0.016266 0.021780
7 0.198525 0.790788 0.016266 0.021780
7 0.254095 0.743432 0.016266 0.021780
7 0.309665 0.666636 0.016266 0.021780
7 0.365247 0.683297 0.016266 0.021780
7 0.420816 0.678483 0.016266 0.021780
7 0.476386 0.581534 0.016266 0.021780
7 0.531968 0.555788 0.016266 0.021780
7 0.587538 0.394941 0.016266 0.021780
7 0.643108 0.378585 0.016266 0.021780
7 0.698690 0.329500 0.016266 0.021780
7 0.754259 0.340992 0.016266 0.021780
7 0.809829 0.235195 0.016266 0.021780
7 0.865411 0.342873 0.016266 0.021780
7 0.920981 0.265788 0.016266 0.021780
7 0.976551 0.289025 0.016266 0.021780
6 0.087373 0.746788 0.016266 0.021780
6 0.155778 0.795788 0.016266 0.021780
6 0.224171 0.700788 0.016266 0.021780
6 0.292576 0.724246 0.016266 0.021780
6 0.360968 0.650246 0.016266 0.021780
6 0.429361 0.740110 0.016266 0.021780
6 0.497766 0.740076 0.016266 0.021780
6 0.566158 0.708873 0.016266 0.021780
6 0.634563 0.718703 0.016266 0.021780
6 0.702956 0.687822 0.016266 0.021780
6 0.771361 0.738907 0.016266 0.021780
6 0.839753 0.766432 0.016266 0.021780
6 0.908158 0.765703 0.016266 0.021780
6 0.976551 0.913754 0.016266 0.021780
2 0.087373 0.804008 0.016266 0.021780
2 0.150892 0.804551 0.016266 0.021780
2 0.214399 0.835669 0.016266 0.021780
2 0.277918 0.913754 0.016266 0.021780
2 0.341424 0.791856 0.016266 0.021780
2 0.404943 0.866907 0.016266 0.021780
2 0.468449 0.862890 0.016266 0.021780
2 0.531968 0.857517 0.016266 0.021780
2 0.595475 0.761686 0.016266 0.021780
2 0.658994 0.872534 0.016266 0.021780
2 0.722500 0.906297 0.016266 0.021780
2 0.786019 0.823483 0.016266 0.021780
2 0.849525 0.814364 0.016266 0.021780
2 0.913044 0.759483 0.016266 0.021780
2 0.976551 0.745212 0.016266 0.021780
3 0.087373 0.645025 0.016266 0.021780
3 0.198525 0.643331 0.016266 0.021780
3 0.309665 0.626754 0.016266 0.021780
3 0.420816 0.628178 0.016266 0.021780
3 0.531968 0.605551 0.016266 0.021780
3 0.643108 0.490297 0.016266 0.021780
3 0.754259 0.367127 0.016266 0.021780
3 0.865411 0.324517 0.016266 0.021780
3 0.976551 0.227144 0.016266 0.021780