2 0.094138 0.674975 0.014537 0.019441
2 0.204341 0.739686 0.014537 0.019441
2 0.314544 0.763127 0.014537 0.019441
2 0.424759 0.671517 0.014537 0.019441
2 0.534962 0.692246 0.014537 0.019441
2 0.645165 0.693585 0.014537 0.019441
2 0.755368 0.684669 0.014537 0.019441
2 0.865570 0.772263 0.014537 0.019441
2 0.975773 0.910381 0.014537 0.019441
3 0.094138 0.585042 0.014537 0.019441
3 0.220095 0.580669 0.014537 0.019441
3 0.346039 0.578686 0.014537 0.019441
3 0.471984 0.533958 0.014537 0.019441
3 0.597928 0.533822 0.014537 0.019441
3 0.723872 0.635212 0.014537 0.019441
3 0.849829 0.486924 0.014537 0.019441
3 0.975773 0.033907 0.014537 0.019441
0 0.094138 0.574669 0.014537 0.019441
0 0.192098 0.558890 0.014537 0.019441
0 0.290057 0.571280 0.014537 0.019441
0 0.388016 0.597585 0.014537 0.019441
0 0.485976 0.619297 0.014537 0.019441
0 0.583935 0.544432 0.014537 0.019441
0 0.681895 0.592246 0.014537 0.019441
0 0.779854 0.542008 0.014537 0.019441
0 0.877814 0.597331 0.014537 0.019441
0 0.975773 0.865653 0.014537 0.019441
7 0.094138 0.706025 0.014537 0.019441
7 0.182300 0.772636 0.014537 0.019441
7 0.270463 0.721076 0.014537 0.019441
7 0.358625 0.728975 0.014537 0.019441
7 0.446800 0.644280 0.014537 0.019441
7 0.534962 0.521822 0.014537 0.019441
7 0.623124 0.431924 0.014537 0.019441
7 0.711286 0.392212 0.014537 0.019441
7 0.799449 0.294924 0.014537 0.019441
7 0.887611 0.242415 0.014537 0.019441
7 0.975773 0.161788 0.014537 0.019441