0 0.095412 0.792186 0.011559 0.015458
0 0.168771 0.790542 0.011559 0.015458
0 0.242142 0.799237 0.011559 0.015458
0 0.315501 0.756831 0.011559 0.015458
0 0.388859 0.767864 0.011559 0.015458
0 0.462231 0.806339 0.011559 0.015458
0 0.535589 0.815627 0.011559 0.015458
0 0.608961 0.754390 0.011559 0.015458
0 0.682319 0.733169 0.011559 0.015458
0 0.755678 0.670102 0.011559 0.015458
0 0.829049 0.643339 0.011559 0.015458
0 0.902408 0.374288 0.011559 0.015458
0 0.975767 0.124339 0.011559 0.015458
2 0.095412 0.788271 0.011559 0.015458
2 0.221179 0.693644 0.011559 0.015458
2 0.346946 0.622797 0.011559 0.015458
2 0.472712 0.436169 0.011559 0.015458
2 0.598479 0.224932 0.011559 0.015458
2 0.724246 0.217847 0.011559 0.015458
2 0.850013 0.243492 0.011559 0.015458
2 0.975767 0.117593 0.011559 0.015458
7 0.095412 0.779237 0.011559 0.015458
7 0.183447 0.796881 0.011559 0.015458
7 0.271483 0.734305 0.011559 0.015458
7 0.359518 0.771153 0.011559 0.015458
7 0.447554 0.751068 0.011559 0.015458
7 0.535589 0.766475 0.011559 0.015458
7 0.623625 0.757458 0.011559 0.015458
7 0.711660 0.755424 0.011559 0.015458
7 0.799696 0.656559 0.011559 0.015458
7 0.887731 0.350814 0.011559 0.015458
7 0.975767 0.155966 0.011559 0.015458
5 0.095412 0.796492 0.011559 0.015458
5 0.271483 0.692322 0.011559 0.015458
5 0.447554 0.649695 0.011559 0.015458
5 0.623625 0.757305 0.011559 0.015458
5 0.799696 0.764220 0.011559 0.015458
5 0.975767 0.859271 0.011559 0.015458