2 0.087222 0.788229 0.010241 0.013712
2 0.155778 0.783568 0.010241 0.013712
2 0.224335 0.788093 0.010241 0.013712
2 0.292892 0.784636 0.010241 0.013712
2 0.361462 0.782568 0.010241 0.013712
2 0.430019 0.774568 0.010241 0.013712
2 0.498576 0.787602 0.010241 0.013712
2 0.567133 0.780314 0.010241 0.013712
2 0.635690 0.792246 0.010241 0.013712
2 0.704259 0.755364 0.010241 0.013712
2 0.772816 0.725144 0.010241 0.013712
2 0.841373 0.583771 0.010241 0.013712
2 0.909930 0.273008 0.010241 0.013712
2 0.978500 0.169737 0.010241 0.013712
0 0.087222 0.538822 0.010241 0.013712
0 0.198627 0.537314 0.010241 0.013712
0 0.310032 0.553822 0.010241 0.013712
0 0.421449 0.534907 0.010241 0.013712
0 0.532854 0.542890 0.010241 0.013712
0 0.644259 0.550585 0.010241 0.013712
0 0.755677 0.545076 0.010241 0.013712
0 0.867082 0.547924 0.010241 0.013712
0 0.978500 0.609737 0.010241 0.013712
1 0.087222 0.811636 0.010241 0.013712
1 0.176348 0.795975 0.010241 0.013712
1 0.265475 0.768432 0.010241 0.013712
1 0.354601 0.800314 0.010241 0.013712
1 0.443728 0.788331 0.010241 0.013712
1 0.532854 0.767737 0.010241 0.013712
1 0.621981 0.782703 0.010241 0.013712
1 0.711108 0.796042 0.010241 0.013712
1 0.800234 0.741653 0.010241 0.013712
1 0.889361 0.515008 0.010241 0.013712
1 0.978500 0.187975 0.010241 0.013712
6 0.087222 0.767093 0.010241 0.013712
6 0.161487 0.815500 0.010241 0.013712
6 0.235766 0.802161 0.010241 0.013712
6 0.310032 0.786619 0.010241 0.013712
6 0.384310 0.787025 0.010241 0.013712
6 0.458589 0.808856 0.010241 0.013712
6 0.532854 0.789602 0.010241 0.013712
6 0.607133 0.785466 0.010241 0.013712
6 0.681399 0.748381 0.010241 0.013712
6 0.755677 0.753703 0.010241 0.013712
6 0.829943 0.645500 0.010241 0.013712
6 0.904222 0.377856 0.010241 0.013712
6 0.978500 0.169195 0.010241 0.013712
7 0.087222 0.800703 0.010241 0.013712
7 0.186247 0.789076 0.010241 0.013712
7 0.285285 0.793297 0.010241 0.013712
7 0.384310 0.771398 0.010241 0.013712
7 0.483335 0.777280 0.010241 0.013712
7 0.582373 0.802229 0.010241 0.013712
7 0.681399 0.787025 0.010241 0.013712
7 0.780437 0.776331 0.010241 0.013712
7 0.879462 0.572653 0.010241 0.013712
7 0.978500 0.193059 0.010241 0.013712
4 0.087222 0.683636 0.010241 0.013712
4 0.176348 0.704992 0.010241 0.013712
4 0.265475 0.698975 0.010241 0.013712
4 0.354601 0.691110 0.010241 0.013712
4 0.443728 0.708093 0.010241 0.013712
4 0.532854 0.687975 0.010241 0.013712
4 0.621981 0.715924 0.010241 0.013712
4 0.711108 0.683653 0.010241 0.013712
4 0.800234 0.681076 0.010241 0.013712
4 0.889361 0.630025 0.010241 0.013712
4 0.978500 0.172110 0.010241 0.013712