1 0.087380 0.733102 0.014304 0.019153
1 0.168203 0.776186 0.014304 0.019153
1 0.249038 0.760169 0.014304 0.019153
1 0.329873 0.726678 0.014304 0.019153
1 0.410709 0.792254 0.014304 0.019153
1 0.491544 0.694441 0.014304 0.019153
1 0.572380 0.745085 0.014304 0.019153
1 0.653215 0.760966 0.014304 0.019153
1 0.734051 0.769593 0.014304 0.019153
1 0.814886 0.811864 0.014304 0.019153
1 0.895722 0.774627 0.014304 0.019153
1 0.976557 0.734763 0.014304 0.019153
6 0.087380 0.765373 0.014304 0.019153
6 0.168203 0.703254 0.014304 0.019153
6 0.249038 0.670712 0.014304 0.019153
6 0.329873 0.598678 0.014304 0.019153
6 0.410709 0.500949 0.014304 0.019153
6 0.491544 0.339153 0.014304 0.019153
6 0.572380 0.303508 0.014304 0.019153
6 0.653215 0.172068 0.014304 0.019153
6 0.734051 0.147271 0.014304 0.019153
6 0.814886 0.140102 0.014304 0.019153
6 0.895722 0.111203 0.014304 0.019153
6 0.976557 0.141627 0.014304 0.019153
2 0.087380 0.733949 0.014304 0.019153
2 0.168203 0.797220 0.014304 0.019153
2 0.249038 0.756322 0.014304 0.019153
2 0.329873 0.796203 0.014304 0.019153
2 0.410709 0.754407 0.014304 0.019153
2 0.491544 0.803712 0.014304 0.019153
2 0.572380 0.766898 0.014304 0.019153
2 0.653215 0.707017 0.014304 0.019153
2 0.734051 0.771220 0.014304 0.019153
2 0.814886 0.704593 0.014304 0.019153
2 0.895722 0.445458 0.014304 0.019153
2 0.976557 0.189525 0.014304 0.019153
4 0.087380 0.772966 0.014304 0.019153
4 0.176291 0.844593 0.014304 0.019153
4 0.265215 0.805576 0.014304 0.019153
4 0.354127 0.798729 0.014304 0.019153
4 0.443051 0.794356 0.014304 0.019153
4 0.531962 0.795271 0.014304 0.019153
4 0.620886 0.756492 0.014304 0.019153
4 0.709797 0.873746 0.014304 0.019153
4 0.798722 0.657203 0.014304 0.019153
4 0.887633 0.361051 0.014304 0.019153
4 0.976557 0.153017 0.014304 0.019153