3 0.086108 0.707992 0.010595 0.014186
3 0.213323 0.686788 0.010595 0.014186
3 0.340525 0.647466 0.010595 0.014186
3 0.467728 0.535280 0.010595 0.014186
3 0.594943 0.417195 0.010595 0.014186
3 0.722146 0.289364 0.010595 0.014186
3 0.849348 0.201941 0.010595 0.014186
3 0.976563 0.172178 0.010595 0.014186
1 0.086108 0.611297 0.010595 0.014186
1 0.160323 0.584093 0.010595 0.014186
1 0.234525 0.587280 0.010595 0.014186
1 0.308728 0.588771 0.010595 0.014186
1 0.382930 0.581551 0.010595 0.014186
1 0.457133 0.601568 0.010595 0.014186
1 0.531335 0.580432 0.010595 0.014186
1 0.605538 0.585924 0.010595 0.014186
1 0.679741 0.599432 0.010595 0.014186
1 0.753943 0.594381 0.010595 0.014186
1 0.828158 0.610669 0.010595 0.014186
1 0.902361 0.661517 0.010595 0.014186
1 0.976563 0.903907 0.010595 0.014186
5 0.086108 0.813347 0.010595 0.014186
5 0.154614 0.782008 0.010595 0.014186
5 0.223108 0.798263 0.010595 0.014186
5 0.291601 0.788314 0.010595 0.014186
5 0.360095 0.781144 0.010595 0.014186
5 0.428589 0.776568 0.010595 0.014186
5 0.497095 0.798720 0.010595 0.014186
5 0.565589 0.791415 0.010595 0.014186
5 0.634082 0.773127 0.010595 0.014186
5 0.702576 0.790788 0.010595 0.014186
5 0.771070 0.772534 0.010595 0.014186
5 0.839563 0.699873 0.010595 0.014186
5 0.908070 0.488381 0.010595 0.014186
5 0.976563 0.206093 0.010595 0.014186
7 0.086108 0.788941 0.010595 0.014186
7 0.185057 0.797941 0.010595 0.014186
7 0.283994 0.771805 0.010595 0.014186
7 0.382930 0.798907 0.010595 0.014186
7 0.481867 0.789212 0.010595 0.014186
7 0.580804 0.788517 0.010595 0.014186
7 0.679741 0.787703 0.010595 0.014186
7 0.778677 0.741585 0.010595 0.014186
7 0.877627 0.453398 0.010595 0.014186
7 0.976563 0.171839 0.010595 0.014186