0 0.087373 0.782754 0.009987 0.013373
0 0.168209 0.840839 0.009987 0.013373
0 0.249044 0.764737 0.009987 0.013373
0 0.329880 0.750822 0.009987 0.013373
0 0.410715 0.757449 0.009987 0.013373
0 0.491551 0.764280 0.009987 0.013373
0 0.572386 0.826517 0.009987 0.013373
0 0.653222 0.775212 0.009987 0.013373
0 0.734057 0.801246 0.009987 0.013373
0 0.814892 0.672449 0.009987 0.013373
0 0.895728 0.366178 0.009987 0.013373
0 0.976551 0.188636 0.009987 0.013373
6 0.087373 0.789737 0.009987 0.013373
6 0.142943 0.785415 0.009987 0.013373
6 0.198525 0.792941 0.009987 0.013373
6 0.254095 0.792788 0.009987 0.013373
6 0.309665 0.775144 0.009987 0.013373
6 0.365247 0.803703 0.009987 0.013373
6 0.420816 0.791314 0.009987 0.013373
6 0.476386 0.801331 0.009987 0.013373
6 0.531968 0.822331 0.009987 0.013373
6 0.587538 0.763839 0.009987 0.013373
6 0.643108 0.818347 0.009987 0.013373
6 0.698690 0.753059 0.009987 0.013373
6 0.754259 0.719941 0.009987 0.013373
6 0.809829 0.804246 0.009987 0.013373
6 0.865411 0.740127 0.009987 0.013373
6 0.920981 0.624653 0.009987 0.013373
6 0.976551 0.416161 0.009987 0.013373