1 0.087380 0.798542 0.014962 0.020034
1 0.161468 0.794271 0.014962 0.020034
1 0.235570 0.807339 0.014962 0.020034
1 0.309671 0.757542 0.014962 0.020034
1 0.383772 0.774678 0.014962 0.020034
1 0.457873 0.799627 0.014962 0.020034
1 0.531962 0.763898 0.014962 0.020034
1 0.606063 0.779305 0.014962 0.020034
1 0.680165 0.790661 0.014962 0.020034
1 0.754266 0.764305 0.014962 0.020034
1 0.828354 0.597508 0.014962 0.020034
1 0.902456 0.270542 0.014962 0.020034
1 0.976557 0.135864 0.014962 0.020034
0 0.087380 0.686356 0.014962 0.020034
0 0.186177 0.684746 0.014962 0.020034
0 0.284975 0.650983 0.014962 0.020034
0 0.383772 0.585390 0.014962 0.020034
0 0.482570 0.498356 0.014962 0.020034
0 0.581367 0.439068 0.014962 0.020034
0 0.680165 0.396661 0.014962 0.020034
0 0.778962 0.347814 0.014962 0.020034
0 0.877759 0.343746 0.014962 0.020034
0 0.976557 0.323068 0.014962 0.020034
6 0.087380 0.784576 0.014962 0.020034
6 0.176291 0.785458 0.014962 0.020034
6 0.265215 0.790983 0.014962 0.020034
6 0.354127 0.799831 0.014962 0.020034
6 0.443051 0.788847 0.014962 0.020034
6 0.531962 0.806237 0.014962 0.020034
6 0.620886 0.784356 0.014962 0.020034
6 0.709797 0.792763 0.014962 0.020034
6 0.798722 0.727407 0.014962 0.020034
6 0.887633 0.555492 0.014962 0.020034
6 0.976557 0.199102 0.014962 0.020034
3 0.087380 0.810169 0.014962 0.020034
3 0.198519 0.795305 0.014962 0.020034
3 0.309671 0.737322 0.014962 0.020034
3 0.420823 0.658898 0.014962 0.020034
3 0.531962 0.533966 0.014962 0.020034
3 0.643114 0.408373 0.014962 0.020034
3 0.754266 0.339898 0.014962 0.020034
3 0.865405 0.278983 0.014962 0.020034
3 0.976557 0.260780 0.014962 0.020034