2 0.087373 0.758890 0.014646 0.019610
2 0.161475 0.671805 0.014646 0.019610
2 0.235576 0.634534 0.014646 0.019610
2 0.309677 0.538805 0.014646 0.019610
2 0.383766 0.421280 0.014646 0.019610
2 0.457867 0.346076 0.014646 0.019610
2 0.531968 0.240839 0.014646 0.019610
2 0.606070 0.166975 0.014646 0.019610
2 0.680171 0.181314 0.014646 0.019610
2 0.754259 0.142212 0.014646 0.019610
2 0.828361 0.134890 0.014646 0.019610
2 0.902462 0.115958 0.014646 0.019610
2 0.976563 0.109229 0.014646 0.019610
1 0.087373 0.782212 0.014646 0.019610
1 0.176297 0.781246 0.014646 0.019610
1 0.265209 0.783466 0.014646 0.019610
1 0.354133 0.797602 0.014646 0.019610
1 0.443044 0.763500 0.014646 0.019610
1 0.531968 0.801297 0.014646 0.019610
1 0.620880 0.800703 0.014646 0.019610
1 0.709804 0.783924 0.014646 0.019610
1 0.798728 0.763110 0.014646 0.019610
1 0.887639 0.563483 0.014646 0.019610
1 0.976563 0.215653 0.014646 0.019610
4 0.087373 0.780703 0.014646 0.019610
4 0.155778 0.796110 0.014646 0.019610
4 0.224171 0.805856 0.014646 0.019610
4 0.292576 0.776195 0.014646 0.019610
4 0.360968 0.809805 0.014646 0.019610
4 0.429373 0.786839 0.014646 0.019610
4 0.497766 0.772415 0.014646 0.019610
4 0.566171 0.794686 0.014646 0.019610
4 0.634563 0.782636 0.014646 0.019610
4 0.702968 0.783534 0.014646 0.019610
4 0.771361 0.759703 0.014646 0.019610
4 0.839766 0.693297 0.014646 0.019610
4 0.908158 0.432212 0.014646 0.019610
4 0.976563 0.182585 0.014646 0.019610
5 0.087373 0.793686 0.014646 0.019610
5 0.161475 0.787517 0.014646 0.019610
5 0.235576 0.781890 0.014646 0.019610
5 0.309677 0.771856 0.014646 0.019610
5 0.383766 0.786534 0.014646 0.019610
5 0.457867 0.761483 0.014646 0.019610
5 0.531968 0.792178 0.014646 0.019610
5 0.606070 0.790195 0.014646 0.019610
5 0.680171 0.768025 0.014646 0.019610
5 0.754259 0.755924 0.014646 0.019610
5 0.828361 0.713500 0.014646 0.019610
5 0.902462 0.493280 0.014646 0.019610
5 0.976563 0.216314 0.014646 0.019610