3 0.091177 0.764542 0.015165 0.020305
3 0.165646 0.739051 0.015165 0.020305
3 0.240114 0.694356 0.015165 0.020305
3 0.314582 0.667017 0.015165 0.020305
3 0.389051 0.618271 0.015165 0.020305
3 0.463532 0.554661 0.015165 0.020305
3 0.538000 0.483085 0.015165 0.020305
3 0.612468 0.416441 0.015165 0.020305
3 0.686937 0.357831 0.015165 0.020305
3 0.761405 0.354966 0.015165 0.020305
3 0.835873 0.303017 0.015165 0.020305
3 0.910342 0.313864 0.015165 0.020305
3 0.984810 0.294475 0.015165 0.020305
6 0.091177 0.759390 0.015165 0.020305
6 0.159924 0.753237 0.015165 0.020305
6 0.228658 0.717898 0.015165 0.020305
6 0.297405 0.683034 0.015165 0.020305
6 0.366139 0.714746 0.015165 0.020305
6 0.434886 0.659831 0.015165 0.020305
6 0.503620 0.645508 0.015165 0.020305
6 0.572367 0.626780 0.015165 0.020305
6 0.641101 0.602169 0.015165 0.020305
6 0.709848 0.573169 0.015165 0.020305
6 0.778595 0.571644 0.015165 0.020305
6 0.847329 0.515475 0.015165 0.020305
6 0.916076 0.518085 0.015165 0.020305
6 0.984810 0.483441 0.015165 0.020305
1 0.091177 0.786746 0.015165 0.020305
1 0.155013 0.736017 0.015165 0.020305
1 0.218835 0.744712 0.015165 0.020305
1 0.282671 0.672525 0.015165 0.020305
1 0.346506 0.645356 0.015165 0.020305
1 0.410329 0.566542 0.015165 0.020305
1 0.474165 0.491932 0.015165 0.020305
1 0.538000 0.430898 0.015165 0.020305
1 0.601823 0.318746 0.015165 0.020305
1 0.665658 0.250949 0.015165 0.020305
1 0.729494 0.186559 0.015165 0.020305
1 0.793316 0.153085 0.015165 0.020305
1 0.857152 0.148678 0.015165 0.020305
1 0.920987 0.114746 0.015165 0.020305
1 0.984810 0.098271 0.015165 0.020305
5 0.091177 0.813661 0.015165 0.020305
5 0.143747 0.592576 0.015165 0.020305
5 0.196316 0.518542 0.015165 0.020305
5 0.248873 0.375678 0.015165 0.020305
5 0.301443 0.330814 0.015165 0.020305
5 0.354013 0.282559 0.015165 0.020305
5 0.406582 0.247763 0.015165 0.020305
5 0.459139 0.235525 0.015165 0.020305
5 0.511709 0.192051 0.015165 0.020305
5 0.564278 0.175254 0.015165 0.020305
5 0.616848 0.189203 0.015165 0.020305
5 0.669418 0.178407 0.015165 0.020305
5 0.721975 0.177475 0.015165 0.020305
5 0.774544 0.165864 0.015165 0.020305
5 0.827114 0.163847 0.015165 0.020305
5 0.879684 0.146881 0.015165 0.020305
5 0.932241 0.157136 0.015165 0.020305
5 0.984810 0.149763 0.015165 0.020305
0 0.091177 0.796441 0.015165 0.020305
0 0.150759 0.644424 0.015165 0.020305
0 0.210329 0.505475 0.015165 0.020305
0 0.269899 0.426644 0.015165 0.020305
0 0.329481 0.370542 0.015165 0.020305
0 0.389051 0.332949 0.015165 0.020305
0 0.448633 0.305102 0.015165 0.020305
0 0.508203 0.285068 0.015165 0.020305
0 0.567785 0.247644 0.015165 0.020305
0 0.627354 0.216780 0.015165 0.020305
0 0.686937 0.205932 0.015165 0.020305
0 0.746506 0.157203 0.015165 0.020305
0 0.806089 0.179085 0.015165 0.020305
0 0.865658 0.176949 0.015165 0.020305
0 0.925241 0.169102 0.015165 0.020305
0 0.984810 0.172661 0.015165 0.020305
2 0.091177 0.731322 0.015165 0.020305
2 0.190468 0.737000 0.015165 0.020305
2 0.289759 0.720220 0.015165 0.020305
2 0.389051 0.742712 0.015165 0.020305
2 0.488354 0.713661 0.015165 0.020305
2 0.587646 0.755831 0.015165 0.020305
2 0.686937 0.736169 0.015165 0.020305
2 0.786228 0.717729 0.015165 0.020305
2 0.885519 0.753915 0.015165 0.020305
2 0.984810 0.730508 0.015165 0.020305