4 0.127758 0.778650 0.014242 0.019111
4 0.211796 0.695504 0.014242 0.019111
4 0.295847 0.772085 0.014242 0.019111
4 0.379885 0.681453 0.014242 0.019111
4 0.463924 0.819368 0.014242 0.019111
4 0.547962 0.723880 0.014242 0.019111
4 0.632013 0.759248 0.014242 0.019111
4 0.716051 0.707162 0.014242 0.019111
4 0.800089 0.729214 0.014242 0.019111
4 0.884127 0.424085 0.014242 0.019111
4 0.968178 0.182906 0.014242 0.019111
7 0.127758 0.694137 0.014242 0.019111
7 0.204166 0.701282 0.014242 0.019111
7 0.280561 0.636701 0.014242 0.019111
7 0.356968 0.483812 0.014242 0.019111
7 0.433363 0.395658 0.014242 0.019111
7 0.509771 0.478291 0.014242 0.019111
7 0.586166 0.321761 0.014242 0.019111
7 0.662573 0.273590 0.014242 0.019111
7 0.738968 0.258872 0.014242 0.019111
7 0.815376 0.161932 0.014242 0.019111
7 0.891771 0.231436 0.014242 0.019111
7 0.968178 0.391453 0.014242 0.019111
1 0.127758 0.711897 0.014242 0.019111
1 0.221146 0.684051 0.014242 0.019111
1 0.314522 0.762239 0.014242 0.019111
1 0.407898 0.768085 0.014242 0.019111
1 0.501274 0.660752 0.014242 0.019111
1 0.594662 0.840308 0.014242 0.019111
1 0.688038 0.650308 0.014242 0.019111
1 0.781414 0.707043 0.014242 0.019111
1 0.874790 0.538906 0.014242 0.019111
1 0.968178 0.192889 0.014242 0.019111
3 0.127758 0.855863 0.014242 0.019111
3 0.221146 0.750718 0.014242 0.019111
3 0.314522 0.604359 0.014242 0.019111
3 0.407898 0.826615 0.014242 0.019111
3 0.501274 0.878427 0.014242 0.019111
3 0.594662 0.688735 0.014242 0.019111
3 0.688038 0.745299 0.014242 0.019111
3 0.781414 0.700581 0.014242 0.019111
3 0.874790 0.722650 0.014242 0.019111
3 0.968178 0.309470 0.014242 0.019111
0 0.127758 0.723368 0.014242 0.019111
0 0.211796 0.641333 0.014242 0.019111
0 0.295847 0.626291 0.014242 0.019111
0 0.379885 0.783094 0.014242 0.019111
0 0.463924 0.674359 0.014242 0.019111
0 0.547962 0.623350 0.014242 0.019111
0 0.632013 0.468325 0.014242 0.019111
0 0.716051 0.411607 0.014242 0.019111
0 0.800089 0.302889 0.014242 0.019111
0 0.884127 0.390957 0.014242 0.019111
0 0.968178 0.444718 0.014242 0.019111