2 0.130312 0.774350 0.023299 0.031265
2 0.199879 0.756624 0.023299 0.031265
2 0.269459 0.774795 0.023299 0.031265
2 0.339038 0.759701 0.023299 0.031265
2 0.408618 0.754094 0.023299 0.031265
2 0.478197 0.775274 0.023299 0.031265
2 0.547777 0.758077 0.023299 0.031265
2 0.617344 0.778350 0.023299 0.031265
2 0.686924 0.775838 0.023299 0.031265
2 0.756503 0.749376 0.023299 0.031265
2 0.826083 0.689786 0.023299 0.031265
2 0.895662 0.505325 0.023299 0.031265
2 0.965229 0.239906 0.023299 0.031265
3 0.130312 0.772880 0.023299 0.031265
3 0.213803 0.760504 0.023299 0.031265
3 0.297293 0.764214 0.023299 0.031265
3 0.380783 0.777051 0.023299 0.031265
3 0.464274 0.774248 0.023299 0.031265
3 0.547777 0.776385 0.023299 0.031265
3 0.631268 0.776556 0.023299 0.031265
3 0.714758 0.750179 0.023299 0.031265
3 0.798248 0.676709 0.023299 0.031265
3 0.881739 0.371684 0.023299 0.031265
3 0.965229 0.199564 0.023299 0.031265
4 0.130312 0.754453 0.023299 0.031265
4 0.194529 0.760026 0.023299 0.031265
4 0.258758 0.768692 0.023299 0.031265
4 0.322987 0.768556 0.023299 0.031265
4 0.387204 0.758641 0.023299 0.031265
4 0.451433 0.761547 0.023299 0.031265
4 0.515662 0.768607 0.023299 0.031265
4 0.579879 0.767684 0.023299 0.031265
4 0.644108 0.748470 0.023299 0.031265
4 0.708338 0.761632 0.023299 0.031265
4 0.772554 0.731359 0.023299 0.031265
4 0.836783 0.584556 0.023299 0.031265
4 0.901013 0.319051 0.023299 0.031265
4 0.965229 0.197034 0.023299 0.031265
0 0.130312 0.762812 0.023299 0.031265
0 0.189943 0.748744 0.023299 0.031265
0 0.249586 0.765513 0.023299 0.031265
0 0.309217 0.754162 0.023299 0.031265
0 0.368860 0.778983 0.023299 0.031265
0 0.428490 0.767991 0.023299 0.031265
0 0.488134 0.769342 0.023299 0.031265
0 0.547777 0.759718 0.023299 0.031265
0 0.607408 0.765291 0.023299 0.031265
0 0.667051 0.760624 0.023299 0.031265
0 0.726682 0.755410 0.023299 0.031265
0 0.786325 0.699684 0.023299 0.031265
0 0.845955 0.533205 0.023299 0.031265
0 0.905599 0.281239 0.023299 0.031265
0 0.965229 0.212402 0.023299 0.031265