2 0.091610 0.774305 0.014094 0.018847
2 0.189848 0.818458 0.014094 0.018847
2 0.288086 0.701085 0.014094 0.018847
2 0.386324 0.913763 0.014094 0.018847
2 0.484575 0.772407 0.014094 0.018847
2 0.582814 0.829441 0.014094 0.018847
2 0.681052 0.879814 0.014094 0.018847
2 0.779290 0.711746 0.014094 0.018847
2 0.877529 0.552051 0.014094 0.018847
2 0.975767 0.342881 0.014094 0.018847
4 0.091610 0.773254 0.014094 0.018847
4 0.189848 0.897373 0.014094 0.018847
4 0.288086 0.913763 0.014094 0.018847
4 0.386324 0.797576 0.014094 0.018847
4 0.484575 0.816254 0.014094 0.018847
4 0.582814 0.913763 0.014094 0.018847
4 0.681052 0.759441 0.014094 0.018847
4 0.779290 0.681898 0.014094 0.018847
4 0.877529 0.634254 0.014094 0.018847
4 0.975767 0.245136 0.014094 0.018847
0 0.091610 0.706644 0.014094 0.018847
0 0.189848 0.764068 0.014094 0.018847
0 0.288086 0.793949 0.014094 0.018847
0 0.386324 0.680881 0.014094 0.018847
0 0.484575 0.572729 0.014094 0.018847
0 0.582814 0.427814 0.014094 0.018847
0 0.681052 0.514644 0.014094 0.018847
0 0.779290 0.219729 0.014094 0.018847
0 0.877529 0.274288 0.014094 0.018847
0 0.975767 0.196644 0.014094 0.018847
7 0.091610 0.886814 0.014094 0.018847
7 0.180025 0.600220 0.014094 0.018847
7 0.268441 0.696644 0.014094 0.018847
7 0.356857 0.897881 0.014094 0.018847
7 0.445272 0.718288 0.014094 0.018847
7 0.533688 0.873508 0.014094 0.018847
7 0.622104 0.735017 0.014094 0.018847
7 0.710520 0.889339 0.014094 0.018847
7 0.798935 0.715203 0.014094 0.018847
7 0.887351 0.625051 0.014094 0.018847
7 0.975767 0.278576 0.014094 0.018847