7 0.094968 0.613144 0.010949 0.014661
7 0.168108 0.682873 0.010949 0.014661
7 0.241234 0.678941 0.010949 0.014661
7 0.314373 0.541585 0.010949 0.014661
7 0.387513 0.535246 0.010949 0.014661
7 0.460639 0.491941 0.010949 0.014661
7 0.533778 0.411754 0.010949 0.014661
7 0.606918 0.330042 0.010949 0.014661
7 0.680044 0.403585 0.010949 0.014661
7 0.753184 0.225669 0.010949 0.014661
7 0.826323 0.390788 0.010949 0.014661
7 0.899449 0.305347 0.010949 0.014661
7 0.972589 0.333093 0.010949 0.014661
0 0.094968 0.730839 0.010949 0.014661
0 0.192487 0.749042 0.010949 0.014661
0 0.289994 0.618415 0.010949 0.014661
0 0.387513 0.548364 0.010949 0.014661
0 0.485019 0.428127 0.010949 0.014661
0 0.582538 0.258466 0.010949 0.014661
0 0.680044 0.172331 0.010949 0.014661
0 0.777563 0.184873 0.010949 0.014661
0 0.875070 0.210703 0.010949 0.014661
0 0.972589 0.090246 0.010949 0.014661
3 0.094968 0.792619 0.010949 0.014661
3 0.182728 0.798992 0.010949 0.014661
3 0.270487 0.778398 0.010949 0.014661
3 0.358259 0.768873 0.010949 0.014661
3 0.446019 0.760653 0.010949 0.014661
3 0.533778 0.748873 0.010949 0.014661
3 0.621538 0.810025 0.010949 0.014661
3 0.709297 0.739042 0.010949 0.014661
3 0.797070 0.684839 0.010949 0.014661
3 0.884829 0.452534 0.010949 0.014661
3 0.972589 0.183958 0.010949 0.014661
1 0.094968 0.645229 0.010949 0.014661
1 0.162475 0.673483 0.010949 0.014661
1 0.229994 0.713924 0.010949 0.014661
1 0.297500 0.702856 0.010949 0.014661
1 0.365006 0.663246 0.010949 0.014661
1 0.432513 0.650890 0.010949 0.014661
1 0.500019 0.679517 0.010949 0.014661
1 0.567538 0.623703 0.010949 0.014661
1 0.635044 0.595093 0.010949 0.014661
1 0.702551 0.651788 0.010949 0.014661
1 0.770057 0.624229 0.010949 0.014661
1 0.837563 0.604534 0.010949 0.014661
1 0.905082 0.553941 0.010949 0.014661
1 0.972589 0.144280 0.010949 0.014661
5 0.094968 0.706941 0.010949 0.014661
5 0.162475 0.630992 0.010949 0.014661
5 0.229994 0.639008 0.010949 0.014661
5 0.297500 0.614483 0.010949 0.014661
5 0.365006 0.627280 0.010949 0.014661
5 0.432513 0.605754 0.010949 0.014661
5 0.500019 0.534229 0.010949 0.014661
5 0.567538 0.535619 0.010949 0.014661
5 0.635044 0.534127 0.010949 0.014661
5 0.702551 0.481992 0.010949 0.014661
5 0.770057 0.450602 0.010949 0.014661
5 0.837563 0.383941 0.010949 0.014661
5 0.905082 0.343500 0.010949 0.014661
5 0.972589 0.324059 0.010949 0.014661
4 0.094968 0.735534 0.010949 0.014661
4 0.204677 0.644432 0.010949 0.014661
4 0.314373 0.670008 0.010949 0.014661
4 0.424082 0.717415 0.010949 0.014661
4 0.533778 0.691229 0.010949 0.014661
4 0.643487 0.734839 0.010949 0.014661
4 0.753184 0.626127 0.010949 0.014661
4 0.862880 0.701500 0.010949 0.014661
4 0.972589 0.856907 0.010949 0.014661