0 0.142414 0.657085 0.023019 0.030889
0 0.205242 0.566641 0.023019 0.030889
0 0.268057 0.548521 0.023019 0.030889
0 0.330885 0.443838 0.023019 0.030889
0 0.393713 0.455120 0.023019 0.030889
0 0.456541 0.396026 0.023019 0.030889
0 0.519369 0.377769 0.023019 0.030889
0 0.582197 0.274829 0.023019 0.030889
0 0.645013 0.260521 0.023019 0.030889
0 0.707841 0.238282 0.023019 0.030889
0 0.770669 0.214368 0.023019 0.030889
0 0.833497 0.116487 0.023019 0.030889
0 0.896325 0.173735 0.023019 0.030889
0 0.959153 0.183906 0.023019 0.030889
1 0.142414 0.629513 0.023019 0.030889
1 0.216656 0.673752 0.023019 0.030889
1 0.290911 0.583991 0.023019 0.030889
1 0.365153 0.674573 0.023019 0.030889
1 0.439408 0.644863 0.023019 0.030889
1 0.513650 0.731957 0.023019 0.030889
1 0.587904 0.688658 0.023019 0.030889
1 0.662159 0.667085 0.023019 0.030889
1 0.736401 0.673051 0.023019 0.030889
1 0.810656 0.658538 0.023019 0.030889
1 0.884898 0.529632 0.023019 0.030889
1 0.959153 0.145547 0.023019 0.030889
6 0.142414 0.472521 0.023019 0.030889
6 0.210478 0.525581 0.023019 0.030889
6 0.278529 0.502299 0.023019 0.030889
6 0.346592 0.515120 0.023019 0.030889
6 0.414656 0.519769 0.023019 0.030889
6 0.482720 0.570692 0.023019 0.030889
6 0.550783 0.463581 0.023019 0.030889
6 0.618847 0.529496 0.023019 0.030889
6 0.686898 0.598487 0.023019 0.030889
6 0.754962 0.539205 0.023019 0.030889
6 0.823025 0.453342 0.023019 0.030889
6 0.891089 0.571513 0.023019 0.030889
6 0.959153 0.656111 0.023019 0.030889
3 0.142414 0.796521 0.023019 0.030889
3 0.205242 0.816060 0.023019 0.030889
3 0.268057 0.701427 0.023019 0.030889
3 0.330885 0.771188 0.023019 0.030889
3 0.393713 0.763632 0.023019 0.030889
3 0.456541 0.792709 0.023019 0.030889
3 0.519369 0.759462 0.023019 0.030889
3 0.582197 0.714726 0.023019 0.030889
3 0.645013 0.721564 0.023019 0.030889
3 0.707841 0.805940 0.023019 0.030889
3 0.770669 0.750470 0.023019 0.030889
3 0.833497 0.677991 0.023019 0.030889
3 0.896325 0.391889 0.023019 0.030889
3 0.959153 0.225256 0.023019 0.030889
5 0.142414 0.759291 0.023019 0.030889
5 0.200745 0.698863 0.023019 0.030889
5 0.259089 0.773427 0.023019 0.030889
5 0.317420 0.765786 0.023019 0.030889
5 0.375764 0.698316 0.023019 0.030889
5 0.434108 0.792607 0.023019 0.030889
5 0.492439 0.719034 0.023019 0.030889
5 0.550783 0.818880 0.023019 0.030889
5 0.609115 0.770145 0.023019 0.030889
5 0.667459 0.774231 0.023019 0.030889
5 0.725790 0.768299 0.023019 0.030889
5 0.784134 0.766419 0.023019 0.030889
5 0.842465 0.747513 0.023019 0.030889
5 0.900809 0.767598 0.023019 0.030889
5 0.959153 0.802248 0.023019 0.030889