4 0.091610 0.745661 0.014043 0.018780
4 0.202129 0.736424 0.014043 0.018780
4 0.312649 0.739729 0.014043 0.018780
4 0.423169 0.752814 0.014043 0.018780
4 0.533688 0.809864 0.014043 0.018780
4 0.644208 0.791814 0.014043 0.018780
4 0.754728 0.841814 0.014043 0.018780
4 0.865247 0.667424 0.014043 0.018780
4 0.975767 0.160593 0.014043 0.018780
0 0.091610 0.840695 0.014043 0.018780
0 0.180025 0.834898 0.014043 0.018780
0 0.268441 0.856814 0.014043 0.018780
0 0.356857 0.825678 0.014043 0.018780
0 0.445272 0.852864 0.014043 0.018780
0 0.533688 0.814780 0.014043 0.018780
0 0.622104 0.787966 0.014043 0.018780
0 0.710520 0.743898 0.014043 0.018780
0 0.798935 0.687203 0.014043 0.018780
0 0.887351 0.368119 0.014043 0.018780
0 0.975767 0.126831 0.014043 0.018780
1 0.091610 0.810220 0.014043 0.018780
1 0.180025 0.797932 0.014043 0.018780
1 0.268441 0.767763 0.014043 0.018780
1 0.356857 0.731017 0.014043 0.018780
1 0.445272 0.830475 0.014043 0.018780
1 0.533688 0.724034 0.014043 0.018780
1 0.622104 0.733542 0.014043 0.018780
1 0.710520 0.778000 0.014043 0.018780
1 0.798935 0.745119 0.014043 0.018780
1 0.887351 0.760373 0.014043 0.018780
1 0.975767 0.700881 0.014043 0.018780
6 0.091610 0.643847 0.014043 0.018780
6 0.180025 0.666610 0.014043 0.018780
6 0.268441 0.737576 0.014043 0.018780
6 0.356857 0.612678 0.014043 0.018780
6 0.445272 0.543831 0.014043 0.018780
6 0.533688 0.395814 0.014043 0.018780
6 0.622104 0.365051 0.014043 0.018780
6 0.710520 0.308203 0.014043 0.018780
6 0.798935 0.175881 0.014043 0.018780
6 0.887351 0.234203 0.014043 0.018780
6 0.975767 0.206847 0.014043 0.018780