6 0.087373 0.673364 0.010797 0.014458
6 0.168209 0.705822 0.010797 0.014458
6 0.249044 0.750686 0.010797 0.014458
6 0.329880 0.659093 0.010797 0.014458
6 0.410715 0.746042 0.010797 0.014458
6 0.491551 0.661822 0.010797 0.014458
6 0.572386 0.692500 0.010797 0.014458
6 0.653222 0.695992 0.010797 0.014458
6 0.734057 0.730161 0.010797 0.014458
6 0.814892 0.736212 0.010797 0.014458
6 0.895728 0.726229 0.010797 0.014458
6 0.976563 0.913568 0.010797 0.014458
0 0.087373 0.690602 0.010797 0.014458
0 0.265209 0.582178 0.010797 0.014458
0 0.443044 0.474703 0.010797 0.014458
0 0.620880 0.357025 0.010797 0.014458
0 0.798728 0.414432 0.010797 0.014458
0 0.976563 0.333127 0.010797 0.014458
4 0.087373 0.736059 0.010797 0.014458
4 0.214399 0.692992 0.010797 0.014458
4 0.341424 0.620381 0.010797 0.014458
4 0.468449 0.570025 0.010797 0.014458
4 0.595475 0.482500 0.010797 0.014458
4 0.722513 0.401924 0.010797 0.014458
4 0.849538 0.354568 0.010797 0.014458
4 0.976563 0.312941 0.010797 0.014458
7 0.087373 0.719483 0.010797 0.014458
7 0.186171 0.742737 0.010797 0.014458
7 0.284968 0.619076 0.010797 0.014458
7 0.383766 0.625551 0.010797 0.014458
7 0.482563 0.557263 0.010797 0.014458
7 0.581361 0.364127 0.010797 0.014458
7 0.680158 0.275212 0.010797 0.014458
7 0.778968 0.208432 0.010797 0.014458
7 0.877766 0.217856 0.010797 0.014458
7 0.976563 0.220703 0.010797 0.014458