1 0.087380 0.678051 0.016481 0.022068
1 0.168215 0.701254 0.016481 0.022068
1 0.249051 0.644627 0.016481 0.022068
1 0.329873 0.607949 0.016481 0.022068
1 0.410709 0.513424 0.016481 0.022068
1 0.491544 0.476898 0.016481 0.022068
1 0.572380 0.379966 0.016481 0.022068
1 0.653215 0.265186 0.016481 0.022068
1 0.734051 0.210017 0.016481 0.022068
1 0.814886 0.140966 0.016481 0.022068
1 0.895722 0.120305 0.016481 0.022068
1 0.976557 0.103542 0.016481 0.022068
2 0.087380 0.545881 0.016481 0.022068
2 0.161468 0.576559 0.016481 0.022068
2 0.235570 0.576271 0.016481 0.022068
2 0.309671 0.537102 0.016481 0.022068
2 0.383772 0.551169 0.016481 0.022068
2 0.457873 0.562051 0.016481 0.022068
2 0.531962 0.568390 0.016481 0.022068
2 0.606063 0.564712 0.016481 0.022068
2 0.680165 0.556712 0.016481 0.022068
2 0.754266 0.547000 0.016481 0.022068
2 0.828354 0.590254 0.016481 0.022068
2 0.902456 0.624390 0.016481 0.022068
2 0.976557 0.795881 0.016481 0.022068
5 0.087380 0.622949 0.016481 0.022068
5 0.155772 0.617949 0.016481 0.022068
5 0.224177 0.580593 0.016481 0.022068
5 0.292570 0.541864 0.016481 0.022068
5 0.360975 0.473492 0.016481 0.022068
5 0.429367 0.414407 0.016481 0.022068
5 0.497772 0.371593 0.016481 0.022068
5 0.566165 0.294678 0.016481 0.022068
5 0.634570 0.262305 0.016481 0.022068
5 0.702962 0.243000 0.016481 0.022068
5 0.771367 0.237441 0.016481 0.022068
5 0.839759 0.239271 0.016481 0.022068
5 0.908165 0.221644 0.016481 0.022068
5 0.976557 0.209915 0.016481 0.022068
6 0.087380 0.795949 0.016481 0.022068
6 0.142949 0.771542 0.016481 0.022068
6 0.198519 0.787203 0.016481 0.022068
6 0.254101 0.768305 0.016481 0.022068
6 0.309671 0.775051 0.016481 0.022068
6 0.365241 0.780763 0.016481 0.022068
6 0.420823 0.786525 0.016481 0.022068
6 0.476392 0.786915 0.016481 0.022068
6 0.531962 0.788593 0.016481 0.022068
6 0.587544 0.764220 0.016481 0.022068
6 0.643114 0.790153 0.016481 0.022068
6 0.698684 0.797712 0.016481 0.022068
6 0.754266 0.731576 0.016481 0.022068
6 0.809835 0.678220 0.016481 0.022068
6 0.865405 0.503797 0.016481 0.022068
6 0.920987 0.251966 0.016481 0.022068
6 0.976557 0.156373 0.016481 0.022068