2 0.087373 0.735229 0.013911 0.018627
2 0.139677 0.750195 0.013911 0.018627
2 0.191981 0.871127 0.013911 0.018627
2 0.244285 0.859907 0.013911 0.018627
2 0.296589 0.855178 0.013911 0.018627
2 0.348905 0.695805 0.013911 0.018627
2 0.401209 0.711788 0.013911 0.018627
2 0.453513 0.862415 0.013911 0.018627
2 0.505816 0.723127 0.013911 0.018627
2 0.558120 0.621737 0.013911 0.018627
2 0.610424 0.616737 0.013911 0.018627
2 0.662728 0.842331 0.013911 0.018627
2 0.715032 0.745941 0.013911 0.018627
2 0.767335 0.664297 0.013911 0.018627
2 0.819639 0.787466 0.013911 0.018627
2 0.871943 0.858941 0.013911 0.018627
2 0.924247 0.688636 0.013911 0.018627
2 0.976563 0.347771 0.013911 0.018627
7 0.087373 0.826076 0.013911 0.018627
7 0.139677 0.736958 0.013911 0.018627
7 0.191981 0.783822 0.013911 0.018627
7 0.244285 0.700280 0.013911 0.018627
7 0.296589 0.847127 0.013911 0.018627
7 0.348905 0.643856 0.013911 0.018627
7 0.401209 0.613873 0.013911 0.018627
7 0.453513 0.749381 0.013911 0.018627
7 0.505816 0.638263 0.013911 0.018627
7 0.558120 0.563720 0.013911 0.018627
7 0.610424 0.588669 0.013911 0.018627
7 0.662728 0.487653 0.013911 0.018627
7 0.715032 0.472585 0.013911 0.018627
7 0.767335 0.316331 0.013911 0.018627
7 0.819639 0.358686 0.013911 0.018627
7 0.871943 0.426025 0.013911 0.018627
7 0.924247 0.334788 0.013911 0.018627
7 0.976563 0.252229 0.013911 0.018627
1 0.087373 0.825568 0.013911 0.018627
1 0.155778 0.775602 0.013911 0.018627
1 0.224171 0.745127 0.013911 0.018627
1 0.292576 0.784669 0.013911 0.018627
1 0.360968 0.834500 0.013911 0.018627
1 0.429373 0.879788 0.013911 0.018627
1 0.497766 0.745551 0.013911 0.018627
1 0.566171 0.669008 0.013911 0.018627
1 0.634563 0.778398 0.013911 0.018627
1 0.702968 0.753669 0.013911 0.018627
1 0.771361 0.806585 0.013911 0.018627
1 0.839766 0.582161 0.013911 0.018627
1 0.908158 0.332449 0.013911 0.018627
1 0.976563 0.226568 0.013911 0.018627
5 0.087373 0.676314 0.013911 0.018627
5 0.176297 0.824500 0.013911 0.018627
5 0.265209 0.788297 0.013911 0.018627
5 0.354133 0.756059 0.013911 0.018627
5 0.443044 0.738008 0.013911 0.018627
5 0.531968 0.760331 0.013911 0.018627
5 0.620880 0.653144 0.013911 0.018627
5 0.709804 0.737229 0.013911 0.018627
5 0.798715 0.666975 0.013911 0.018627
5 0.887639 0.468941 0.013911 0.018627
5 0.976563 0.139449 0.013911 0.018627
6 0.087373 0.614246 0.013911 0.018627
6 0.155778 0.548381 0.013911 0.018627
6 0.224171 0.610653 0.013911 0.018627
6 0.292576 0.622127 0.013911 0.018627
6 0.360968 0.557958 0.013911 0.018627
6 0.429373 0.488432 0.013911 0.018627
6 0.497766 0.439314 0.013911 0.018627
6 0.566171 0.710669 0.013911 0.018627
6 0.634563 0.556059 0.013911 0.018627
6 0.702968 0.706280 0.013911 0.018627
6 0.771361 0.625585 0.013911 0.018627
6 0.839766 0.535822 0.013911 0.018627
6 0.908158 0.623314 0.013911 0.018627
6 0.976563 0.913771 0.013911 0.018627