2 0.097582 0.773932 0.011620 0.015559
2 0.185089 0.806169 0.011620 0.015559
2 0.272582 0.748593 0.011620 0.015559
2 0.360089 0.720678 0.011620 0.015559
2 0.447582 0.760881 0.011620 0.015559
2 0.535089 0.711881 0.011620 0.015559
2 0.622582 0.557441 0.011620 0.015559
2 0.710089 0.406644 0.011620 0.015559
2 0.797595 0.336288 0.011620 0.015559
2 0.885089 0.313407 0.011620 0.015559
2 0.972595 0.185068 0.011620 0.015559
5 0.097582 0.661508 0.011620 0.015559
5 0.185089 0.618186 0.011620 0.015559
5 0.272582 0.701898 0.011620 0.015559
5 0.360089 0.609475 0.011620 0.015559
5 0.447582 0.662085 0.011620 0.015559
5 0.535089 0.564593 0.011620 0.015559
5 0.622582 0.683966 0.011620 0.015559
5 0.710089 0.591051 0.011620 0.015559
5 0.797595 0.591814 0.011620 0.015559
5 0.885089 0.682220 0.011620 0.015559
5 0.972595 0.906983 0.011620 0.015559
4 0.097582 0.793356 0.011620 0.015559
4 0.164886 0.838949 0.011620 0.015559
4 0.232203 0.775373 0.011620 0.015559
4 0.299506 0.771763 0.011620 0.015559
4 0.366823 0.729000 0.011620 0.015559
4 0.434127 0.761051 0.011620 0.015559
4 0.501430 0.712203 0.011620 0.015559
4 0.568747 0.830203 0.011620 0.015559
4 0.636051 0.774898 0.011620 0.015559
4 0.703354 0.752661 0.011620 0.015559
4 0.770671 0.666627 0.011620 0.015559
4 0.837975 0.545203 0.011620 0.015559
4 0.905278 0.286814 0.011620 0.015559
4 0.972595 0.150729 0.011620 0.015559
7 0.097582 0.713898 0.011620 0.015559
7 0.243418 0.713763 0.011620 0.015559
7 0.389253 0.596424 0.011620 0.015559
7 0.535089 0.467407 0.011620 0.015559
7 0.680924 0.292831 0.011620 0.015559
7 0.826759 0.182034 0.011620 0.015559
7 0.972595 0.200102 0.011620 0.015559