2 0.107008 0.652394 0.017548 0.023526
2 0.185750 0.694966 0.017548 0.023526
2 0.264504 0.664864 0.017548 0.023526
2 0.343247 0.546397 0.017548 0.023526
2 0.422001 0.465596 0.017548 0.023526
2 0.500756 0.432325 0.017548 0.023526
2 0.579498 0.414336 0.017548 0.023526
2 0.658253 0.378697 0.017548 0.023526
2 0.736995 0.372922 0.017548 0.023526
2 0.815750 0.343739 0.017548 0.023526
2 0.894504 0.300162 0.017548 0.023526
2 0.973247 0.316670 0.017548 0.023526
4 0.107008 0.865273 0.017548 0.023526
4 0.168875 0.730128 0.017548 0.023526
4 0.230756 0.814949 0.017548 0.023526
4 0.292624 0.728458 0.017548 0.023526
4 0.354504 0.826550 0.017548 0.023526
4 0.416372 0.781048 0.017548 0.023526
4 0.478253 0.747589 0.017548 0.023526
4 0.540121 0.784080 0.017548 0.023526
4 0.602001 0.761797 0.017548 0.023526
4 0.663869 0.741610 0.017548 0.023526
4 0.725750 0.761099 0.017548 0.023526
4 0.787630 0.695988 0.017548 0.023526
4 0.849498 0.620077 0.017548 0.023526
4 0.911379 0.396823 0.017548 0.023526
4 0.973247 0.214659 0.017548 0.023526
3 0.107008 0.772973 0.017548 0.023526
3 0.193628 0.771201 0.017548 0.023526
3 0.280248 0.746278 0.017548 0.023526
3 0.366881 0.806687 0.017548 0.023526
3 0.453501 0.778935 0.017548 0.023526
3 0.540121 0.768322 0.017548 0.023526
3 0.626753 0.768066 0.017548 0.023526
3 0.713374 0.803603 0.017548 0.023526
3 0.799994 0.821491 0.017548 0.023526
3 0.886626 0.723927 0.017548 0.023526
3 0.973247 0.305443 0.017548 0.023526
6 0.107008 0.795869 0.017548 0.023526
6 0.203247 0.749310 0.017548 0.023526
6 0.299498 0.788237 0.017548 0.023526
6 0.395750 0.762342 0.017548 0.023526
6 0.492001 0.786806 0.017548 0.023526
6 0.588253 0.770571 0.017548 0.023526
6 0.684504 0.707692 0.017548 0.023526
6 0.780743 0.659463 0.017548 0.023526
6 0.876995 0.490503 0.017548 0.023526
6 0.973247 0.202325 0.017548 0.023526
1 0.107008 0.813194 0.017548 0.023526
1 0.168875 0.752274 0.017548 0.023526
1 0.230756 0.804182 0.017548 0.023526
1 0.292624 0.764148 0.017548 0.023526
1 0.354504 0.657879 0.017548 0.023526
1 0.416372 0.715971 0.017548 0.023526
1 0.478253 0.566056 0.017548 0.023526
1 0.540121 0.551695 0.017548 0.023526
1 0.602001 0.440758 0.017548 0.023526
1 0.663869 0.364830 0.017548 0.023526
1 0.725750 0.371303 0.017548 0.023526
1 0.787630 0.274557 0.017548 0.023526
1 0.849498 0.199037 0.017548 0.023526
1 0.911379 0.202649 0.017548 0.023526
1 0.973247 0.261899 0.017548 0.023526
5 0.107008 0.585664 0.017548 0.023526
5 0.193628 0.624506 0.017548 0.023526
5 0.280248 0.516942 0.017548 0.023526
5 0.366881 0.541644 0.017548 0.023526
5 0.453501 0.383160 0.017548 0.023526
5 0.540121 0.359480 0.017548 0.023526
5 0.626753 0.263518 0.017548 0.023526
5 0.713374 0.266005 0.017548 0.023526
5 0.799994 0.230451 0.017548 0.023526
5 0.886626 0.157453 0.017548 0.023526
5 0.973247 0.155204 0.017548 0.023526