0 0.115742 0.605954 0.017119 0.022981
0 0.186707 0.616499 0.017119 0.022981
0 0.257671 0.646346 0.017119 0.022981
0 0.328623 0.531968 0.017119 0.022981
0 0.399588 0.566414 0.017119 0.022981
0 0.470552 0.438475 0.017119 0.022981
0 0.541516 0.585698 0.017119 0.022981
0 0.612468 0.563228 0.017119 0.022981
0 0.683433 0.570792 0.017119 0.022981
0 0.754397 0.651814 0.017119 0.022981
0 0.825349 0.527777 0.017119 0.022981
0 0.896313 0.477147 0.017119 0.022981
0 0.967278 0.042598 0.017119 0.022981
7 0.115742 0.635460 0.017119 0.022981
7 0.210362 0.738288 0.017119 0.022981
7 0.304981 0.689940 0.017119 0.022981
7 0.399588 0.785477 0.017119 0.022981
7 0.494207 0.628680 0.017119 0.022981
7 0.588813 0.516874 0.017119 0.022981
7 0.683433 0.289923 0.017119 0.022981
7 0.778039 0.256567 0.017119 0.022981
7 0.872659 0.221269 0.017119 0.022981
7 0.967278 0.190826 0.017119 0.022981
4 0.115742 0.475034 0.017119 0.022981
4 0.193154 0.476363 0.017119 0.022981
4 0.270565 0.460162 0.017119 0.022981
4 0.347976 0.433927 0.017119 0.022981
4 0.425387 0.514199 0.017119 0.022981
4 0.502811 0.496942 0.017119 0.022981
4 0.580222 0.475460 0.017119 0.022981
4 0.657633 0.565477 0.017119 0.022981
4 0.735044 0.590434 0.017119 0.022981
4 0.812456 0.724625 0.017119 0.022981
4 0.889867 0.596056 0.017119 0.022981
4 0.967278 0.472547 0.017119 0.022981
3 0.115742 0.678646 0.017119 0.022981
3 0.222189 0.547436 0.017119 0.022981
3 0.328623 0.685852 0.017119 0.022981
3 0.435070 0.645239 0.017119 0.022981
3 0.541516 0.680332 0.017119 0.022981
3 0.647951 0.765358 0.017119 0.022981
3 0.754397 0.690213 0.017119 0.022981
3 0.860831 0.760622 0.017119 0.022981
3 0.967278 0.194165 0.017119 0.022981
5 0.115742 0.673484 0.017119 0.022981
5 0.210362 0.579378 0.017119 0.022981
5 0.304981 0.635358 0.017119 0.022981
5 0.399588 0.656721 0.017119 0.022981
5 0.494207 0.465068 0.017119 0.022981
5 0.588813 0.280247 0.017119 0.022981
5 0.683433 0.238833 0.017119 0.022981
5 0.778039 0.363756 0.017119 0.022981
5 0.872659 0.177181 0.017119 0.022981
5 0.967278 0.160503 0.017119 0.022981
2 0.115742 0.699225 0.017119 0.022981
2 0.222189 0.568867 0.017119 0.022981
2 0.328623 0.406090 0.017119 0.022981
2 0.435070 0.529651 0.017119 0.022981
2 0.541516 0.358884 0.017119 0.022981
2 0.647951 0.245375 0.017119 0.022981
2 0.754397 0.151099 0.017119 0.022981
2 0.860831 0.070758 0.017119 0.022981
2 0.967278 0.209361 0.017119 0.022981