0 0.125210 0.783932 0.023134 0.031043
0 0.201847 0.881846 0.023134 0.031043
0 0.278471 0.768513 0.023134 0.031043
0 0.355108 0.679932 0.023134 0.031043
0 0.431745 0.875897 0.023134 0.031043
0 0.508369 0.767231 0.023134 0.031043
0 0.585006 0.788564 0.023134 0.031043
0 0.661643 0.821607 0.023134 0.031043
0 0.738268 0.735504 0.023134 0.031043
0 0.814904 0.717060 0.023134 0.031043
0 0.891541 0.445846 0.023134 0.031043
0 0.968166 0.204256 0.023134 0.031043
4 0.125210 0.587333 0.023134 0.031043
4 0.201847 0.601880 0.023134 0.031043
4 0.278471 0.646564 0.023134 0.031043
4 0.355108 0.595094 0.023134 0.031043
4 0.431745 0.575504 0.023134 0.031043
4 0.508369 0.581487 0.023134 0.031043
4 0.585006 0.626376 0.023134 0.031043
4 0.661643 0.667521 0.023134 0.031043
4 0.738268 0.611556 0.023134 0.031043
4 0.814904 0.602120 0.023134 0.031043
4 0.891541 0.501761 0.023134 0.031043
4 0.968166 0.198154 0.023134 0.031043
7 0.125210 0.659709 0.023134 0.031043
7 0.195465 0.509915 0.023134 0.031043
7 0.265707 0.590068 0.023134 0.031043
7 0.335949 0.553179 0.023134 0.031043
7 0.406204 0.529248 0.023134 0.031043
7 0.476446 0.492171 0.023134 0.031043
7 0.546688 0.393299 0.023134 0.031043
7 0.616943 0.371179 0.023134 0.031043
7 0.687185 0.338034 0.023134 0.031043
7 0.757427 0.298274 0.023134 0.031043
7 0.827682 0.285573 0.023134 0.031043
7 0.897924 0.349333 0.023134 0.031043
7 0.968166 0.361453 0.023134 0.031043