3 0.139866 0.814419 0.020089 0.026957
3 0.199408 0.813342 0.020089 0.026957
3 0.258962 0.838863 0.020089 0.026957
3 0.318516 0.866350 0.020089 0.026957
3 0.378057 0.844265 0.020089 0.026957
3 0.437611 0.883051 0.020089 0.026957
3 0.497166 0.834179 0.020089 0.026957
3 0.556707 0.883051 0.020089 0.026957
3 0.616261 0.883051 0.020089 0.026957
3 0.675815 0.815786 0.020089 0.026957
3 0.735369 0.883051 0.020089 0.026957
3 0.794911 0.883051 0.020089 0.026957
3 0.854465 0.883051 0.020089 0.026957
3 0.914019 0.883051 0.020089 0.026957
3 0.973561 0.883051 0.020089 0.026957
6 0.139866 0.711068 0.020089 0.026957
6 0.203994 0.471325 0.020089 0.026957
6 0.268121 0.366538 0.020089 0.026957
6 0.332248 0.109479 0.020089 0.026957
6 0.396389 0.191598 0.020089 0.026957
6 0.460516 0.268077 0.020089 0.026957
6 0.524643 0.216658 0.020089 0.026957
6 0.588783 0.281513 0.020089 0.026957
6 0.652911 0.102949 0.020089 0.026957
6 0.717038 0.153838 0.020089 0.026957
6 0.781166 0.151376 0.020089 0.026957
6 0.845306 0.125684 0.020089 0.026957
6 0.909433 0.052128 0.020089 0.026957
6 0.973561 0.055803 0.020089 0.026957
1 0.139866 0.639889 0.020089 0.026957
1 0.199408 0.472453 0.020089 0.026957
1 0.258962 0.667974 0.020089 0.026957
1 0.318516 0.516521 0.020089 0.026957
1 0.378057 0.482538 0.020089 0.026957
1 0.437611 0.580282 0.020089 0.026957
1 0.497166 0.386744 0.020089 0.026957
1 0.556707 0.462692 0.020089 0.026957
1 0.616261 0.363530 0.020089 0.026957
1 0.675815 0.363581 0.020089 0.026957
1 0.735369 0.290368 0.020089 0.026957
1 0.794911 0.243923 0.020089 0.026957
1 0.854465 0.178641 0.020089 0.026957
1 0.914019 0.090145 0.020089 0.026957
1 0.973561 0.161444 0.020089 0.026957
7 0.139866 0.870299 0.020089 0.026957
7 0.244070 0.740077 0.020089 0.026957
7 0.348287 0.883051 0.020089 0.026957
7 0.452503 0.826094 0.020089 0.026957
7 0.556707 0.740214 0.020089 0.026957
7 0.660924 0.814590 0.020089 0.026957
7 0.765140 0.755769 0.020089 0.026957
7 0.869357 0.883051 0.020089 0.026957
7 0.973561 0.792077 0.020089 0.026957
5 0.139866 0.596265 0.020089 0.026957
5 0.232490 0.628179 0.020089 0.026957
5 0.325127 0.587615 0.020089 0.026957
5 0.417764 0.638128 0.020089 0.026957
5 0.510401 0.619325 0.020089 0.026957
5 0.603025 0.552538 0.020089 0.026957
5 0.695662 0.677821 0.020089 0.026957
5 0.788299 0.604282 0.020089 0.026957
5 0.880936 0.607650 0.020089 0.026957
5 0.973561 0.575991 0.020089 0.026957