5 0.106859 0.785852 0.017195 0.023083
5 0.161542 0.560111 0.017195 0.023083
5 0.216212 0.424557 0.017195 0.023083
5 0.270882 0.396193 0.017195 0.023083
5 0.325552 0.297538 0.017195 0.023083
5 0.380222 0.241388 0.017195 0.023083
5 0.434892 0.209174 0.017195 0.023083
5 0.489562 0.166158 0.017195 0.023083
5 0.544232 0.211405 0.017195 0.023083
5 0.598902 0.196516 0.017195 0.023083
5 0.653572 0.114438 0.017195 0.023083
5 0.708242 0.176499 0.017195 0.023083
5 0.762912 0.236363 0.017195 0.023083
5 0.817582 0.156346 0.017195 0.023083
5 0.872253 0.202530 0.017195 0.023083
5 0.926935 0.198032 0.017195 0.023083
5 0.981605 0.206193 0.017195 0.023083
3 0.106859 0.713842 0.017195 0.023083
3 0.158319 0.725290 0.017195 0.023083
3 0.209778 0.696244 0.017195 0.023083
3 0.261225 0.705613 0.017195 0.023083
3 0.312684 0.698509 0.017195 0.023083
3 0.364143 0.640503 0.017195 0.023083
3 0.415590 0.680349 0.017195 0.023083
3 0.467049 0.593330 0.017195 0.023083
3 0.518509 0.549957 0.017195 0.023083
3 0.569956 0.576704 0.017195 0.023083
3 0.621415 0.572956 0.017195 0.023083
3 0.672874 0.468356 0.017195 0.023083
3 0.724321 0.402564 0.017195 0.023083
3 0.775780 0.317504 0.017195 0.023083
3 0.827240 0.370315 0.017195 0.023083
3 0.878687 0.258032 0.017195 0.023083
3 0.930146 0.282087 0.017195 0.023083
3 0.981605 0.277351 0.017195 0.023083
7 0.106859 0.760741 0.017195 0.023083
7 0.216212 0.819821 0.017195 0.023083
7 0.325552 0.765170 0.017195 0.023083
7 0.434892 0.797095 0.017195 0.023083
7 0.544232 0.862939 0.017195 0.023083
7 0.653572 0.809702 0.017195 0.023083
7 0.762912 0.835971 0.017195 0.023083
7 0.872253 0.907436 0.017195 0.023083
7 0.981605 0.907436 0.017195 0.023083
4 0.106859 0.744642 0.017195 0.023083
4 0.158319 0.687436 0.017195 0.023083
4 0.209778 0.669906 0.017195 0.023083
4 0.261225 0.583109 0.017195 0.023083
4 0.312684 0.460911 0.017195 0.023083
4 0.364143 0.431951 0.017195 0.023083
4 0.415590 0.403722 0.017195 0.023083
4 0.467049 0.392376 0.017195 0.023083
4 0.518509 0.358612 0.017195 0.023083
4 0.569956 0.408186 0.017195 0.023083
4 0.621415 0.351934 0.017195 0.023083
4 0.672874 0.339617 0.017195 0.023083
4 0.724321 0.261508 0.017195 0.023083
4 0.775780 0.268492 0.017195 0.023083
4 0.827240 0.294796 0.017195 0.023083
4 0.878687 0.230690 0.017195 0.023083
4 0.930146 0.289174 0.017195 0.023083
4 0.981605 0.234182 0.017195 0.023083