1 0.117018 0.691141 0.015025 0.020170
1 0.258731 0.632147 0.015025 0.020170
1 0.400431 0.642589 0.015025 0.020170
1 0.542145 0.422181 0.015025 0.020170
1 0.683858 0.360358 0.015025 0.020170
1 0.825558 0.338637 0.015025 0.020170
1 0.967272 0.310750 0.015025 0.020170
4 0.117018 0.666661 0.015025 0.020170
4 0.223299 0.615366 0.015025 0.020170
4 0.329581 0.579131 0.015025 0.020170
4 0.435863 0.490988 0.015025 0.020170
4 0.542145 0.464787 0.015025 0.020170
4 0.648426 0.349455 0.015025 0.020170
4 0.754708 0.175588 0.015025 0.020170
4 0.860990 0.226934 0.015025 0.020170
4 0.967272 0.235366 0.015025 0.020170
0 0.117018 0.685656 0.015025 0.020170
0 0.194315 0.630613 0.015025 0.020170
0 0.271612 0.617802 0.015025 0.020170
0 0.348909 0.513066 0.015025 0.020170
0 0.426206 0.427342 0.015025 0.020170
0 0.503503 0.383595 0.015025 0.020170
0 0.580787 0.377359 0.015025 0.020170
0 0.658084 0.280187 0.015025 0.020170
0 0.735381 0.314821 0.015025 0.020170
0 0.812678 0.264651 0.015025 0.020170
0 0.889975 0.276167 0.015025 0.020170
0 0.967272 0.314174 0.015025 0.020170
3 0.117018 0.735298 0.015025 0.020170
3 0.187868 0.749591 0.015025 0.020170
3 0.258731 0.813049 0.015025 0.020170
3 0.329581 0.832436 0.015025 0.020170
3 0.400431 0.788484 0.015025 0.020170
3 0.471294 0.739608 0.015025 0.020170
3 0.542145 0.823101 0.015025 0.020170
3 0.612995 0.749591 0.015025 0.020170
3 0.683858 0.749387 0.015025 0.020170
3 0.754708 0.804242 0.015025 0.020170
3 0.825558 0.679404 0.015025 0.020170
3 0.896421 0.497240 0.015025 0.020170
3 0.967272 0.175707 0.015025 0.020170