1 0.083424 0.795602 0.010342 0.013847
1 0.195297 0.809297 0.010342 0.013847
1 0.307184 0.742398 0.010342 0.013847
1 0.419070 0.798144 0.010342 0.013847
1 0.530956 0.777466 0.010342 0.013847
1 0.642842 0.823856 0.010342 0.013847
1 0.754728 0.808653 0.010342 0.013847
1 0.866601 0.697992 0.010342 0.013847
1 0.978487 0.252229 0.010342 0.013847
0 0.083424 0.748161 0.010342 0.013847
0 0.182867 0.803534 0.010342 0.013847
0 0.282323 0.814195 0.010342 0.013847
0 0.381778 0.776890 0.010342 0.013847
0 0.481234 0.725568 0.010342 0.013847
0 0.580677 0.755432 0.010342 0.013847
0 0.680133 0.765483 0.010342 0.013847
0 0.779589 0.731195 0.010342 0.013847
0 0.879044 0.384347 0.010342 0.013847
0 0.978487 0.185415 0.010342 0.013847
6 0.083424 0.720008 0.010342 0.013847
6 0.262437 0.688941 0.010342 0.013847
6 0.441449 0.565992 0.010342 0.013847
6 0.620462 0.407297 0.010342 0.013847
6 0.799475 0.187144 0.010342 0.013847
6 0.978487 0.226093 0.010342 0.013847
2 0.083424 0.723093 0.010342 0.013847
2 0.182867 0.736907 0.010342 0.013847
2 0.282323 0.698788 0.010342 0.013847
2 0.381778 0.658941 0.010342 0.013847
2 0.481234 0.493263 0.010342 0.013847
2 0.580677 0.389856 0.010342 0.013847
2 0.680133 0.349975 0.010342 0.013847
2 0.779589 0.240975 0.010342 0.013847
2 0.879044 0.241585 0.010342 0.013847
2 0.978487 0.200720 0.010342 0.013847