7 0.130306 0.659402 0.019567 0.026256
7 0.223070 0.608120 0.019567 0.026256
7 0.315847 0.653504 0.019567 0.026256
7 0.408611 0.621026 0.019567 0.026256
7 0.501389 0.628205 0.019567 0.026256
7 0.594153 0.659094 0.019567 0.026256
7 0.686917 0.674547 0.019567 0.026256
7 0.779694 0.613026 0.019567 0.026256
7 0.872459 0.632615 0.019567 0.026256
7 0.965236 0.489350 0.019567 0.026256
3 0.130306 0.652462 0.019567 0.026256
3 0.194535 0.655385 0.019567 0.026256
3 0.258752 0.608034 0.019567 0.026256
3 0.322981 0.612325 0.019567 0.026256
3 0.387210 0.664462 0.019567 0.026256
3 0.451427 0.619778 0.019567 0.026256
3 0.515656 0.669761 0.019567 0.026256
3 0.579885 0.683983 0.019567 0.026256
3 0.644102 0.633453 0.019567 0.026256
3 0.708331 0.714154 0.019567 0.026256
3 0.772561 0.709333 0.019567 0.026256
3 0.836777 0.635470 0.019567 0.026256
3 0.901006 0.738051 0.019567 0.026256
3 0.965236 0.879453 0.019567 0.026256
6 0.130306 0.774410 0.019567 0.026256
6 0.213796 0.788940 0.019567 0.026256
6 0.297287 0.779333 0.019567 0.026256
6 0.380777 0.777368 0.019567 0.026256
6 0.464280 0.679060 0.019567 0.026256
6 0.547771 0.762957 0.019567 0.026256
6 0.631261 0.759470 0.019567 0.026256
6 0.714752 0.726872 0.019567 0.026256
6 0.798242 0.636684 0.019567 0.026256
6 0.881745 0.382462 0.019567 0.026256
6 0.965236 0.085949 0.019567 0.026256
5 0.130306 0.635419 0.019567 0.026256
5 0.234675 0.651607 0.019567 0.026256
5 0.339032 0.640496 0.019567 0.026256
5 0.443401 0.661761 0.019567 0.026256
5 0.547771 0.704821 0.019567 0.026256
5 0.652140 0.661915 0.019567 0.026256
5 0.756497 0.650068 0.019567 0.026256
5 0.860866 0.677419 0.019567 0.026256
5 0.965236 0.698222 0.019567 0.026256
4 0.130306 0.712154 0.019567 0.026256
4 0.189936 0.722376 0.019567 0.026256
4 0.249580 0.696974 0.019567 0.026256
4 0.309223 0.593231 0.019567 0.026256
4 0.368854 0.621812 0.019567 0.026256
4 0.428497 0.689590 0.019567 0.026256
4 0.488127 0.637932 0.019567 0.026256
4 0.547771 0.621556 0.019567 0.026256
4 0.607401 0.540410 0.019567 0.026256
4 0.667045 0.472752 0.019567 0.026256
4 0.726688 0.441436 0.019567 0.026256
4 0.786318 0.342786 0.019567 0.026256
4 0.845962 0.422650 0.019567 0.026256
4 0.905592 0.355949 0.019567 0.026256
4 0.965236 0.321282 0.019567 0.026256