6 0.089911 0.836051 0.010759 0.014407
6 0.237684 0.755729 0.010759 0.014407
6 0.385456 0.788424 0.010759 0.014407
6 0.533241 0.745407 0.010759 0.014407
6 0.681013 0.746864 0.010759 0.014407
6 0.828785 0.711068 0.010759 0.014407
6 0.976557 0.201068 0.010759 0.014407
2 0.089911 0.754593 0.010759 0.014407
2 0.267241 0.787356 0.010759 0.014407
2 0.444570 0.560780 0.010759 0.014407
2 0.621899 0.362576 0.010759 0.014407
2 0.799228 0.370763 0.010759 0.014407
2 0.976557 0.285051 0.010759 0.014407
1 0.089911 0.788864 0.010759 0.014407
1 0.267241 0.817864 0.010759 0.014407
1 0.444570 0.781847 0.010759 0.014407
1 0.621899 0.784492 0.010759 0.014407
1 0.799228 0.741695 0.010759 0.014407
1 0.976557 0.200390 0.010759 0.014407
0 0.089911 0.785119 0.010759 0.014407
0 0.178570 0.788508 0.010759 0.014407
0 0.267241 0.805831 0.010759 0.014407
0 0.355911 0.750102 0.010759 0.014407
0 0.444570 0.790492 0.010759 0.014407
0 0.533241 0.754068 0.010759 0.014407
0 0.621899 0.783407 0.010759 0.014407
0 0.710570 0.674898 0.010759 0.014407
0 0.799228 0.697797 0.010759 0.014407
0 0.887899 0.263847 0.010759 0.014407
0 0.976557 0.149085 0.010759 0.014407