1 0.093703 0.736347 0.013253 0.017746
1 0.219259 0.746161 0.013253 0.017746
1 0.344816 0.757076 0.013253 0.017746
1 0.470373 0.723856 0.013253 0.017746
1 0.595930 0.752059 0.013253 0.017746
1 0.721475 0.738331 0.013253 0.017746
1 0.847032 0.730246 0.013253 0.017746
1 0.972589 0.473466 0.013253 0.017746
5 0.093703 0.701975 0.013253 0.017746
5 0.191361 0.700449 0.013253 0.017746
5 0.289019 0.676466 0.013253 0.017746
5 0.386665 0.634263 0.013253 0.017746
5 0.484323 0.589907 0.013253 0.017746
5 0.581968 0.490754 0.013253 0.017746
5 0.679627 0.410161 0.013253 0.017746
5 0.777285 0.309483 0.013253 0.017746
5 0.874930 0.254754 0.013253 0.017746
5 0.972589 0.254669 0.013253 0.017746
6 0.093703 0.753161 0.013253 0.017746
6 0.240184 0.742822 0.013253 0.017746
6 0.386665 0.756839 0.013253 0.017746
6 0.533146 0.751720 0.013253 0.017746
6 0.679627 0.746585 0.013253 0.017746
6 0.826108 0.733992 0.013253 0.017746
6 0.972589 0.368398 0.013253 0.017746
2 0.093703 0.785161 0.013253 0.017746
2 0.173601 0.783619 0.013253 0.017746
2 0.253500 0.773941 0.013253 0.017746
2 0.333399 0.789229 0.013253 0.017746
2 0.413297 0.790347 0.013253 0.017746
2 0.493196 0.788331 0.013253 0.017746
2 0.573095 0.790839 0.013253 0.017746
2 0.652994 0.787602 0.013253 0.017746
2 0.732892 0.784958 0.013253 0.017746
2 0.812791 0.731602 0.013253 0.017746
2 0.892690 0.496178 0.013253 0.017746
2 0.972589 0.189280 0.013253 0.017746
3 0.093703 0.572076 0.013253 0.017746
3 0.181589 0.556212 0.013253 0.017746
3 0.269487 0.562975 0.013253 0.017746
3 0.357373 0.567229 0.013253 0.017746
3 0.445259 0.553059 0.013253 0.017746
3 0.533146 0.557093 0.013253 0.017746
3 0.621032 0.586483 0.013253 0.017746
3 0.708930 0.556144 0.013253 0.017746
3 0.796816 0.579415 0.013253 0.017746
3 0.884703 0.600992 0.013253 0.017746
3 0.972589 0.904568 0.013253 0.017746
7 0.093703 0.680941 0.013253 0.017746
7 0.203563 0.672653 0.013253 0.017746
7 0.313424 0.671297 0.013253 0.017746
7 0.423285 0.602653 0.013253 0.017746
7 0.533146 0.543466 0.013253 0.017746
7 0.643006 0.463093 0.013253 0.017746
7 0.752867 0.367229 0.013253 0.017746
7 0.862728 0.314856 0.013253 0.017746
7 0.972589 0.282127 0.013253 0.017746