2 0.088956 0.841703 0.015177 0.020322
2 0.267892 0.670856 0.015177 0.020322
2 0.446816 0.708500 0.015177 0.020322
2 0.625753 0.572212 0.015177 0.020322
2 0.804690 0.393653 0.015177 0.020322
2 0.983627 0.432466 0.015177 0.020322
5 0.088956 0.779246 0.015177 0.020322
5 0.188361 0.471534 0.015177 0.020322
5 0.287766 0.255703 0.015177 0.020322
5 0.387184 0.272602 0.015177 0.020322
5 0.486589 0.201398 0.015177 0.020322
5 0.585994 0.159737 0.015177 0.020322
5 0.685399 0.098127 0.015177 0.020322
5 0.784804 0.168890 0.015177 0.020322
5 0.884209 0.199093 0.015177 0.020322
5 0.983627 0.111585 0.015177 0.020322
0 0.088956 0.771551 0.015177 0.020322
0 0.200791 0.430076 0.015177 0.020322
0 0.312627 0.284924 0.015177 0.020322
0 0.424449 0.233619 0.015177 0.020322
0 0.536285 0.167449 0.015177 0.020322
0 0.648120 0.178551 0.015177 0.020322
0 0.759956 0.177636 0.015177 0.020322
0 0.871791 0.162449 0.015177 0.020322
0 0.983627 0.214585 0.015177 0.020322
1 0.088956 0.811551 0.015177 0.020322
1 0.178424 0.806958 0.015177 0.020322
1 0.267892 0.840873 0.015177 0.020322
1 0.357361 0.732178 0.015177 0.020322
1 0.446816 0.789398 0.015177 0.020322
1 0.536285 0.740263 0.015177 0.020322
1 0.625753 0.706110 0.015177 0.020322
1 0.715222 0.518788 0.015177 0.020322
1 0.804690 0.533008 0.015177 0.020322
1 0.894158 0.410551 0.015177 0.020322
1 0.983627 0.366415 0.015177 0.020322
7 0.088956 0.775314 0.015177 0.020322
7 0.267892 0.683517 0.015177 0.020322
7 0.446816 0.585771 0.015177 0.020322
7 0.625753 0.596263 0.015177 0.020322
7 0.804690 0.477720 0.015177 0.020322
7 0.983627 0.397008 0.015177 0.020322
3 0.088956 0.805466 0.015177 0.020322
3 0.178424 0.730500 0.015177 0.020322
3 0.267892 0.745805 0.015177 0.020322
3 0.357361 0.744653 0.015177 0.020322
3 0.446816 0.877449 0.015177 0.020322
3 0.536285 0.780347 0.015177 0.020322
3 0.625753 0.770161 0.015177 0.020322
3 0.715222 0.797280 0.015177 0.020322
3 0.804690 0.787975 0.015177 0.020322
3 0.894158 0.786347 0.015177 0.020322
3 0.983627 0.764873 0.015177 0.020322