0 0.089075 0.798339 0.014778 0.019763
0 0.187592 0.783644 0.014778 0.019763
0 0.286122 0.803898 0.014778 0.019763
0 0.384639 0.856169 0.014778 0.019763
0 0.483156 0.750475 0.014778 0.019763
0 0.581686 0.774525 0.014778 0.019763
0 0.680203 0.810610 0.014778 0.019763
0 0.778720 0.827322 0.014778 0.019763
0 0.877250 0.570593 0.014778 0.019763
0 0.975767 0.199932 0.014778 0.019763
6 0.089075 0.631881 0.014778 0.019763
6 0.187592 0.724356 0.014778 0.019763
6 0.286122 0.633678 0.014778 0.019763
6 0.384639 0.551305 0.014778 0.019763
6 0.483156 0.378915 0.014778 0.019763
6 0.581686 0.354492 0.014778 0.019763
6 0.680203 0.316373 0.014778 0.019763
6 0.778720 0.245712 0.014778 0.019763
6 0.877250 0.288949 0.014778 0.019763
6 0.975767 0.139797 0.014778 0.019763
3 0.089075 0.568288 0.014778 0.019763
3 0.215741 0.642373 0.014778 0.019763
3 0.342408 0.621373 0.014778 0.019763
3 0.469087 0.619814 0.014778 0.019763
3 0.595754 0.628339 0.014778 0.019763
3 0.722433 0.667576 0.014778 0.019763
3 0.849100 0.605373 0.014778 0.019763
3 0.975767 0.387492 0.014778 0.019763
2 0.089075 0.507203 0.014778 0.019763
2 0.236857 0.533508 0.014778 0.019763
2 0.384639 0.555542 0.014778 0.019763
2 0.532421 0.524576 0.014778 0.019763
2 0.680203 0.482915 0.014778 0.019763
2 0.827985 0.614644 0.014778 0.019763
2 0.975767 0.917153 0.014778 0.019763