6 0.083424 0.532992 0.014924 0.019983
6 0.164791 0.591619 0.014924 0.019983
6 0.246158 0.543771 0.014924 0.019983
6 0.327525 0.583364 0.014924 0.019983
6 0.408905 0.610212 0.014924 0.019983
6 0.490272 0.602314 0.014924 0.019983
6 0.571639 0.619263 0.014924 0.019983
6 0.653006 0.563602 0.014924 0.019983
6 0.734386 0.650195 0.014924 0.019983
6 0.815753 0.662534 0.014924 0.019983
6 0.897120 0.572347 0.014924 0.019983
6 0.978487 0.689653 0.014924 0.019983
3 0.083424 0.759534 0.014924 0.019983
3 0.172930 0.656737 0.014924 0.019983
3 0.262437 0.647907 0.014924 0.019983
3 0.351943 0.466890 0.014924 0.019983
3 0.441449 0.376805 0.014924 0.019983
3 0.530956 0.304449 0.014924 0.019983
3 0.620462 0.228466 0.014924 0.019983
3 0.709968 0.193924 0.014924 0.019983
3 0.799475 0.189669 0.014924 0.019983
3 0.888981 0.193500 0.014924 0.019983
3 0.978487 0.192517 0.014924 0.019983
7 0.083424 0.803297 0.014924 0.019983
7 0.172930 0.808161 0.014924 0.019983
7 0.262437 0.850924 0.014924 0.019983
7 0.351943 0.835280 0.014924 0.019983
7 0.441449 0.813297 0.014924 0.019983
7 0.530956 0.783398 0.014924 0.019983
7 0.620462 0.795992 0.014924 0.019983
7 0.709968 0.755280 0.014924 0.019983
7 0.799475 0.719483 0.014924 0.019983
7 0.888981 0.502432 0.014924 0.019983
7 0.978487 0.194398 0.014924 0.019983
0 0.083424 0.776992 0.014924 0.019983
0 0.172930 0.743958 0.014924 0.019983
0 0.262437 0.721195 0.014924 0.019983
0 0.351943 0.598280 0.014924 0.019983
0 0.441449 0.628364 0.014924 0.019983
0 0.530956 0.492246 0.014924 0.019983
0 0.620462 0.426669 0.014924 0.019983
0 0.709968 0.354398 0.014924 0.019983
0 0.799475 0.254839 0.014924 0.019983
0 0.888981 0.241297 0.014924 0.019983
0 0.978487 0.233941 0.014924 0.019983