6 0.130306 0.769658 0.013274 0.017812
6 0.213796 0.784974 0.013274 0.017812
6 0.297287 0.743795 0.013274 0.017812
6 0.380777 0.719726 0.013274 0.017812
6 0.464280 0.602256 0.013274 0.017812
6 0.547771 0.614017 0.013274 0.017812
6 0.631261 0.454256 0.013274 0.017812
6 0.714752 0.380000 0.013274 0.017812
6 0.798242 0.321179 0.013274 0.017812
6 0.881745 0.243983 0.013274 0.017812
6 0.965236 0.174137 0.013274 0.017812
2 0.130306 0.670821 0.013274 0.017812
2 0.182484 0.689009 0.013274 0.017812
2 0.234675 0.668462 0.013274 0.017812
2 0.286854 0.672940 0.013274 0.017812
2 0.339032 0.685915 0.013274 0.017812
2 0.391223 0.679128 0.013274 0.017812
2 0.443401 0.676838 0.013274 0.017812
2 0.495580 0.699077 0.013274 0.017812
2 0.547771 0.658923 0.013274 0.017812
2 0.599949 0.694615 0.013274 0.017812
2 0.652140 0.635846 0.013274 0.017812
2 0.704318 0.705812 0.013274 0.017812
2 0.756497 0.700718 0.013274 0.017812
2 0.808688 0.709077 0.013274 0.017812
2 0.860866 0.711077 0.013274 0.017812
2 0.913045 0.804786 0.013274 0.017812
2 0.965236 0.879453 0.013274 0.017812
4 0.130306 0.704137 0.013274 0.017812
4 0.223070 0.657692 0.013274 0.017812
4 0.315847 0.727949 0.013274 0.017812
4 0.408611 0.713641 0.013274 0.017812
4 0.501389 0.661573 0.013274 0.017812
4 0.594153 0.486991 0.013274 0.017812
4 0.686917 0.507966 0.013274 0.017812
4 0.779694 0.422615 0.013274 0.017812
4 0.872459 0.379812 0.013274 0.017812
4 0.965236 0.261299 0.013274 0.017812
0 0.130306 0.749675 0.013274 0.017812
0 0.234675 0.727897 0.013274 0.017812
0 0.339032 0.651094 0.013274 0.017812
0 0.443401 0.691624 0.013274 0.017812
0 0.547771 0.566632 0.013274 0.017812
0 0.652140 0.482684 0.013274 0.017812
0 0.756497 0.329521 0.013274 0.017812
0 0.860866 0.240615 0.013274 0.017812
0 0.965236 0.227846 0.013274 0.017812