4 0.087373 0.735754 0.013101 0.017542
4 0.186171 0.721229 0.013101 0.017542
4 0.284968 0.728992 0.013101 0.017542
4 0.383766 0.721076 0.013101 0.017542
4 0.482563 0.724432 0.013101 0.017542
4 0.581361 0.729805 0.013101 0.017542
4 0.680158 0.751975 0.013101 0.017542
4 0.778968 0.746449 0.013101 0.017542
4 0.877766 0.730975 0.013101 0.017542
4 0.976563 0.758314 0.013101 0.017542
1 0.087373 0.636280 0.013101 0.017542
1 0.176297 0.643873 0.013101 0.017542
1 0.265209 0.567280 0.013101 0.017542
1 0.354133 0.490059 0.013101 0.017542
1 0.443044 0.405669 0.013101 0.017542
1 0.531968 0.320856 0.013101 0.017542
1 0.620880 0.285873 0.013101 0.017542
1 0.709804 0.219025 0.013101 0.017542
1 0.798728 0.193805 0.013101 0.017542
1 0.887639 0.163788 0.013101 0.017542
1 0.976563 0.173297 0.013101 0.017542