1 0.087373 0.728805 0.009684 0.012966
1 0.177120 0.681466 0.009684 0.012966
1 0.266867 0.709856 0.009684 0.012966
1 0.356601 0.528517 0.009684 0.012966
1 0.446348 0.510483 0.009684 0.012966
1 0.536095 0.371924 0.009684 0.012966
1 0.625829 0.393449 0.009684 0.012966
1 0.715576 0.359093 0.009684 0.012966
1 0.805323 0.301636 0.009684 0.012966
1 0.895070 0.216636 0.009684 0.012966
1 0.984804 0.353636 0.009684 0.012966
6 0.087373 0.809636 0.009684 0.012966
6 0.156411 0.719737 0.009684 0.012966
6 0.225437 0.686381 0.009684 0.012966
6 0.294475 0.779958 0.009684 0.012966
6 0.363513 0.725161 0.009684 0.012966
6 0.432538 0.703381 0.009684 0.012966
6 0.501576 0.488381 0.009684 0.012966
6 0.570614 0.611653 0.009684 0.012966
6 0.639639 0.497534 0.009684 0.012966
6 0.708677 0.375314 0.009684 0.012966
6 0.777703 0.469754 0.009684 0.012966
6 0.846741 0.463856 0.009684 0.012966
6 0.915778 0.502636 0.009684 0.012966
6 0.984804 0.285619 0.009684 0.012966
0 0.087373 0.788992 0.009684 0.012966
0 0.162158 0.819653 0.009684 0.012966
0 0.236943 0.789686 0.009684 0.012966
0 0.311728 0.576602 0.009684 0.012966
0 0.386525 0.566364 0.009684 0.012966
0 0.461310 0.634093 0.009684 0.012966
0 0.536095 0.727483 0.009684 0.012966
0 0.610880 0.514856 0.009684 0.012966
0 0.685665 0.461602 0.009684 0.012966
0 0.760449 0.545839 0.009684 0.012966
0 0.835234 0.540992 0.009684 0.012966
0 0.910019 0.453619 0.009684 0.012966
0 0.984804 0.638924 0.009684 0.012966