0 0.105731 0.770801 0.013875 0.018603
0 0.202122 0.694770 0.013875 0.018603
0 0.298513 0.801874 0.013875 0.018603
0 0.394905 0.801601 0.013875 0.018603
0 0.491296 0.634974 0.013875 0.018603
0 0.587675 0.585128 0.013875 0.018603
0 0.684066 0.264651 0.013875 0.018603
0 0.780457 0.351721 0.013875 0.018603
0 0.876849 0.374497 0.013875 0.018603
0 0.973240 0.342521 0.013875 0.018603
2 0.105731 0.751976 0.013875 0.018603
2 0.214168 0.785860 0.013875 0.018603
2 0.322605 0.614497 0.013875 0.018603
2 0.431042 0.844617 0.013875 0.018603
2 0.539492 0.560443 0.013875 0.018603
2 0.647929 0.903015 0.013875 0.018603
2 0.756366 0.903015 0.013875 0.018603
2 0.864803 0.615060 0.013875 0.018603
2 0.973240 0.340068 0.013875 0.018603
3 0.105731 0.595894 0.013875 0.018603
3 0.192478 0.646542 0.013875 0.018603
3 0.279225 0.691942 0.013875 0.018603
3 0.365985 0.525741 0.013875 0.018603
3 0.452732 0.625741 0.013875 0.018603
3 0.539492 0.577359 0.013875 0.018603
3 0.626239 0.509744 0.013875 0.018603
3 0.712986 0.369966 0.013875 0.018603
3 0.799746 0.261005 0.013875 0.018603
3 0.886493 0.255758 0.013875 0.018603
3 0.973240 0.146014 0.013875 0.018603