6 0.135401 0.649470 0.017197 0.023077
6 0.218382 0.681761 0.017197 0.023077
6 0.301363 0.770068 0.017197 0.023077
6 0.384357 0.756325 0.017197 0.023077
6 0.467338 0.683966 0.017197 0.023077
6 0.550318 0.671350 0.017197 0.023077
6 0.633299 0.739709 0.017197 0.023077
6 0.716280 0.787915 0.017197 0.023077
6 0.799274 0.779350 0.017197 0.023077
6 0.882255 0.872615 0.017197 0.023077
6 0.965236 0.423436 0.017197 0.023077
1 0.135401 0.685265 0.017197 0.023077
1 0.218382 0.702701 0.017197 0.023077
1 0.301363 0.709863 0.017197 0.023077
1 0.384357 0.716410 0.017197 0.023077
1 0.467338 0.807538 0.017197 0.023077
1 0.550318 0.771880 0.017197 0.023077
1 0.633299 0.685179 0.017197 0.023077
1 0.716280 0.703949 0.017197 0.023077
1 0.799274 0.806376 0.017197 0.023077
1 0.882255 0.567846 0.017197 0.023077
1 0.965236 0.222598 0.017197 0.023077
0 0.135401 0.686991 0.017197 0.023077
0 0.210841 0.678991 0.017197 0.023077
0 0.286280 0.620034 0.017197 0.023077
0 0.361720 0.608462 0.017197 0.023077
0 0.437159 0.646410 0.017197 0.023077
0 0.512599 0.548513 0.017197 0.023077
0 0.588038 0.586359 0.017197 0.023077
0 0.663478 0.285744 0.017197 0.023077
0 0.738917 0.197282 0.017197 0.023077
0 0.814357 0.220564 0.017197 0.023077
0 0.889796 0.311043 0.017197 0.023077
0 0.965236 0.151402 0.017197 0.023077
3 0.135401 0.653504 0.017197 0.023077
3 0.227605 0.638650 0.017197 0.023077
3 0.319809 0.531368 0.017197 0.023077
3 0.412013 0.628325 0.017197 0.023077
3 0.504217 0.517658 0.017197 0.023077
3 0.596420 0.162000 0.017197 0.023077
3 0.688624 0.258462 0.017197 0.023077
3 0.780828 0.292000 0.017197 0.023077
3 0.873032 0.301983 0.017197 0.023077
3 0.965236 0.296120 0.017197 0.023077