6 0.091616 0.849178 0.014132 0.018898
6 0.171984 0.850890 0.014132 0.018898
6 0.252364 0.827941 0.014132 0.018898
6 0.332744 0.776415 0.014132 0.018898
6 0.413124 0.736907 0.014132 0.018898
6 0.493504 0.792873 0.014132 0.018898
6 0.573885 0.816619 0.014132 0.018898
6 0.654265 0.789008 0.014132 0.018898
6 0.734632 0.820144 0.014132 0.018898
6 0.815013 0.850788 0.014132 0.018898
6 0.895393 0.717754 0.014132 0.018898
6 0.975773 0.493924 0.014132 0.018898
3 0.091616 0.766636 0.014132 0.018898
3 0.189854 0.691602 0.014132 0.018898
3 0.288093 0.669619 0.014132 0.018898
3 0.386331 0.677229 0.014132 0.018898
3 0.484569 0.512805 0.014132 0.018898
3 0.582807 0.355822 0.014132 0.018898
3 0.681058 0.359517 0.014132 0.018898
3 0.779297 0.185873 0.014132 0.018898
3 0.877535 0.230686 0.014132 0.018898
3 0.975773 0.145449 0.014132 0.018898
0 0.091616 0.754093 0.014132 0.018898
0 0.165292 0.789280 0.014132 0.018898
0 0.238967 0.803703 0.014132 0.018898
0 0.312655 0.823246 0.014132 0.018898
0 0.386331 0.836619 0.014132 0.018898
0 0.460006 0.820941 0.014132 0.018898
0 0.533695 0.819941 0.014132 0.018898
0 0.607370 0.713771 0.014132 0.018898
0 0.681058 0.790347 0.014132 0.018898
0 0.754734 0.724178 0.014132 0.018898
0 0.828409 0.643449 0.014132 0.018898
0 0.902098 0.328483 0.014132 0.018898
0 0.975773 0.221364 0.014132 0.018898
7 0.091616 0.636771 0.014132 0.018898
7 0.189854 0.624364 0.014132 0.018898
7 0.288093 0.568856 0.014132 0.018898
7 0.386331 0.529737 0.014132 0.018898
7 0.484569 0.412229 0.014132 0.018898
7 0.582807 0.355941 0.014132 0.018898
7 0.681058 0.382093 0.014132 0.018898
7 0.779297 0.327144 0.014132 0.018898
7 0.877535 0.302636 0.014132 0.018898
7 0.975773 0.308042 0.014132 0.018898