2 0.101796 0.747964 0.016079 0.021584
2 0.246821 0.663058 0.016079 0.021584
2 0.391859 0.479412 0.016079 0.021584
2 0.536897 0.305392 0.016079 0.021584
2 0.681935 0.244302 0.016079 0.021584
2 0.826973 0.210894 0.016079 0.021584
2 0.972011 0.182905 0.016079 0.021584
4 0.101796 0.797641 0.016079 0.021584
4 0.246821 0.658731 0.016079 0.021584
4 0.391859 0.506567 0.016079 0.021584
4 0.536897 0.393177 0.016079 0.021584
4 0.681935 0.330230 0.016079 0.021584
4 0.826973 0.311610 0.016079 0.021584
4 0.972011 0.214489 0.016079 0.021584
7 0.101796 0.623807 0.016079 0.021584
7 0.246821 0.621882 0.016079 0.021584
7 0.391859 0.589600 0.016079 0.021584
7 0.536897 0.627215 0.016079 0.021584
7 0.681935 0.544693 0.016079 0.021584
7 0.826973 0.582819 0.016079 0.021584
7 0.972011 0.039191 0.016079 0.021584