6 0.138898 0.750111 0.015834 0.021248
6 0.213752 0.700966 0.015834 0.021248
6 0.288605 0.732453 0.015834 0.021248
6 0.363446 0.782179 0.015834 0.021248
6 0.438299 0.860556 0.015834 0.021248
6 0.513140 0.799239 0.015834 0.021248
6 0.587994 0.816897 0.015834 0.021248
6 0.662834 0.802624 0.015834 0.021248
6 0.737688 0.785838 0.015834 0.021248
6 0.812529 0.617085 0.015834 0.021248
6 0.887382 0.447684 0.015834 0.021248
6 0.962223 0.095718 0.015834 0.021248
7 0.138898 0.641701 0.015834 0.021248
7 0.197713 0.763017 0.015834 0.021248
7 0.256516 0.532829 0.015834 0.021248
7 0.315331 0.685957 0.015834 0.021248
7 0.374134 0.724658 0.015834 0.021248
7 0.432949 0.539359 0.015834 0.021248
7 0.491752 0.729769 0.015834 0.021248
7 0.550567 0.607735 0.015834 0.021248
7 0.609369 0.701838 0.015834 0.021248
7 0.668185 0.688197 0.015834 0.021248
7 0.726987 0.668333 0.015834 0.021248
7 0.785803 0.630487 0.015834 0.021248
7 0.844605 0.735444 0.015834 0.021248
7 0.903420 0.710880 0.015834 0.021248
7 0.962223 0.750128 0.015834 0.021248
3 0.138898 0.782795 0.015834 0.021248
3 0.197713 0.794692 0.015834 0.021248
3 0.256516 0.717496 0.015834 0.021248
3 0.315331 0.736368 0.015834 0.021248
3 0.374134 0.695000 0.015834 0.021248
3 0.432949 0.650094 0.015834 0.021248
3 0.491752 0.700897 0.015834 0.021248
3 0.550567 0.714316 0.015834 0.021248
3 0.609369 0.648060 0.015834 0.021248
3 0.668185 0.717667 0.015834 0.021248
3 0.726987 0.753803 0.015834 0.021248
3 0.785803 0.705735 0.015834 0.021248
3 0.844605 0.784504 0.015834 0.021248
3 0.903420 0.827205 0.015834 0.021248
3 0.962223 0.873650 0.015834 0.021248
4 0.138898 0.716299 0.015834 0.021248
4 0.230389 0.849017 0.015834 0.021248
4 0.321866 0.798915 0.015834 0.021248
4 0.413344 0.790778 0.015834 0.021248
4 0.504822 0.734744 0.015834 0.021248
4 0.596299 0.783274 0.015834 0.021248
4 0.687790 0.738966 0.015834 0.021248
4 0.779268 0.793701 0.015834 0.021248
4 0.870745 0.647051 0.015834 0.021248
4 0.962223 0.314197 0.015834 0.021248