5 0.087380 0.790763 0.011089 0.014847
5 0.186177 0.801542 0.011089 0.014847
5 0.284975 0.795051 0.011089 0.014847
5 0.383772 0.767746 0.011089 0.014847
5 0.482570 0.778305 0.011089 0.014847
5 0.581367 0.798322 0.011089 0.014847
5 0.680165 0.777458 0.011089 0.014847
5 0.778962 0.769068 0.011089 0.014847
5 0.877759 0.601763 0.011089 0.014847
5 0.976557 0.186424 0.011089 0.014847
0 0.087380 0.589966 0.011089 0.014847
0 0.142949 0.609034 0.011089 0.014847
0 0.198532 0.600390 0.011089 0.014847
0 0.254101 0.595610 0.011089 0.014847
0 0.309671 0.604085 0.011089 0.014847
0 0.365253 0.604780 0.011089 0.014847
0 0.420823 0.593271 0.011089 0.014847
0 0.476392 0.587475 0.011089 0.014847
0 0.531975 0.605593 0.011089 0.014847
0 0.587544 0.591068 0.011089 0.014847
0 0.643114 0.610407 0.011089 0.014847
0 0.698696 0.563102 0.011089 0.014847
0 0.754266 0.591492 0.011089 0.014847
0 0.809835 0.601847 0.011089 0.014847
0 0.865418 0.606712 0.011089 0.014847
0 0.920987 0.618966 0.011089 0.014847
0 0.976557 0.706000 0.011089 0.014847
1 0.087380 0.799831 0.011089 0.014847
1 0.168215 0.773678 0.011089 0.014847
1 0.249051 0.802966 0.011089 0.014847
1 0.329886 0.768932 0.011089 0.014847
1 0.410722 0.782136 0.011089 0.014847
1 0.491557 0.786610 0.011089 0.014847
1 0.572392 0.788864 0.011089 0.014847
1 0.653228 0.787983 0.011089 0.014847
1 0.734051 0.774729 0.011089 0.014847
1 0.814886 0.701966 0.011089 0.014847
1 0.895722 0.477525 0.011089 0.014847
1 0.976557 0.177932 0.011089 0.014847
4 0.087380 0.743424 0.011089 0.014847
4 0.176291 0.730475 0.011089 0.014847
4 0.265215 0.694288 0.011089 0.014847
4 0.354139 0.656780 0.011089 0.014847
4 0.443051 0.587356 0.011089 0.014847
4 0.531975 0.502153 0.011089 0.014847
4 0.620886 0.414203 0.011089 0.014847
4 0.709810 0.338475 0.011089 0.014847
4 0.798722 0.305729 0.011089 0.014847
4 0.887646 0.274797 0.011089 0.014847
4 0.976557 0.257119 0.011089 0.014847
6 0.087380 0.703407 0.011089 0.014847
6 0.155772 0.659424 0.011089 0.014847
6 0.224177 0.621729 0.011089 0.014847
6 0.292570 0.563017 0.011089 0.014847
6 0.360975 0.516390 0.011089 0.014847
6 0.429367 0.423373 0.011089 0.014847
6 0.497772 0.377424 0.011089 0.014847
6 0.566165 0.354644 0.011089 0.014847
6 0.634570 0.313424 0.011089 0.014847
6 0.702962 0.294068 0.011089 0.014847
6 0.771367 0.261085 0.011089 0.014847
6 0.839759 0.253627 0.011089 0.014847
6 0.908165 0.254983 0.011089 0.014847
6 0.976557 0.253220 0.011089 0.014847