2 0.108135 0.837700 0.015457 0.020750
2 0.217322 0.648143 0.015457 0.020750
2 0.326497 0.559557 0.015457 0.020750
2 0.435685 0.532334 0.015457 0.020750
2 0.544860 0.448586 0.015457 0.020750
2 0.654048 0.329267 0.015457 0.020750
2 0.763236 0.385247 0.015457 0.020750
2 0.872411 0.252249 0.015457 0.020750
2 0.981599 0.286014 0.015457 0.020750
3 0.108135 0.863101 0.015457 0.020750
3 0.180926 0.831175 0.015457 0.020750
3 0.253706 0.904617 0.015457 0.020750
3 0.326497 0.904617 0.015457 0.020750
3 0.399289 0.880886 0.015457 0.020750
3 0.472081 0.702317 0.015457 0.020750
3 0.544860 0.851022 0.015457 0.020750
3 0.617652 0.793612 0.015457 0.020750
3 0.690444 0.849744 0.015457 0.020750
3 0.763236 0.772930 0.015457 0.020750
3 0.836015 0.842743 0.015457 0.020750
3 0.908807 0.714327 0.015457 0.020750
3 0.981599 0.904617 0.015457 0.020750
0 0.108135 0.734191 0.015457 0.020750
0 0.159518 0.742675 0.015457 0.020750
0 0.210888 0.703901 0.015457 0.020750
0 0.262272 0.835486 0.015457 0.020750
0 0.313655 0.802964 0.015457 0.020750
0 0.365038 0.755145 0.015457 0.020750
0 0.416421 0.823918 0.015457 0.020750
0 0.467792 0.785911 0.015457 0.020750
0 0.519175 0.904617 0.015457 0.020750
0 0.570558 0.798671 0.015457 0.020750
0 0.621942 0.763799 0.015457 0.020750
0 0.673312 0.904617 0.015457 0.020750
0 0.724695 0.792606 0.015457 0.020750
0 0.776079 0.904617 0.015457 0.020750
0 0.827462 0.850988 0.015457 0.020750
0 0.878832 0.904617 0.015457 0.020750
0 0.930216 0.854514 0.015457 0.020750
0 0.981599 0.809216 0.015457 0.020750