7 0.097589 0.809331 0.013481 0.018051
7 0.170500 0.730381 0.013481 0.018051
7 0.243411 0.881602 0.013481 0.018051
7 0.316335 0.906992 0.013481 0.018051
7 0.389247 0.828059 0.013481 0.018051
7 0.462171 0.730246 0.013481 0.018051
7 0.535082 0.848805 0.013481 0.018051
7 0.608006 0.780703 0.013481 0.018051
7 0.680918 0.835653 0.013481 0.018051
7 0.753842 0.813449 0.013481 0.018051
7 0.826753 0.810500 0.013481 0.018051
7 0.899677 0.874263 0.013481 0.018051
7 0.972589 0.508992 0.013481 0.018051
3 0.097589 0.737212 0.013481 0.018051
3 0.170500 0.844059 0.013481 0.018051
3 0.243411 0.697093 0.013481 0.018051
3 0.316335 0.845127 0.013481 0.018051
3 0.389247 0.845398 0.013481 0.018051
3 0.462171 0.875839 0.013481 0.018051
3 0.535082 0.855127 0.013481 0.018051
3 0.608006 0.803873 0.013481 0.018051
3 0.680918 0.799619 0.013481 0.018051
3 0.753842 0.675415 0.013481 0.018051
3 0.826753 0.666720 0.013481 0.018051
3 0.899677 0.316229 0.013481 0.018051
3 0.972589 0.185839 0.013481 0.018051
2 0.097589 0.863008 0.013481 0.018051
2 0.152272 0.813500 0.013481 0.018051
2 0.206956 0.906992 0.013481 0.018051
2 0.261652 0.822381 0.013481 0.018051
2 0.316335 0.728517 0.013481 0.018051
2 0.371019 0.850839 0.013481 0.018051
2 0.425715 0.710534 0.013481 0.018051
2 0.480399 0.893042 0.013481 0.018051
2 0.535082 0.826161 0.013481 0.018051
2 0.589778 0.850992 0.013481 0.018051
2 0.644462 0.704314 0.013481 0.018051
2 0.699146 0.743653 0.013481 0.018051
2 0.753842 0.550839 0.013481 0.018051
2 0.808525 0.768856 0.013481 0.018051
2 0.863209 0.680703 0.013481 0.018051
2 0.917905 0.288076 0.013481 0.018051
2 0.972589 0.174347 0.013481 0.018051
6 0.097589 0.506093 0.013481 0.018051
6 0.194804 0.523483 0.013481 0.018051
6 0.292032 0.511483 0.013481 0.018051
6 0.389247 0.610534 0.013481 0.018051
6 0.486475 0.671636 0.013481 0.018051
6 0.583703 0.583331 0.013481 0.018051
6 0.680918 0.578585 0.013481 0.018051
6 0.778146 0.580144 0.013481 0.018051
6 0.875361 0.680856 0.013481 0.018051
6 0.972589 0.899754 0.013481 0.018051
0 0.097589 0.642466 0.013481 0.018051
0 0.177133 0.502703 0.013481 0.018051
0 0.256677 0.602669 0.013481 0.018051
0 0.336222 0.478992 0.013481 0.018051
0 0.415766 0.610381 0.013481 0.018051
0 0.495310 0.638500 0.013481 0.018051
0 0.574854 0.455517 0.013481 0.018051
0 0.654411 0.482331 0.013481 0.018051
0 0.733956 0.412127 0.013481 0.018051
0 0.813500 0.410568 0.013481 0.018051
0 0.893044 0.654941 0.013481 0.018051
0 0.972589 0.784008 0.013481 0.018051
1 0.097589 0.635585 0.013481 0.018051
1 0.152272 0.745280 0.013481 0.018051
1 0.206956 0.732992 0.013481 0.018051
1 0.261652 0.744127 0.013481 0.018051
1 0.316335 0.722585 0.013481 0.018051
1 0.371019 0.613568 0.013481 0.018051
1 0.425715 0.641415 0.013481 0.018051
1 0.480399 0.567839 0.013481 0.018051
1 0.535082 0.516347 0.013481 0.018051
1 0.589778 0.457466 0.013481 0.018051
1 0.644462 0.421127 0.013481 0.018051
1 0.699146 0.292992 0.013481 0.018051
1 0.753842 0.294754 0.013481 0.018051
1 0.808525 0.354873 0.013481 0.018051
1 0.863209 0.240975 0.013481 0.018051
1 0.917905 0.117653 0.013481 0.018051
1 0.972589 0.332178 0.013481 0.018051