3 0.105724 0.790588 0.016226 0.021755
3 0.192484 0.768526 0.016226 0.021755
3 0.279231 0.717504 0.016226 0.021755
3 0.365978 0.724319 0.016226 0.021755
3 0.452738 0.713092 0.016226 0.021755
3 0.539485 0.616210 0.016226 0.021755
3 0.626233 0.517164 0.016226 0.021755
3 0.712992 0.423007 0.016226 0.021755
3 0.799740 0.329037 0.016226 0.021755
3 0.886487 0.245085 0.016226 0.021755
3 0.973247 0.253620 0.016226 0.021755
2 0.105724 0.790963 0.016226 0.021755
2 0.192484 0.819838 0.016226 0.021755
2 0.279231 0.825034 0.016226 0.021755
2 0.365978 0.806397 0.016226 0.021755
2 0.452738 0.855698 0.016226 0.021755
2 0.539485 0.803211 0.016226 0.021755
2 0.626233 0.818765 0.016226 0.021755
2 0.712992 0.826073 0.016226 0.021755
2 0.799740 0.841848 0.016226 0.021755
2 0.886487 0.804199 0.016226 0.021755
2 0.973247 0.547436 0.016226 0.021755
0 0.105724 0.773825 0.016226 0.021755
0 0.192484 0.781831 0.016226 0.021755
0 0.279231 0.689770 0.016226 0.021755
0 0.365978 0.771542 0.016226 0.021755
0 0.452738 0.792734 0.016226 0.021755
0 0.539485 0.783518 0.016226 0.021755
0 0.626233 0.766601 0.016226 0.021755
0 0.712992 0.781576 0.016226 0.021755
0 0.799740 0.681337 0.016226 0.021755
0 0.886487 0.547777 0.016226 0.021755
0 0.973247 0.181354 0.016226 0.021755
5 0.105724 0.811695 0.016226 0.021755
5 0.178024 0.722138 0.016226 0.021755
5 0.250311 0.789685 0.016226 0.021755
5 0.322611 0.774319 0.016226 0.021755
5 0.394898 0.788322 0.016226 0.021755
5 0.467198 0.750383 0.016226 0.021755
5 0.539485 0.829140 0.016226 0.021755
5 0.611785 0.748186 0.016226 0.021755
5 0.684072 0.749174 0.016226 0.021755
5 0.756360 0.764523 0.016226 0.021755
5 0.828659 0.686141 0.016226 0.021755
5 0.900947 0.438543 0.016226 0.021755
5 0.973247 0.158663 0.016226 0.021755