6 0.087373 0.708059 0.009785 0.013102
6 0.265209 0.658686 0.009785 0.013102
6 0.443044 0.608042 0.009785 0.013102
6 0.620880 0.368280 0.009785 0.013102
6 0.798715 0.225534 0.009785 0.013102
6 0.976563 0.302619 0.009785 0.013102
2 0.087373 0.669178 0.009785 0.013102
2 0.139677 0.564720 0.009785 0.013102
2 0.191981 0.638975 0.009785 0.013102
2 0.244285 0.624703 0.009785 0.013102
2 0.296589 0.695364 0.009785 0.013102
2 0.348905 0.639347 0.009785 0.013102
2 0.401209 0.657415 0.009785 0.013102
2 0.453513 0.630551 0.009785 0.013102
2 0.505816 0.666347 0.009785 0.013102
2 0.558120 0.656975 0.009785 0.013102
2 0.610424 0.597653 0.009785 0.013102
2 0.662728 0.653636 0.009785 0.013102
2 0.715032 0.604093 0.009785 0.013102
2 0.767335 0.615127 0.009785 0.013102
2 0.819639 0.582856 0.009785 0.013102
2 0.871943 0.600669 0.009785 0.013102
2 0.924247 0.560534 0.009785 0.013102
2 0.976563 0.426483 0.009785 0.013102
4 0.087373 0.790551 0.009785 0.013102
4 0.186171 0.778127 0.009785 0.013102
4 0.284968 0.822127 0.009785 0.013102
4 0.383766 0.762042 0.009785 0.013102
4 0.482563 0.805144 0.009785 0.013102
4 0.581361 0.759347 0.009785 0.013102
4 0.680158 0.889737 0.009785 0.013102
4 0.778956 0.837924 0.009785 0.013102
4 0.877753 0.665025 0.009785 0.013102
4 0.976563 0.224212 0.009785 0.013102
5 0.087373 0.791212 0.009785 0.013102
5 0.198525 0.771500 0.009785 0.013102
5 0.309665 0.787686 0.009785 0.013102
5 0.420816 0.760195 0.009785 0.013102
5 0.531968 0.784890 0.009785 0.013102
5 0.643108 0.773466 0.009785 0.013102
5 0.754259 0.726127 0.009785 0.013102
5 0.865411 0.631127 0.009785 0.013102
5 0.976563 0.224381 0.009785 0.013102
7 0.087373 0.848076 0.009785 0.013102
7 0.142943 0.740924 0.009785 0.013102
7 0.198525 0.763144 0.009785 0.013102
7 0.254095 0.725669 0.009785 0.013102
7 0.309665 0.710839 0.009785 0.013102
7 0.365247 0.673534 0.009785 0.013102
7 0.420816 0.625856 0.009785 0.013102
7 0.476386 0.565195 0.009785 0.013102
7 0.531968 0.491398 0.009785 0.013102
7 0.587538 0.470669 0.009785 0.013102
7 0.643108 0.361771 0.009785 0.013102
7 0.698690 0.337449 0.009785 0.013102
7 0.754259 0.234602 0.009785 0.013102
7 0.809842 0.318483 0.009785 0.013102
7 0.865411 0.219059 0.009785 0.013102
7 0.920981 0.279636 0.009785 0.013102
7 0.976563 0.249381 0.009785 0.013102