4 0.080886 0.807254 0.015241 0.020407
4 0.230494 0.800220 0.015241 0.020407
4 0.380089 0.796220 0.015241 0.020407
4 0.529696 0.816000 0.015241 0.020407
4 0.679291 0.696271 0.015241 0.020407
4 0.828899 0.652898 0.015241 0.020407
4 0.978494 0.183915 0.015241 0.020407
6 0.080886 0.699356 0.015241 0.020407
6 0.136987 0.751864 0.015241 0.020407
6 0.193089 0.740915 0.015241 0.020407
6 0.249190 0.793678 0.015241 0.020407
6 0.305291 0.689153 0.015241 0.020407
6 0.361392 0.607576 0.015241 0.020407
6 0.417494 0.566864 0.015241 0.020407
6 0.473595 0.563712 0.015241 0.020407
6 0.529696 0.387068 0.015241 0.020407
6 0.585797 0.450729 0.015241 0.020407
6 0.641899 0.297136 0.015241 0.020407
6 0.697987 0.288898 0.015241 0.020407
6 0.754089 0.183136 0.015241 0.020407
6 0.810190 0.134525 0.015241 0.020407
6 0.866291 0.146441 0.015241 0.020407
6 0.922392 0.142593 0.015241 0.020407
6 0.978494 0.111305 0.015241 0.020407
5 0.080886 0.907508 0.015241 0.020407
5 0.145000 0.790831 0.015241 0.020407
5 0.209114 0.774203 0.015241 0.020407
5 0.273228 0.812407 0.015241 0.020407
5 0.337354 0.844915 0.015241 0.020407
5 0.401468 0.720695 0.015241 0.020407
5 0.465582 0.719797 0.015241 0.020407
5 0.529696 0.717000 0.015241 0.020407
5 0.593810 0.570068 0.015241 0.020407
5 0.657924 0.561932 0.015241 0.020407
5 0.722038 0.518983 0.015241 0.020407
5 0.786152 0.483559 0.015241 0.020407
5 0.850266 0.438271 0.015241 0.020407
5 0.914380 0.383898 0.015241 0.020407
5 0.978494 0.310034 0.015241 0.020407
2 0.080886 0.641627 0.015241 0.020407
2 0.140734 0.678508 0.015241 0.020407
2 0.200570 0.634136 0.015241 0.020407
2 0.260405 0.646949 0.015241 0.020407
2 0.320253 0.641407 0.015241 0.020407
2 0.380089 0.606508 0.015241 0.020407
2 0.439937 0.667492 0.015241 0.020407
2 0.499772 0.676424 0.015241 0.020407
2 0.559608 0.608864 0.015241 0.020407
2 0.619456 0.637983 0.015241 0.020407
2 0.679291 0.624966 0.015241 0.020407
2 0.739139 0.670119 0.015241 0.020407
2 0.798975 0.651881 0.015241 0.020407
2 0.858810 0.683220 0.015241 0.020407
2 0.918658 0.658339 0.015241 0.020407
2 0.978494 0.522051 0.015241 0.020407