1 0.086114 0.801390 0.014000 0.018746
1 0.213316 0.781695 0.014000 0.018746
1 0.340532 0.773576 0.014000 0.018746
1 0.467734 0.797288 0.014000 0.018746
1 0.594937 0.796881 0.014000 0.018746
1 0.722152 0.751966 0.014000 0.018746
1 0.849354 0.555966 0.014000 0.018746
1 0.976557 0.164661 0.014000 0.018746
5 0.086114 0.658458 0.014000 0.018746
5 0.149722 0.634729 0.014000 0.018746
5 0.213316 0.636237 0.014000 0.018746
5 0.276924 0.631220 0.014000 0.018746
5 0.340532 0.640492 0.014000 0.018746
5 0.404127 0.651153 0.014000 0.018746
5 0.467734 0.646186 0.014000 0.018746
5 0.531342 0.630593 0.014000 0.018746
5 0.594937 0.627780 0.014000 0.018746
5 0.658544 0.631000 0.014000 0.018746
5 0.722152 0.628644 0.014000 0.018746
5 0.785747 0.609932 0.014000 0.018746
5 0.849354 0.613203 0.014000 0.018746
5 0.912962 0.464085 0.014000 0.018746
5 0.976557 0.103390 0.014000 0.018746