6 0.094138 0.772788 0.014766 0.019746
6 0.182300 0.729788 0.014766 0.019746
6 0.270463 0.754975 0.014766 0.019746
6 0.358625 0.609008 0.014766 0.019746
6 0.446787 0.583551 0.014766 0.019746
6 0.534949 0.436551 0.014766 0.019746
6 0.623112 0.368178 0.014766 0.019746
6 0.711274 0.240788 0.014766 0.019746
6 0.799436 0.206703 0.014766 0.019746
6 0.887598 0.182297 0.014766 0.019746
6 0.975773 0.195924 0.014766 0.019746
1 0.094138 0.607144 0.014766 0.019746
1 0.174290 0.620212 0.014766 0.019746
1 0.254430 0.537110 0.014766 0.019746
1 0.334582 0.580992 0.014766 0.019746
1 0.414734 0.639839 0.014766 0.019746
1 0.494873 0.629686 0.014766 0.019746
1 0.575025 0.597432 0.014766 0.019746
1 0.655177 0.647771 0.014766 0.019746
1 0.735317 0.594059 0.014766 0.019746
1 0.815469 0.604195 0.014766 0.019746
1 0.895621 0.613246 0.014766 0.019746
1 0.975773 0.690398 0.014766 0.019746
4 0.094138 0.723975 0.014766 0.019746
4 0.182300 0.700161 0.014766 0.019746
4 0.270463 0.777161 0.014766 0.019746
4 0.358625 0.733280 0.014766 0.019746
4 0.446787 0.745280 0.014766 0.019746
4 0.534949 0.771568 0.014766 0.019746
4 0.623112 0.804314 0.014766 0.019746
4 0.711274 0.808212 0.014766 0.019746
4 0.799436 0.731415 0.014766 0.019746
4 0.887598 0.589534 0.014766 0.019746
4 0.975773 0.212619 0.014766 0.019746
0 0.094138 0.688992 0.014766 0.019746
0 0.182300 0.682229 0.014766 0.019746
0 0.270463 0.694280 0.014766 0.019746
0 0.358625 0.580856 0.014766 0.019746
0 0.446787 0.547263 0.014766 0.019746
0 0.534949 0.464805 0.014766 0.019746
0 0.623112 0.352331 0.014766 0.019746
0 0.711274 0.317280 0.014766 0.019746
0 0.799436 0.242314 0.014766 0.019746
0 0.887598 0.272975 0.014766 0.019746
0 0.975773 0.252280 0.014766 0.019746