0 0.091494 0.900169 0.016076 0.021525
0 0.165835 0.735966 0.016076 0.021525
0 0.240177 0.703661 0.016076 0.021525
0 0.314532 0.532000 0.016076 0.021525
0 0.388873 0.515780 0.016076 0.021525
0 0.463215 0.495915 0.016076 0.021525
0 0.537557 0.419797 0.016076 0.021525
0 0.611899 0.342966 0.016076 0.021525
0 0.686253 0.352254 0.016076 0.021525
0 0.760595 0.251237 0.016076 0.021525
0 0.834937 0.200966 0.016076 0.021525
0 0.909278 0.199695 0.016076 0.021525
0 0.983620 0.290983 0.016076 0.021525
2 0.091494 0.732288 0.016076 0.021525
2 0.172595 0.537729 0.016076 0.021525
2 0.253696 0.759000 0.016076 0.021525
2 0.334797 0.464220 0.016076 0.021525
2 0.415899 0.343051 0.016076 0.021525
2 0.497013 0.404254 0.016076 0.021525
2 0.578114 0.426085 0.016076 0.021525
2 0.659215 0.377407 0.016076 0.021525
2 0.740316 0.393915 0.016076 0.021525
2 0.821418 0.426542 0.016076 0.021525
2 0.902519 0.384000 0.016076 0.021525
2 0.983620 0.220610 0.016076 0.021525
6 0.091494 0.880814 0.016076 0.021525
6 0.180709 0.559729 0.016076 0.021525
6 0.269924 0.216898 0.016076 0.021525
6 0.359127 0.281102 0.016076 0.021525
6 0.448342 0.099576 0.016076 0.021525
6 0.537557 0.119102 0.016076 0.021525
6 0.626772 0.162271 0.016076 0.021525
6 0.715987 0.177068 0.016076 0.021525
6 0.805203 0.187881 0.016076 0.021525
6 0.894418 0.121000 0.016076 0.021525
6 0.983620 0.118492 0.016076 0.021525
3 0.091494 0.659322 0.016076 0.021525
3 0.160114 0.787847 0.016076 0.021525
3 0.228747 0.652593 0.016076 0.021525
3 0.297367 0.660559 0.016076 0.021525
3 0.366000 0.793898 0.016076 0.021525
3 0.434620 0.494339 0.016076 0.021525
3 0.503241 0.531576 0.016076 0.021525
3 0.571873 0.441271 0.016076 0.021525
3 0.640494 0.416356 0.016076 0.021525
3 0.709127 0.556458 0.016076 0.021525
3 0.777747 0.354695 0.016076 0.021525
3 0.846380 0.318373 0.016076 0.021525
3 0.915000 0.417068 0.016076 0.021525
3 0.983620 0.357797 0.016076 0.021525