6 0.130312 0.782385 0.016726 0.022444
6 0.234669 0.757889 0.016726 0.022444
6 0.339038 0.663171 0.016726 0.022444
6 0.443408 0.514094 0.016726 0.022444
6 0.547764 0.422265 0.016726 0.022444
6 0.652134 0.351581 0.016726 0.022444
6 0.756503 0.309718 0.016726 0.022444
6 0.860873 0.399991 0.016726 0.022444
6 0.965229 0.340436 0.016726 0.022444
0 0.130312 0.750009 0.016726 0.022444
0 0.249586 0.727496 0.016726 0.022444
0 0.368860 0.754761 0.016726 0.022444
0 0.488134 0.714829 0.016726 0.022444
0 0.607408 0.694402 0.016726 0.022444
0 0.726682 0.775564 0.016726 0.022444
0 0.845955 0.775513 0.016726 0.022444
0 0.965229 0.353701 0.016726 0.022444
4 0.130312 0.715427 0.016726 0.022444
4 0.249586 0.784641 0.016726 0.022444
4 0.368860 0.765786 0.016726 0.022444
4 0.488134 0.778675 0.016726 0.022444
4 0.607408 0.765530 0.016726 0.022444
4 0.726682 0.746077 0.016726 0.022444
4 0.845955 0.590880 0.016726 0.022444
4 0.965229 0.182726 0.016726 0.022444
1 0.130312 0.750846 0.016726 0.022444
1 0.213803 0.641974 0.016726 0.022444
1 0.297293 0.694641 0.016726 0.022444
1 0.380783 0.715154 0.016726 0.022444
1 0.464274 0.766453 0.016726 0.022444
1 0.547764 0.660214 0.016726 0.022444
1 0.631268 0.755085 0.016726 0.022444
1 0.714758 0.674504 0.016726 0.022444
1 0.798248 0.772026 0.016726 0.022444
1 0.881739 0.711188 0.016726 0.022444
1 0.965229 0.508949 0.016726 0.022444