3 0.106995 0.827866 0.018056 0.024167
3 0.215280 0.743478 0.018056 0.024167
3 0.323564 0.808512 0.018056 0.024167
3 0.431836 0.808988 0.018056 0.024167
3 0.540121 0.818325 0.018056 0.024167
3 0.648405 0.782628 0.018056 0.024167
3 0.756677 0.817934 0.018056 0.024167
3 0.864962 0.784787 0.018056 0.024167
3 0.973247 0.899770 0.018056 0.024167
4 0.106995 0.809804 0.018056 0.024167
4 0.230743 0.794107 0.018056 0.024167
4 0.354492 0.879566 0.018056 0.024167
4 0.478240 0.863665 0.018056 0.024167
4 0.602001 0.757236 0.018056 0.024167
4 0.725750 0.768002 0.018056 0.024167
4 0.849498 0.561947 0.018056 0.024167
4 0.973247 0.159056 0.018056 0.024167
5 0.106995 0.788665 0.018056 0.024167
5 0.203247 0.755655 0.018056 0.024167
5 0.299498 0.767594 0.018056 0.024167
5 0.395750 0.830077 0.018056 0.024167
5 0.492001 0.774379 0.018056 0.024167
5 0.588240 0.848733 0.018056 0.024167
5 0.684492 0.810587 0.018056 0.024167
5 0.780743 0.767168 0.018056 0.024167
5 0.876995 0.765621 0.018056 0.024167
5 0.973247 0.704311 0.018056 0.024167
0 0.106995 0.715757 0.018056 0.024167
0 0.193628 0.777253 0.018056 0.024167
0 0.280248 0.754566 0.018056 0.024167
0 0.366868 0.805179 0.018056 0.024167
0 0.453501 0.764005 0.018056 0.024167
0 0.540121 0.828036 0.018056 0.024167
0 0.626741 0.768393 0.018056 0.024167
0 0.713374 0.771896 0.018056 0.024167
0 0.799994 0.743495 0.018056 0.024167
0 0.886614 0.489940 0.018056 0.024167
0 0.973247 0.093155 0.018056 0.024167