3 0.094975 0.618288 0.012354 0.016542
3 0.192481 0.677881 0.012354 0.016542
3 0.290000 0.687627 0.012354 0.016542
3 0.387506 0.782525 0.012354 0.016542
3 0.485025 0.678000 0.012354 0.016542
3 0.582544 0.634881 0.012354 0.016542
3 0.680051 0.584627 0.012354 0.016542
3 0.777570 0.759153 0.012354 0.016542
3 0.875076 0.588898 0.012354 0.016542
3 0.972595 0.465492 0.012354 0.016542
7 0.094975 0.763424 0.012354 0.016542
7 0.168114 0.712034 0.012354 0.016542
7 0.241241 0.685254 0.012354 0.016542
7 0.314380 0.580305 0.012354 0.016542
7 0.387506 0.620831 0.012354 0.016542
7 0.460646 0.616475 0.012354 0.016542
7 0.533785 0.717102 0.012354 0.016542
7 0.606911 0.442254 0.012354 0.016542
7 0.680051 0.393915 0.012354 0.016542
7 0.753190 0.323915 0.012354 0.016542
7 0.826316 0.363593 0.012354 0.016542
7 0.899456 0.297644 0.012354 0.016542
7 0.972595 0.111305 0.012354 0.016542
2 0.094975 0.685966 0.012354 0.016542
2 0.168114 0.885678 0.012354 0.016542
2 0.241241 0.821305 0.012354 0.016542
2 0.314380 0.763237 0.012354 0.016542
2 0.387506 0.644339 0.012354 0.016542
2 0.460646 0.704847 0.012354 0.016542
2 0.533785 0.548339 0.012354 0.016542
2 0.606911 0.284136 0.012354 0.016542
2 0.680051 0.485627 0.012354 0.016542
2 0.753190 0.447034 0.012354 0.016542
2 0.826316 0.251966 0.012354 0.016542
2 0.899456 0.080237 0.012354 0.016542
2 0.972595 0.253034 0.012354 0.016542
4 0.094975 0.836763 0.012354 0.016542
4 0.192481 0.818729 0.012354 0.016542
4 0.290000 0.825153 0.012354 0.016542
4 0.387506 0.809288 0.012354 0.016542
4 0.485025 0.718373 0.012354 0.016542
4 0.582544 0.778746 0.012354 0.016542
4 0.680051 0.722881 0.012354 0.016542
4 0.777570 0.685373 0.012354 0.016542
4 0.875076 0.470305 0.012354 0.016542
4 0.972595 0.240034 0.012354 0.016542