0 0.130312 0.883051 0.020599 0.027641
0 0.224376 0.644248 0.020599 0.027641
0 0.318452 0.779359 0.020599 0.027641
0 0.412529 0.659957 0.020599 0.027641
0 0.506605 0.761239 0.020599 0.027641
0 0.600682 0.636504 0.020599 0.027641
0 0.694758 0.742162 0.020599 0.027641
0 0.788834 0.733342 0.020599 0.027641
0 0.882911 0.707872 0.020599 0.027641
0 0.976987 0.672675 0.020599 0.027641
1 0.130312 0.677598 0.020599 0.027641
1 0.207280 0.506043 0.020599 0.027641
1 0.284248 0.405838 0.020599 0.027641
1 0.361217 0.302607 0.020599 0.027641
1 0.438185 0.320949 0.020599 0.027641
1 0.515166 0.225171 0.020599 0.027641
1 0.592134 0.176197 0.020599 0.027641
1 0.669102 0.202265 0.020599 0.027641
1 0.746070 0.229872 0.020599 0.027641
1 0.823051 0.134983 0.020599 0.027641
1 0.900019 0.194094 0.020599 0.027641
1 0.976987 0.184607 0.020599 0.027641
3 0.130312 0.819291 0.020599 0.027641
3 0.224376 0.650590 0.020599 0.027641
3 0.318452 0.382590 0.020599 0.027641
3 0.412529 0.488658 0.020599 0.027641
3 0.506605 0.367154 0.020599 0.027641
3 0.600682 0.240385 0.020599 0.027641
3 0.694758 0.242282 0.020599 0.027641
3 0.788834 0.274162 0.020599 0.027641
3 0.882911 0.050419 0.020599 0.027641
3 0.976987 0.095274 0.020599 0.027641
6 0.130312 0.648060 0.020599 0.027641
6 0.224376 0.671479 0.020599 0.027641
6 0.318452 0.710333 0.020599 0.027641
6 0.412529 0.660744 0.020599 0.027641
6 0.506605 0.754487 0.020599 0.027641
6 0.600682 0.788231 0.020599 0.027641
6 0.694758 0.794915 0.020599 0.027641
6 0.788834 0.716162 0.020599 0.027641
6 0.882911 0.823051 0.020599 0.027641
6 0.976987 0.776299 0.020599 0.027641