2 0.082158 0.791178 0.010291 0.013780
2 0.151108 0.790907 0.010291 0.013780
2 0.220057 0.782669 0.010291 0.013780
2 0.289006 0.796788 0.010291 0.013780
2 0.357956 0.794720 0.010291 0.013780
2 0.426905 0.797636 0.010291 0.013780
2 0.495854 0.817449 0.010291 0.013780
2 0.564804 0.800008 0.010291 0.013780
2 0.633753 0.761161 0.010291 0.013780
2 0.702690 0.778212 0.010291 0.013780
2 0.771639 0.747720 0.010291 0.013780
2 0.840589 0.703229 0.010291 0.013780
2 0.909538 0.440178 0.010291 0.013780
2 0.978487 0.181144 0.010291 0.013780
7 0.082158 0.700500 0.010291 0.013780
7 0.181753 0.720941 0.010291 0.013780
7 0.281335 0.714246 0.010291 0.013780
7 0.380930 0.719737 0.010291 0.013780
7 0.480525 0.727331 0.010291 0.013780
7 0.580120 0.741314 0.010291 0.013780
7 0.679715 0.703314 0.010291 0.013780
7 0.779310 0.701585 0.010291 0.013780
7 0.878905 0.703754 0.010291 0.013780
7 0.978487 0.433398 0.010291 0.013780
3 0.082158 0.793008 0.010291 0.013780
3 0.146184 0.793008 0.010291 0.013780
3 0.210196 0.781195 0.010291 0.013780
3 0.274222 0.786720 0.010291 0.013780
3 0.338247 0.785975 0.010291 0.013780
3 0.402272 0.778517 0.010291 0.013780
3 0.466297 0.804449 0.010291 0.013780
3 0.530323 0.771602 0.010291 0.013780
3 0.594348 0.796873 0.010291 0.013780
3 0.658373 0.793246 0.010291 0.013780
3 0.722399 0.771669 0.010291 0.013780
3 0.786424 0.738246 0.010291 0.013780
3 0.850449 0.631568 0.010291 0.013780
3 0.914462 0.384568 0.010291 0.013780
3 0.978487 0.167229 0.010291 0.013780
6 0.082158 0.617059 0.010291 0.013780
6 0.138171 0.640483 0.010291 0.013780
6 0.194196 0.623771 0.010291 0.013780
6 0.250222 0.611534 0.010291 0.013780
6 0.306234 0.609890 0.010291 0.013780
6 0.362259 0.612110 0.010291 0.013780
6 0.418285 0.632110 0.010291 0.013780
6 0.474297 0.636110 0.010291 0.013780
6 0.530323 0.632636 0.010291 0.013780
6 0.586348 0.619517 0.010291 0.013780
6 0.642361 0.623398 0.010291 0.013780
6 0.698386 0.631364 0.010291 0.013780
6 0.754411 0.618161 0.010291 0.013780
6 0.810424 0.626178 0.010291 0.013780
6 0.866449 0.627602 0.010291 0.013780
6 0.922475 0.712398 0.010291 0.013780
6 0.978487 0.847076 0.010291 0.013780