3 0.090019 0.460771 0.011952 0.015983
3 0.189588 0.539042 0.011952 0.015983
3 0.289144 0.459653 0.011952 0.015983
3 0.388701 0.553602 0.011952 0.015983
3 0.488257 0.519754 0.011952 0.015983
3 0.587826 0.423025 0.011952 0.015983
3 0.687383 0.479195 0.011952 0.015983
3 0.786939 0.506958 0.011952 0.015983
3 0.886496 0.388059 0.011952 0.015983
3 0.986065 0.310992 0.011952 0.015983
6 0.090019 0.737720 0.011952 0.015983
6 0.179626 0.682144 0.011952 0.015983
6 0.269233 0.703331 0.011952 0.015983
6 0.358840 0.488076 0.011952 0.015983
6 0.448435 0.534941 0.011952 0.015983
6 0.538042 0.217924 0.011952 0.015983
6 0.627649 0.216551 0.011952 0.015983
6 0.717256 0.230195 0.011952 0.015983
6 0.806850 0.105364 0.011952 0.015983
6 0.896458 0.110415 0.011952 0.015983
6 0.986065 0.095025 0.011952 0.015983