4 0.106865 0.777568 0.011472 0.015374
4 0.179759 0.493061 0.011472 0.015374
4 0.252652 0.406259 0.011472 0.015374
4 0.325546 0.287908 0.011472 0.015374
4 0.398439 0.263622 0.011472 0.015374
4 0.471332 0.159949 0.011472 0.015374
4 0.544226 0.179915 0.011472 0.015374
4 0.617132 0.198197 0.011472 0.015374
4 0.690025 0.146361 0.011472 0.015374
4 0.762919 0.234150 0.011472 0.015374
4 0.835812 0.186224 0.011472 0.015374
4 0.908706 0.200986 0.011472 0.015374
4 0.981599 0.190493 0.011472 0.015374
1 0.106865 0.860629 0.011472 0.015374
1 0.179759 0.793435 0.011472 0.015374
1 0.252652 0.757262 0.011472 0.015374
1 0.325546 0.800799 0.011472 0.015374
1 0.398439 0.754099 0.011472 0.015374
1 0.471332 0.809779 0.011472 0.015374
1 0.544226 0.779269 0.011472 0.015374
1 0.617132 0.762483 0.011472 0.015374
1 0.690025 0.736173 0.011472 0.015374
1 0.762919 0.683231 0.011472 0.015374
1 0.835812 0.717126 0.011472 0.015374
1 0.908706 0.702041 0.011472 0.015374
1 0.981599 0.616293 0.011472 0.015374
0 0.106865 0.809728 0.011472 0.015374
0 0.204061 0.393214 0.011472 0.015374
0 0.301244 0.237534 0.011472 0.015374
0 0.398439 0.201820 0.011472 0.015374
0 0.495635 0.175085 0.011472 0.015374
0 0.592830 0.196071 0.011472 0.015374
0 0.690025 0.144677 0.011472 0.015374
0 0.787208 0.157245 0.011472 0.015374
0 0.884404 0.165425 0.011472 0.015374
0 0.981599 0.169286 0.011472 0.015374
2 0.106865 0.782449 0.011472 0.015374
2 0.194340 0.460782 0.011472 0.015374
2 0.281815 0.341582 0.011472 0.015374
2 0.369289 0.263690 0.011472 0.015374
2 0.456764 0.201088 0.011472 0.015374
2 0.544226 0.165187 0.011472 0.015374
2 0.631701 0.251752 0.011472 0.015374
2 0.719175 0.135935 0.011472 0.015374
2 0.806650 0.158078 0.011472 0.015374
2 0.894124 0.155714 0.011472 0.015374
2 0.981599 0.145680 0.011472 0.015374