2 0.106360 0.798475 0.014524 0.019472
2 0.172865 0.791405 0.014524 0.019472
2 0.239371 0.755273 0.014524 0.019472
2 0.305877 0.758560 0.014524 0.019472
2 0.372382 0.818560 0.014524 0.019472
2 0.438888 0.763279 0.014524 0.019472
2 0.505381 0.822155 0.014524 0.019472
2 0.571887 0.744915 0.014524 0.019472
2 0.638393 0.710366 0.014524 0.019472
2 0.704898 0.750843 0.014524 0.019472
2 0.771404 0.701934 0.014524 0.019472
2 0.837897 0.541729 0.014524 0.019472
2 0.904403 0.321831 0.014524 0.019472
2 0.970909 0.076993 0.014524 0.019472
3 0.106360 0.541865 0.014524 0.019472
3 0.229867 0.480349 0.014524 0.019472
3 0.353374 0.648049 0.014524 0.019472
3 0.476881 0.562359 0.014524 0.019472
3 0.600388 0.595239 0.014524 0.019472
3 0.723895 0.535579 0.014524 0.019472
3 0.847402 0.554302 0.014524 0.019472
3 0.970909 0.257436 0.014524 0.019472
4 0.106360 0.768697 0.014524 0.019472
4 0.184962 0.825460 0.014524 0.019472
4 0.263551 0.716976 0.014524 0.019472
4 0.342154 0.738373 0.014524 0.019472
4 0.420743 0.784932 0.014524 0.019472
4 0.499346 0.774506 0.014524 0.019472
4 0.577935 0.826397 0.014524 0.019472
4 0.656525 0.759293 0.014524 0.019472
4 0.735127 0.803262 0.014524 0.019472
4 0.813717 0.698049 0.014524 0.019472
4 0.892319 0.460111 0.014524 0.019472
4 0.970909 0.174523 0.014524 0.019472