1 0.132968 0.788991 0.022420 0.030085
1 0.188459 0.757487 0.022420 0.030085
1 0.243936 0.775829 0.022420 0.030085
1 0.299427 0.750667 0.022420 0.030085
1 0.354904 0.785966 0.022420 0.030085
1 0.410395 0.758598 0.022420 0.030085
1 0.465873 0.716393 0.022420 0.030085
1 0.521363 0.760188 0.022420 0.030085
1 0.576841 0.743299 0.022420 0.030085
1 0.632331 0.747607 0.022420 0.030085
1 0.687809 0.792427 0.022420 0.030085
1 0.743299 0.760188 0.022420 0.030085
1 0.798777 0.762803 0.022420 0.030085
1 0.854268 0.679983 0.022420 0.030085
1 0.909745 0.455026 0.022420 0.030085
1 0.965236 0.255726 0.022420 0.030085
2 0.132968 0.735812 0.022420 0.030085
2 0.251873 0.734034 0.022420 0.030085
2 0.370764 0.714051 0.022420 0.030085
2 0.489656 0.686667 0.022420 0.030085
2 0.608548 0.567487 0.022420 0.030085
2 0.727439 0.496359 0.022420 0.030085
2 0.846344 0.347812 0.022420 0.030085
2 0.965236 0.222632 0.022420 0.030085
0 0.132968 0.741402 0.022420 0.030085
0 0.184994 0.835897 0.022420 0.030085
0 0.237006 0.808615 0.022420 0.030085
0 0.289019 0.767282 0.022420 0.030085
0 0.341045 0.745829 0.022420 0.030085
0 0.393057 0.806444 0.022420 0.030085
0 0.445070 0.713282 0.022420 0.030085
0 0.497083 0.736769 0.022420 0.030085
0 0.549108 0.742256 0.022420 0.030085
0 0.601121 0.694889 0.022420 0.030085
0 0.653134 0.734581 0.022420 0.030085
0 0.705159 0.755949 0.022420 0.030085
0 0.757172 0.733368 0.022420 0.030085
0 0.809185 0.690342 0.022420 0.030085
0 0.861197 0.512923 0.022420 0.030085
0 0.913223 0.225487 0.022420 0.030085
0 0.965236 0.134120 0.022420 0.030085
5 0.132968 0.791128 0.022420 0.030085
5 0.202331 0.766085 0.022420 0.030085
5 0.271682 0.796308 0.022420 0.030085
5 0.341045 0.734393 0.022420 0.030085
5 0.410395 0.737453 0.022420 0.030085
5 0.479745 0.756410 0.022420 0.030085
5 0.549108 0.651829 0.022420 0.030085
5 0.618459 0.789214 0.022420 0.030085
5 0.687809 0.726957 0.022420 0.030085
5 0.757172 0.753744 0.022420 0.030085
5 0.826522 0.562564 0.022420 0.030085
5 0.895885 0.327009 0.022420 0.030085
5 0.965236 0.150855 0.022420 0.030085