0 0.087373 0.693737 0.009962 0.013339
0 0.176297 0.688703 0.009962 0.013339
0 0.265209 0.685212 0.009962 0.013339
0 0.354133 0.677822 0.009962 0.013339
0 0.443057 0.683805 0.009962 0.013339
0 0.531968 0.690144 0.009962 0.013339
0 0.620892 0.704907 0.009962 0.013339
0 0.709804 0.682297 0.009962 0.013339
0 0.798728 0.679720 0.009962 0.013339
0 0.887639 0.724246 0.009962 0.013339
0 0.976563 0.857703 0.009962 0.013339
5 0.087373 0.783788 0.009962 0.013339
5 0.176297 0.771873 0.009962 0.013339
5 0.265209 0.743975 0.009962 0.013339
5 0.354133 0.685381 0.009962 0.013339
5 0.443057 0.598483 0.009962 0.013339
5 0.531968 0.508364 0.009962 0.013339
5 0.620892 0.370703 0.009962 0.013339
5 0.709804 0.286364 0.009962 0.013339
5 0.798728 0.236331 0.009962 0.013339
5 0.887639 0.179008 0.009962 0.013339
5 0.976563 0.149653 0.009962 0.013339
4 0.087373 0.774924 0.009962 0.013339
4 0.161475 0.779025 0.009962 0.013339
4 0.235576 0.785347 0.009962 0.013339
4 0.309677 0.789958 0.009962 0.013339
4 0.383778 0.751212 0.009962 0.013339
4 0.457867 0.797924 0.009962 0.013339
4 0.531968 0.768466 0.009962 0.013339
4 0.606070 0.771110 0.009962 0.013339
4 0.680171 0.785636 0.009962 0.013339
4 0.754259 0.744042 0.009962 0.013339
4 0.828361 0.667771 0.009962 0.013339
4 0.902462 0.355398 0.009962 0.013339
4 0.976563 0.170314 0.009962 0.013339
3 0.087373 0.554941 0.009962 0.013339
3 0.186171 0.561347 0.009962 0.013339
3 0.284968 0.543161 0.009962 0.013339
3 0.383778 0.562246 0.009962 0.013339
3 0.482576 0.561805 0.009962 0.013339
3 0.581373 0.550822 0.009962 0.013339
3 0.680171 0.513619 0.009962 0.013339
3 0.778968 0.542280 0.009962 0.013339
3 0.877766 0.492093 0.009962 0.013339
3 0.976563 0.067602 0.009962 0.013339