5 0.130306 0.856632 0.020688 0.027761
5 0.213796 0.740598 0.020688 0.027761
5 0.297299 0.760103 0.020688 0.027761
5 0.380790 0.745316 0.020688 0.027761
5 0.464280 0.641573 0.020688 0.027761
5 0.547771 0.562735 0.020688 0.027761
5 0.631261 0.456632 0.020688 0.027761
5 0.714752 0.368581 0.020688 0.027761
5 0.798255 0.411590 0.020688 0.027761
5 0.881745 0.311949 0.020688 0.027761
5 0.965236 0.302188 0.020688 0.027761
3 0.130306 0.818530 0.020688 0.027761
3 0.223083 0.751162 0.020688 0.027761
3 0.315847 0.767897 0.020688 0.027761
3 0.408611 0.711128 0.020688 0.027761
3 0.501389 0.601863 0.020688 0.027761
3 0.594153 0.623966 0.020688 0.027761
3 0.686930 0.448000 0.020688 0.027761
3 0.779694 0.305624 0.020688 0.027761
3 0.872471 0.358068 0.020688 0.027761
3 0.965236 0.288188 0.020688 0.027761
0 0.130306 0.623915 0.020688 0.027761
0 0.213796 0.587812 0.020688 0.027761
0 0.297299 0.483846 0.020688 0.027761
0 0.380790 0.392615 0.020688 0.027761
0 0.464280 0.422051 0.020688 0.027761
0 0.547771 0.310513 0.020688 0.027761
0 0.631261 0.233487 0.020688 0.027761
0 0.714752 0.267590 0.020688 0.027761
0 0.798255 0.223128 0.020688 0.027761
0 0.881745 0.198496 0.020688 0.027761
0 0.965236 0.268957 0.020688 0.027761
7 0.130306 0.802940 0.020688 0.027761
7 0.199885 0.717932 0.020688 0.027761
7 0.269465 0.798752 0.020688 0.027761
7 0.339045 0.819333 0.020688 0.027761
7 0.408611 0.741556 0.020688 0.027761
7 0.478191 0.800222 0.020688 0.027761
7 0.547771 0.816530 0.020688 0.027761
7 0.617350 0.756598 0.020688 0.027761
7 0.686930 0.769453 0.020688 0.027761
7 0.756510 0.689812 0.020688 0.027761
7 0.826076 0.637590 0.020688 0.027761
7 0.895656 0.356051 0.020688 0.027761
7 0.965236 0.261316 0.020688 0.027761