4 0.140854 0.787248 0.015465 0.020752
4 0.222994 0.726838 0.015465 0.020752
4 0.305134 0.746274 0.015465 0.020752
4 0.387274 0.715658 0.015465 0.020752
4 0.469401 0.739316 0.015465 0.020752
4 0.551541 0.762923 0.015465 0.020752
4 0.633682 0.769949 0.015465 0.020752
4 0.715822 0.761692 0.015465 0.020752
4 0.797962 0.676103 0.015465 0.020752
4 0.880089 0.448462 0.015465 0.020752
4 0.962229 0.245932 0.015465 0.020752
1 0.140854 0.739863 0.015465 0.020752
1 0.222994 0.789094 0.015465 0.020752
1 0.305134 0.723162 0.015465 0.020752
1 0.387274 0.698855 0.015465 0.020752
1 0.469401 0.763675 0.015465 0.020752
1 0.551541 0.774479 0.015465 0.020752
1 0.633682 0.781897 0.015465 0.020752
1 0.715822 0.763162 0.015465 0.020752
1 0.797962 0.788222 0.015465 0.020752
1 0.880089 0.743419 0.015465 0.020752
1 0.962229 0.704017 0.015465 0.020752
6 0.140854 0.763573 0.015465 0.020752
6 0.232115 0.728564 0.015465 0.020752
6 0.323389 0.731692 0.015465 0.020752
6 0.414650 0.754769 0.015465 0.020752
6 0.505911 0.725060 0.015465 0.020752
6 0.597172 0.733829 0.015465 0.020752
6 0.688433 0.702017 0.015465 0.020752
6 0.779707 0.686615 0.015465 0.020752
6 0.870968 0.756085 0.015465 0.020752
6 0.962229 0.835949 0.015465 0.020752
2 0.140854 0.647915 0.015465 0.020752
2 0.232115 0.671094 0.015465 0.020752
2 0.323389 0.577573 0.015465 0.020752
2 0.414650 0.557897 0.015465 0.020752
2 0.505911 0.424427 0.015465 0.020752
2 0.597172 0.490342 0.015465 0.020752
2 0.688433 0.317162 0.015465 0.020752
2 0.779707 0.366735 0.015465 0.020752
2 0.870968 0.290051 0.015465 0.020752
2 0.962229 0.271863 0.015465 0.020752
5 0.140854 0.715880 0.015465 0.020752
5 0.258191 0.648632 0.015465 0.020752
5 0.375541 0.709248 0.015465 0.020752
5 0.492879 0.727197 0.015465 0.020752
5 0.610217 0.723795 0.015465 0.020752
5 0.727554 0.677436 0.015465 0.020752
5 0.844892 0.688923 0.015465 0.020752
5 0.962229 0.497812 0.015465 0.020752