6 0.106865 0.570477 0.015635 0.020988
6 0.204061 0.574838 0.015635 0.020988
6 0.301244 0.635026 0.015635 0.020988
6 0.398439 0.646116 0.015635 0.020988
6 0.495635 0.542266 0.015635 0.020988
6 0.592830 0.589761 0.015635 0.020988
6 0.690025 0.604344 0.015635 0.020988
6 0.787208 0.639915 0.015635 0.020988
6 0.884404 0.614923 0.015635 0.020988
6 0.981599 0.615503 0.015635 0.020988
5 0.106865 0.678484 0.015635 0.020988
5 0.174150 0.762998 0.015635 0.020988
5 0.241434 0.656525 0.015635 0.020988
5 0.308718 0.739284 0.015635 0.020988
5 0.376015 0.485980 0.015635 0.020988
5 0.443299 0.658177 0.015635 0.020988
5 0.510584 0.435605 0.015635 0.020988
5 0.577868 0.505945 0.015635 0.020988
5 0.645165 0.533015 0.015635 0.020988
5 0.712449 0.294037 0.015635 0.020988
5 0.779734 0.388348 0.015635 0.020988
5 0.847018 0.201346 0.015635 0.020988
5 0.914315 0.256303 0.015635 0.020988
5 0.981599 0.319676 0.015635 0.020988
3 0.106865 0.751533 0.015635 0.020988
3 0.216206 0.406559 0.015635 0.020988
3 0.325546 0.355468 0.015635 0.020988
3 0.434886 0.189080 0.015635 0.020988
3 0.544226 0.248382 0.015635 0.020988
3 0.653566 0.334906 0.015635 0.020988
3 0.762919 0.105775 0.015635 0.020988
3 0.872259 0.273220 0.015635 0.020988
3 0.981599 0.188586 0.015635 0.020988