5 0.116066 0.681786 0.016142 0.021633
5 0.201193 0.677500 0.016142 0.021633
5 0.286307 0.729405 0.016142 0.021633
5 0.371434 0.732738 0.016142 0.021633
5 0.456548 0.805493 0.016142 0.021633
5 0.541675 0.709711 0.016142 0.021633
5 0.626789 0.831650 0.016142 0.021633
5 0.711916 0.753605 0.016142 0.021633
5 0.797030 0.711769 0.016142 0.021633
5 0.882157 0.699320 0.016142 0.021633
5 0.967272 0.497449 0.016142 0.021633
4 0.116066 0.578503 0.016142 0.021633
4 0.210647 0.644133 0.016142 0.021633
4 0.305228 0.660748 0.016142 0.021633
4 0.399797 0.592177 0.016142 0.021633
4 0.494378 0.615221 0.016142 0.021633
4 0.588959 0.635765 0.016142 0.021633
4 0.683541 0.656837 0.016142 0.021633
4 0.778122 0.795833 0.016142 0.021633
4 0.872690 0.580272 0.016142 0.021633
4 0.967272 0.068929 0.016142 0.021633
3 0.116066 0.701020 0.016142 0.021633
3 0.286307 0.731480 0.016142 0.021633
3 0.456548 0.802398 0.016142 0.021633
3 0.626789 0.731020 0.016142 0.021633
3 0.797030 0.687398 0.016142 0.021633
3 0.967272 0.168384 0.016142 0.021633
7 0.116066 0.734524 0.016142 0.021633
7 0.210647 0.589575 0.016142 0.021633
7 0.305228 0.528861 0.016142 0.021633
7 0.399797 0.656122 0.016142 0.021633
7 0.494378 0.657500 0.016142 0.021633
7 0.588959 0.477534 0.016142 0.021633
7 0.683541 0.604541 0.016142 0.021633
7 0.778122 0.535136 0.016142 0.021633
7 0.872690 0.551752 0.016142 0.021633
7 0.967272 0.757194 0.016142 0.021633