1 0.093703 0.689381 0.015810 0.021169
1 0.219259 0.627229 0.015810 0.021169
1 0.344816 0.672585 0.015810 0.021169
1 0.470373 0.701076 0.015810 0.021169
1 0.595918 0.650449 0.015810 0.021169
1 0.721475 0.672432 0.015810 0.021169
1 0.847032 0.639636 0.015810 0.021169
1 0.972589 0.295144 0.015810 0.021169
6 0.093703 0.758890 0.015810 0.021169
6 0.156487 0.701653 0.015810 0.021169
6 0.219259 0.654653 0.015810 0.021169
6 0.282032 0.681042 0.015810 0.021169
6 0.344816 0.701161 0.015810 0.021169
6 0.407589 0.553093 0.015810 0.021169
6 0.470373 0.475856 0.015810 0.021169
6 0.533146 0.425398 0.015810 0.021169
6 0.595918 0.367839 0.015810 0.021169
6 0.658703 0.299873 0.015810 0.021169
6 0.721475 0.293297 0.015810 0.021169
6 0.784259 0.303432 0.015810 0.021169
6 0.847032 0.304398 0.015810 0.021169
6 0.909816 0.291127 0.015810 0.021169
6 0.972589 0.262568 0.015810 0.021169
0 0.093703 0.812093 0.015810 0.021169
0 0.203563 0.788669 0.015810 0.021169
0 0.313424 0.810737 0.015810 0.021169
0 0.423285 0.767059 0.015810 0.021169
0 0.533146 0.806178 0.015810 0.021169
0 0.643006 0.832856 0.015810 0.021169
0 0.752867 0.765822 0.015810 0.021169
0 0.862728 0.647263 0.015810 0.021169
0 0.972589 0.213636 0.015810 0.021169
4 0.093703 0.833602 0.015810 0.021169
4 0.152297 0.851500 0.015810 0.021169
4 0.210892 0.885602 0.015810 0.021169
4 0.269487 0.839483 0.015810 0.021169
4 0.328070 0.879686 0.015810 0.021169
4 0.386665 0.912076 0.015810 0.021169
4 0.445259 0.810008 0.015810 0.021169
4 0.503854 0.799975 0.015810 0.021169
4 0.562437 0.884110 0.015810 0.021169
4 0.621032 0.905314 0.015810 0.021169
4 0.679627 0.867720 0.015810 0.021169
4 0.738222 0.870669 0.015810 0.021169
4 0.796816 0.874669 0.015810 0.021169
4 0.855399 0.860941 0.015810 0.021169
4 0.913994 0.906907 0.015810 0.021169
4 0.972589 0.912076 0.015810 0.021169
5 0.093703 0.871568 0.015810 0.021169
5 0.181589 0.823297 0.015810 0.021169
5 0.269487 0.805364 0.015810 0.021169
5 0.357373 0.753517 0.015810 0.021169
5 0.445259 0.787534 0.015810 0.021169
5 0.533146 0.724856 0.015810 0.021169
5 0.621032 0.814161 0.015810 0.021169
5 0.708918 0.726042 0.015810 0.021169
5 0.796816 0.729856 0.015810 0.021169
5 0.884703 0.357636 0.015810 0.021169
5 0.972589 0.151686 0.015810 0.021169
7 0.093703 0.781398 0.015810 0.021169
7 0.148639 0.750585 0.015810 0.021169
7 0.203563 0.798144 0.015810 0.021169
7 0.258500 0.749178 0.015810 0.021169
7 0.313424 0.722686 0.015810 0.021169
7 0.368361 0.777873 0.015810 0.021169
7 0.423285 0.787025 0.015810 0.021169
7 0.478222 0.738958 0.015810 0.021169
7 0.533146 0.717314 0.015810 0.021169
7 0.588082 0.707076 0.015810 0.021169
7 0.643006 0.770890 0.015810 0.021169
7 0.697943 0.819347 0.015810 0.021169
7 0.752867 0.831331 0.015810 0.021169
7 0.807791 0.767229 0.015810 0.021169
7 0.862728 0.708059 0.015810 0.021169
7 0.917652 0.409788 0.015810 0.021169
7 0.972589 0.249093 0.015810 0.021169