3 0.087373 0.606619 0.011203 0.015000
3 0.266867 0.607280 0.011203 0.015000
3 0.446348 0.396178 0.011203 0.015000
3 0.625829 0.426025 0.011203 0.015000
3 0.805323 0.225805 0.011203 0.015000
3 0.984804 0.255127 0.011203 0.015000
5 0.087373 0.767025 0.011203 0.015000
5 0.266867 0.657008 0.011203 0.015000
5 0.446348 0.627059 0.011203 0.015000
5 0.625829 0.415619 0.011203 0.015000
5 0.805323 0.450568 0.011203 0.015000
5 0.984804 0.156703 0.011203 0.015000
1 0.087373 0.706941 0.011203 0.015000
1 0.215576 0.381110 0.011203 0.015000
1 0.343778 0.178144 0.011203 0.015000
1 0.471994 0.109059 0.011203 0.015000
1 0.600196 0.235127 0.011203 0.015000
1 0.728399 0.185432 0.011203 0.015000
1 0.856601 0.179602 0.011203 0.015000
1 0.984804 0.222347 0.011203 0.015000
4 0.087373 0.716890 0.011203 0.015000
4 0.187095 0.471280 0.011203 0.015000
4 0.286804 0.727771 0.011203 0.015000
4 0.386525 0.639669 0.011203 0.015000
4 0.486234 0.577636 0.011203 0.015000
4 0.585943 0.482636 0.011203 0.015000
4 0.685665 0.321297 0.011203 0.015000
4 0.785373 0.294653 0.011203 0.015000
4 0.885095 0.200331 0.011203 0.015000
4 0.984804 0.261534 0.011203 0.015000