4 0.139866 0.632658 0.020522 0.027538
4 0.209344 0.664761 0.020522 0.027538
4 0.278822 0.674162 0.020522 0.027538
4 0.348287 0.615205 0.020522 0.027538
4 0.417764 0.734880 0.020522 0.027538
4 0.487242 0.649274 0.020522 0.027538
4 0.556720 0.654607 0.020522 0.027538
4 0.626197 0.644368 0.020522 0.027538
4 0.695662 0.638778 0.020522 0.027538
4 0.765140 0.666214 0.020522 0.027538
4 0.834618 0.721581 0.020522 0.027538
4 0.904096 0.627650 0.020522 0.027538
4 0.973573 0.692658 0.020522 0.027538
5 0.139866 0.706162 0.020522 0.027538
5 0.188911 0.712145 0.020522 0.027538
5 0.237943 0.753718 0.020522 0.027538
5 0.286987 0.724556 0.020522 0.027538
5 0.336032 0.699615 0.020522 0.027538
5 0.385076 0.639855 0.020522 0.027538
5 0.434108 0.690624 0.020522 0.027538
5 0.483153 0.660692 0.020522 0.027538
5 0.532197 0.590556 0.020522 0.027538
5 0.581242 0.477034 0.020522 0.027538
5 0.630274 0.477923 0.020522 0.027538
5 0.679318 0.364949 0.020522 0.027538
5 0.728363 0.303872 0.020522 0.027538
5 0.777408 0.213906 0.020522 0.027538
5 0.826439 0.297085 0.020522 0.027538
5 0.875484 0.149684 0.020522 0.027538
5 0.924529 0.261256 0.020522 0.027538
5 0.973573 0.141581 0.020522 0.027538