5 0.110178 0.578109 0.015426 0.020681
5 0.196252 0.554549 0.015426 0.020681
5 0.282325 0.600818 0.015426 0.020681
5 0.368399 0.553237 0.015426 0.020681
5 0.454473 0.689727 0.015426 0.020681
5 0.540534 0.527649 0.015426 0.020681
5 0.626607 0.560562 0.015426 0.020681
5 0.712681 0.565349 0.015426 0.020681
5 0.798755 0.737291 0.015426 0.020681
5 0.884828 0.769353 0.015426 0.020681
5 0.970902 0.899438 0.015426 0.020681
2 0.110178 0.690511 0.015426 0.020681
2 0.205807 0.767121 0.015426 0.020681
2 0.301449 0.819063 0.015426 0.020681
2 0.397090 0.793066 0.015426 0.020681
2 0.492719 0.802964 0.015426 0.020681
2 0.588361 0.731261 0.015426 0.020681
2 0.683990 0.891397 0.015426 0.020681
2 0.779632 0.676167 0.015426 0.020681
2 0.875273 0.450221 0.015426 0.020681
2 0.970902 0.354583 0.015426 0.020681
1 0.110178 0.688501 0.015426 0.020681
1 0.188424 0.873748 0.015426 0.020681
1 0.266671 0.830613 0.015426 0.020681
1 0.344917 0.687325 0.015426 0.020681
1 0.423164 0.682044 0.015426 0.020681
1 0.501410 0.899438 0.015426 0.020681
1 0.579670 0.848177 0.015426 0.020681
1 0.657916 0.724872 0.015426 0.020681
1 0.736163 0.766440 0.015426 0.020681
1 0.814409 0.761959 0.015426 0.020681
1 0.892656 0.525503 0.015426 0.020681
1 0.970902 0.231772 0.015426 0.020681
4 0.110178 0.686116 0.015426 0.020681
4 0.205807 0.647138 0.015426 0.020681
4 0.301449 0.485230 0.015426 0.020681
4 0.397090 0.356082 0.015426 0.020681
4 0.492719 0.428569 0.015426 0.020681
4 0.588361 0.184429 0.015426 0.020681
4 0.683990 0.086422 0.015426 0.020681
4 0.779632 0.076082 0.015426 0.020681
4 0.875273 0.229983 0.015426 0.020681
4 0.970902 0.171840 0.015426 0.020681
7 0.110178 0.705860 0.015426 0.020681
7 0.196252 0.773663 0.015426 0.020681
7 0.282325 0.708995 0.015426 0.020681
7 0.368399 0.686133 0.015426 0.020681
7 0.454473 0.702027 0.015426 0.020681
7 0.540534 0.613543 0.015426 0.020681
7 0.626607 0.521346 0.015426 0.020681
7 0.712681 0.748722 0.015426 0.020681
7 0.798755 0.608484 0.015426 0.020681
7 0.884828 0.743390 0.015426 0.020681
7 0.970902 0.648109 0.015426 0.020681