7 0.087373 0.806941 0.013025 0.017441
7 0.150892 0.829449 0.013025 0.017441
7 0.214399 0.806992 0.013025 0.017441
7 0.277918 0.780144 0.013025 0.017441
7 0.341424 0.708839 0.013025 0.017441
7 0.404943 0.695534 0.013025 0.017441
7 0.468449 0.575449 0.013025 0.017441
7 0.531968 0.507347 0.013025 0.017441
7 0.595487 0.475941 0.013025 0.017441
7 0.658994 0.434924 0.013025 0.017441
7 0.722513 0.416466 0.013025 0.017441
7 0.786019 0.438602 0.013025 0.017441
7 0.849538 0.300822 0.013025 0.017441
7 0.913044 0.317025 0.013025 0.017441
7 0.976563 0.337093 0.013025 0.017441
4 0.087373 0.671449 0.013025 0.017441
4 0.198525 0.635703 0.013025 0.017441
4 0.309677 0.681992 0.013025 0.017441
4 0.420816 0.657381 0.013025 0.017441
4 0.531968 0.696483 0.013025 0.017441
4 0.643120 0.653720 0.013025 0.017441
4 0.754259 0.656246 0.013025 0.017441
4 0.865411 0.736720 0.013025 0.017441
4 0.976563 0.913771 0.013025 0.017441