6 0.138911 0.624299 0.022382 0.030034
6 0.222554 0.712060 0.022382 0.030034
6 0.306185 0.720453 0.022382 0.030034
6 0.389828 0.593581 0.022382 0.030034
6 0.473471 0.632949 0.022382 0.030034
6 0.557115 0.455393 0.022382 0.030034
6 0.640758 0.492829 0.022382 0.030034
6 0.724401 0.356573 0.022382 0.030034
6 0.808032 0.416538 0.022382 0.030034
6 0.891675 0.382915 0.022382 0.030034
6 0.975318 0.328487 0.022382 0.030034
1 0.138911 0.594829 0.022382 0.030034
1 0.198656 0.679359 0.022382 0.030034
1 0.258389 0.674556 0.022382 0.030034
1 0.318134 0.659496 0.022382 0.030034
1 0.377879 0.683513 0.022382 0.030034
1 0.437624 0.643701 0.022382 0.030034
1 0.497369 0.749393 0.022382 0.030034
1 0.557115 0.680726 0.022382 0.030034
1 0.616860 0.720282 0.022382 0.030034
1 0.676605 0.709034 0.022382 0.030034
1 0.736338 0.626333 0.022382 0.030034
1 0.796083 0.694419 0.022382 0.030034
1 0.855828 0.712846 0.022382 0.030034
1 0.915573 0.764538 0.022382 0.030034
1 0.975318 0.800145 0.022382 0.030034
0 0.138911 0.627103 0.022382 0.030034
0 0.208605 0.639957 0.022382 0.030034
0 0.278312 0.701872 0.022382 0.030034
0 0.348006 0.734128 0.022382 0.030034
0 0.417713 0.650487 0.022382 0.030034
0 0.487408 0.745735 0.022382 0.030034
0 0.557115 0.832282 0.022382 0.030034
0 0.626809 0.530880 0.022382 0.030034
0 0.696516 0.490915 0.022382 0.030034
0 0.766210 0.360846 0.022382 0.030034
0 0.835917 0.571462 0.022382 0.030034
0 0.905611 0.366863 0.022382 0.030034
0 0.975318 0.320282 0.022382 0.030034
5 0.138911 0.702778 0.022382 0.030034
5 0.208605 0.707308 0.022382 0.030034
5 0.278312 0.794846 0.022382 0.030034
5 0.348006 0.692949 0.022382 0.030034
5 0.417713 0.641222 0.022382 0.030034
5 0.487408 0.599410 0.022382 0.030034
5 0.557115 0.649821 0.022382 0.030034
5 0.626809 0.415513 0.022382 0.030034
5 0.696516 0.481991 0.022382 0.030034
5 0.766210 0.412026 0.022382 0.030034
5 0.835917 0.169222 0.022382 0.030034
5 0.905611 0.178949 0.022382 0.030034
5 0.975318 0.220983 0.022382 0.030034
4 0.138911 0.776162 0.022382 0.030034
4 0.222554 0.686487 0.022382 0.030034
4 0.306185 0.657359 0.022382 0.030034
4 0.389828 0.733410 0.022382 0.030034
4 0.473471 0.552692 0.022382 0.030034
4 0.557115 0.537650 0.022382 0.030034
4 0.640758 0.457291 0.022382 0.030034
4 0.724401 0.496692 0.022382 0.030034
4 0.808032 0.542436 0.022382 0.030034
4 0.891675 0.349974 0.022382 0.030034
4 0.975318 0.332350 0.022382 0.030034
3 0.138911 0.685427 0.022382 0.030034
3 0.222554 0.578145 0.022382 0.030034
3 0.306185 0.527769 0.022382 0.030034
3 0.389828 0.340573 0.022382 0.030034
3 0.473471 0.312385 0.022382 0.030034
3 0.557115 0.290778 0.022382 0.030034
3 0.640758 0.274470 0.022382 0.030034
3 0.724401 0.220368 0.022382 0.030034
3 0.808032 0.212590 0.022382 0.030034
3 0.891675 0.242504 0.022382 0.030034
3 0.975318 0.224316 0.022382 0.030034