4 0.106995 0.632815 0.017675 0.023656
4 0.164746 0.603274 0.017675 0.023656
4 0.222497 0.854175 0.017675 0.023656
4 0.280248 0.715383 0.017675 0.023656
4 0.337999 0.822338 0.017675 0.023656
4 0.395750 0.888223 0.017675 0.023656
4 0.453501 0.871250 0.017675 0.023656
4 0.511239 0.748699 0.017675 0.023656
4 0.568990 0.863733 0.017675 0.023656
4 0.626741 0.749175 0.017675 0.023656
4 0.684492 0.737866 0.017675 0.023656
4 0.742243 0.762764 0.017675 0.023656
4 0.799994 0.731080 0.017675 0.023656
4 0.857745 0.562611 0.017675 0.023656
4 0.915496 0.361233 0.017675 0.023656
4 0.973247 0.165111 0.017675 0.023656
3 0.106995 0.746675 0.017675 0.023656
3 0.193615 0.753988 0.017675 0.023656
3 0.280248 0.789549 0.017675 0.023656
3 0.366868 0.488257 0.017675 0.023656
3 0.453501 0.395451 0.017675 0.023656
3 0.540121 0.427151 0.017675 0.023656
3 0.626741 0.310757 0.017675 0.023656
3 0.713374 0.169396 0.017675 0.023656
3 0.799994 0.144702 0.017675 0.023656
3 0.886614 0.096369 0.017675 0.023656
3 0.973247 0.043597 0.017675 0.023656
0 0.106995 0.800791 0.017675 0.023656
0 0.179180 0.795859 0.017675 0.023656
0 0.251366 0.706930 0.017675 0.023656
0 0.323564 0.767321 0.017675 0.023656
0 0.395750 0.670876 0.017675 0.023656
0 0.467935 0.818818 0.017675 0.023656
0 0.540121 0.848682 0.017675 0.023656
0 0.612306 0.861114 0.017675 0.023656
0 0.684492 0.594974 0.017675 0.023656
0 0.756677 0.843087 0.017675 0.023656
0 0.828863 0.758427 0.017675 0.023656
0 0.901061 0.798325 0.017675 0.023656
0 0.973247 0.755570 0.017675 0.023656
1 0.106995 0.677985 0.017675 0.023656
1 0.173628 0.868308 0.017675 0.023656
1 0.240260 0.637951 0.017675 0.023656
1 0.306893 0.755332 0.017675 0.023656
1 0.373539 0.688070 0.017675 0.023656
1 0.440172 0.738835 0.017675 0.023656
1 0.506804 0.516828 0.017675 0.023656
1 0.573437 0.272049 0.017675 0.023656
1 0.640070 0.284872 0.017675 0.023656
1 0.706703 0.362866 0.017675 0.023656
1 0.773335 0.453750 0.017675 0.023656
1 0.839968 0.241709 0.017675 0.023656
1 0.906614 0.359974 0.017675 0.023656
1 0.973247 0.271794 0.017675 0.023656