1 0.094968 0.682347 0.010418 0.013949
1 0.163247 0.666856 0.010418 0.013949
1 0.231525 0.626195 0.010418 0.013949
1 0.299791 0.632246 0.010418 0.013949
1 0.368070 0.578432 0.010418 0.013949
1 0.436335 0.558737 0.010418 0.013949
1 0.504614 0.521924 0.010418 0.013949
1 0.572880 0.433856 0.010418 0.013949
1 0.641158 0.403161 0.010418 0.013949
1 0.709424 0.341805 0.010418 0.013949
1 0.777703 0.322822 0.010418 0.013949
1 0.845968 0.296534 0.010418 0.013949
1 0.914247 0.264076 0.010418 0.013949
1 0.982513 0.266263 0.010418 0.013949
6 0.094968 0.519907 0.010418 0.013949
6 0.193589 0.526280 0.010418 0.013949
6 0.292209 0.522110 0.010418 0.013949
6 0.390816 0.537669 0.010418 0.013949
6 0.489437 0.489686 0.010418 0.013949
6 0.588057 0.490907 0.010418 0.013949
6 0.686665 0.495975 0.010418 0.013949
6 0.785285 0.463975 0.010418 0.013949
6 0.883905 0.459331 0.010418 0.013949
6 0.982513 0.431856 0.010418 0.013949
7 0.094968 0.683585 0.010418 0.013949
7 0.175665 0.649110 0.010418 0.013949
7 0.256348 0.664737 0.010418 0.013949
7 0.337032 0.652907 0.010418 0.013949
7 0.417715 0.634500 0.010418 0.013949
7 0.498399 0.605636 0.010418 0.013949
7 0.579095 0.572856 0.010418 0.013949
7 0.659778 0.511805 0.010418 0.013949
7 0.740462 0.434110 0.010418 0.013949
7 0.821146 0.402686 0.010418 0.013949
7 0.901829 0.351703 0.010418 0.013949
7 0.982513 0.331653 0.010418 0.013949
0 0.094968 0.787636 0.010418 0.013949
0 0.163247 0.539534 0.010418 0.013949
0 0.231525 0.417669 0.010418 0.013949
0 0.299791 0.322720 0.010418 0.013949
0 0.368070 0.277449 0.010418 0.013949
0 0.436335 0.228534 0.010418 0.013949
0 0.504614 0.184229 0.010418 0.013949
0 0.572880 0.189907 0.010418 0.013949
0 0.641158 0.178161 0.010418 0.013949
0 0.709424 0.152127 0.010418 0.013949
0 0.777703 0.156364 0.010418 0.013949
0 0.845968 0.163042 0.010418 0.013949
0 0.914247 0.153619 0.010418 0.013949
0 0.982513 0.161110 0.010418 0.013949
2 0.094968 0.777500 0.010418 0.013949
2 0.242892 0.748195 0.010418 0.013949
2 0.390816 0.721754 0.010418 0.013949
2 0.538741 0.558093 0.010418 0.013949
2 0.686665 0.459415 0.010418 0.013949
2 0.834589 0.332653 0.010418 0.013949
2 0.982513 0.319466 0.010418 0.013949
4 0.094968 0.638737 0.010418 0.013949
4 0.163247 0.684347 0.010418 0.013949
4 0.231525 0.724229 0.010418 0.013949
4 0.299791 0.738873 0.010418 0.013949
4 0.368070 0.739314 0.010418 0.013949
4 0.436335 0.789534 0.010418 0.013949
4 0.504614 0.817737 0.010418 0.013949
4 0.572880 0.840466 0.010418 0.013949
4 0.641158 0.886636 0.010418 0.013949
4 0.709424 0.888347 0.010418 0.013949
4 0.777703 0.900754 0.010418 0.013949
4 0.845968 0.918178 0.010418 0.013949
4 0.914247 0.918178 0.010418 0.013949
4 0.982513 0.918178 0.010418 0.013949