2 0.130306 0.827214 0.017197 0.023077
2 0.224382 0.322291 0.017197 0.023077
2 0.318459 0.358068 0.017197 0.023077
2 0.412535 0.211880 0.017197 0.023077
2 0.506611 0.241026 0.017197 0.023077
2 0.600688 0.249043 0.017197 0.023077
2 0.694764 0.202821 0.017197 0.023077
2 0.788841 0.195060 0.017197 0.023077
2 0.882917 0.222615 0.017197 0.023077
2 0.976994 0.203538 0.017197 0.023077
4 0.130306 0.764222 0.017197 0.023077
4 0.214968 0.693094 0.017197 0.023077
4 0.299643 0.766684 0.017197 0.023077
4 0.384306 0.788427 0.017197 0.023077
4 0.468981 0.664017 0.017197 0.023077
4 0.553643 0.640496 0.017197 0.023077
4 0.638318 0.621829 0.017197 0.023077
4 0.722981 0.598821 0.017197 0.023077
4 0.807656 0.498906 0.017197 0.023077
4 0.892318 0.363385 0.017197 0.023077
4 0.976994 0.260632 0.017197 0.023077
1 0.130306 0.686923 0.017197 0.023077
1 0.186752 0.581214 0.017197 0.023077
1 0.243197 0.648376 0.017197 0.023077
1 0.299643 0.402940 0.017197 0.023077
1 0.356089 0.564598 0.017197 0.023077
1 0.412535 0.348803 0.017197 0.023077
1 0.468981 0.376701 0.017197 0.023077
1 0.525427 0.296632 0.017197 0.023077
1 0.581873 0.334188 0.017197 0.023077
1 0.638318 0.293197 0.017197 0.023077
1 0.694764 0.128667 0.017197 0.023077
1 0.751210 0.131453 0.017197 0.023077
1 0.807656 0.214974 0.017197 0.023077
1 0.864102 0.069795 0.017197 0.023077
1 0.920548 0.069846 0.017197 0.023077
1 0.976994 0.169214 0.017197 0.023077
3 0.130306 0.819231 0.017197 0.023077
3 0.200866 0.816718 0.017197 0.023077
3 0.271414 0.669607 0.017197 0.023077
3 0.341975 0.733795 0.017197 0.023077
3 0.412535 0.700239 0.017197 0.023077
3 0.483083 0.587692 0.017197 0.023077
3 0.553643 0.588872 0.017197 0.023077
3 0.624204 0.561624 0.017197 0.023077
3 0.694764 0.581385 0.017197 0.023077
3 0.765312 0.574479 0.017197 0.023077
3 0.835873 0.603983 0.017197 0.023077
3 0.906433 0.581197 0.017197 0.023077
3 0.976994 0.518103 0.017197 0.023077
7 0.130306 0.831231 0.017197 0.023077
7 0.224382 0.736889 0.017197 0.023077
7 0.318459 0.764462 0.017197 0.023077
7 0.412535 0.697487 0.017197 0.023077
7 0.506611 0.642342 0.017197 0.023077
7 0.600688 0.601368 0.017197 0.023077
7 0.694764 0.330598 0.017197 0.023077
7 0.788841 0.450274 0.017197 0.023077
7 0.882917 0.289316 0.017197 0.023077
7 0.976994 0.288222 0.017197 0.023077