4 0.087380 0.746068 0.012051 0.016136
4 0.187089 0.665458 0.012051 0.016136
4 0.286810 0.594898 0.012051 0.016136
4 0.386519 0.557356 0.012051 0.016136
4 0.486228 0.519034 0.012051 0.016136
4 0.585949 0.438475 0.012051 0.016136
4 0.685658 0.370339 0.012051 0.016136
4 0.785380 0.329085 0.012051 0.016136
4 0.885089 0.281424 0.012051 0.016136
4 0.984810 0.201169 0.012051 0.016136
5 0.087380 0.815932 0.012051 0.016136
5 0.187089 0.812542 0.012051 0.016136
5 0.286810 0.828627 0.012051 0.016136
5 0.386519 0.814644 0.012051 0.016136
5 0.486228 0.833695 0.012051 0.016136
5 0.585949 0.839153 0.012051 0.016136
5 0.685658 0.832729 0.012051 0.016136
5 0.785380 0.848780 0.012051 0.016136
5 0.885089 0.845864 0.012051 0.016136
5 0.984810 0.844068 0.012051 0.016136
0 0.087380 0.811593 0.012051 0.016136
0 0.236949 0.347831 0.012051 0.016136
0 0.386519 0.208237 0.012051 0.016136
0 0.536089 0.208136 0.012051 0.016136
0 0.685658 0.172847 0.012051 0.016136
0 0.835241 0.199559 0.012051 0.016136
0 0.984810 0.186627 0.012051 0.016136