4 0.117011 0.759003 0.011815 0.015860
4 0.202037 0.759191 0.011815 0.015860
4 0.287075 0.729072 0.011815 0.015860
4 0.372100 0.717981 0.011815 0.015860
4 0.457126 0.679821 0.011815 0.015860
4 0.542151 0.658271 0.011815 0.015860
4 0.627176 0.544046 0.011815 0.015860
4 0.712202 0.369940 0.011815 0.015860
4 0.797227 0.323910 0.011815 0.015860
4 0.882253 0.306516 0.011815 0.015860
4 0.967278 0.190366 0.011815 0.015860
3 0.117011 0.748339 0.011815 0.015860
3 0.194308 0.738254 0.011815 0.015860
3 0.271605 0.745545 0.011815 0.015860
3 0.348902 0.740434 0.011815 0.015860
3 0.426199 0.767777 0.011815 0.015860
3 0.503496 0.793348 0.011815 0.015860
3 0.580793 0.771848 0.011815 0.015860
3 0.658090 0.758526 0.011815 0.015860
3 0.735387 0.768492 0.011815 0.015860
3 0.812684 0.712121 0.011815 0.015860
3 0.889981 0.459055 0.011815 0.015860
3 0.967278 0.139770 0.011815 0.015860
7 0.117011 0.686499 0.011815 0.015860
7 0.182418 0.649651 0.011815 0.015860
7 0.247824 0.615051 0.011815 0.015860
7 0.313230 0.598509 0.011815 0.015860
7 0.378636 0.626652 0.011815 0.015860
7 0.444042 0.535801 0.011815 0.015860
7 0.509448 0.528407 0.011815 0.015860
7 0.574841 0.551508 0.011815 0.015860
7 0.640247 0.411746 0.011815 0.015860
7 0.705654 0.365801 0.011815 0.015860
7 0.771060 0.343671 0.011815 0.015860
7 0.836466 0.294199 0.011815 0.015860
7 0.901872 0.274250 0.011815 0.015860
7 0.967278 0.173382 0.011815 0.015860
1 0.117011 0.720298 0.011815 0.015860
1 0.173699 0.651235 0.011815 0.015860
1 0.230387 0.705221 0.011815 0.015860
1 0.287075 0.783211 0.011815 0.015860
1 0.343750 0.655341 0.011815 0.015860
1 0.400438 0.729174 0.011815 0.015860
1 0.457126 0.672939 0.011815 0.015860
1 0.513801 0.600537 0.011815 0.015860
1 0.570489 0.551235 0.011815 0.015860
1 0.627176 0.563075 0.011815 0.015860
1 0.683852 0.492036 0.011815 0.015860
1 0.740539 0.431610 0.011815 0.015860
1 0.797227 0.406993 0.011815 0.015860
1 0.853902 0.418697 0.011815 0.015860
1 0.910590 0.373995 0.011815 0.015860
1 0.967278 0.355358 0.011815 0.015860