2 0.140854 0.701829 0.014726 0.019761
2 0.222994 0.700581 0.014726 0.019761
2 0.305134 0.574632 0.014726 0.019761
2 0.387274 0.503436 0.014726 0.019761
2 0.469401 0.447077 0.014726 0.019761
2 0.551541 0.363282 0.014726 0.019761
2 0.633682 0.310171 0.014726 0.019761
2 0.715822 0.297487 0.014726 0.019761
2 0.797949 0.251419 0.014726 0.019761
2 0.880089 0.267880 0.014726 0.019761
2 0.962229 0.199538 0.014726 0.019761
7 0.140854 0.725624 0.014726 0.019761
7 0.215529 0.764274 0.014726 0.019761
7 0.290191 0.705026 0.014726 0.019761
7 0.364866 0.751812 0.014726 0.019761
7 0.439541 0.828581 0.014726 0.019761
7 0.514204 0.753521 0.014726 0.019761
7 0.588879 0.726974 0.014726 0.019761
7 0.663554 0.724051 0.014726 0.019761
7 0.738217 0.761932 0.014726 0.019761
7 0.812892 0.663880 0.014726 0.019761
7 0.887554 0.493504 0.014726 0.019761
7 0.962229 0.179573 0.014726 0.019761
3 0.140854 0.813385 0.014726 0.019761
3 0.243529 0.752274 0.014726 0.019761
3 0.346204 0.746222 0.014726 0.019761
3 0.448866 0.837692 0.014726 0.019761
3 0.551541 0.802103 0.014726 0.019761
3 0.654217 0.823573 0.014726 0.019761
3 0.756892 0.813538 0.014726 0.019761
3 0.859554 0.729812 0.014726 0.019761
3 0.962229 0.531761 0.014726 0.019761
4 0.140854 0.750598 0.014726 0.019761
4 0.232115 0.798137 0.014726 0.019761
4 0.323389 0.777248 0.014726 0.019761
4 0.414650 0.772752 0.014726 0.019761
4 0.505911 0.715282 0.014726 0.019761
4 0.597172 0.725744 0.014726 0.019761
4 0.688433 0.690889 0.014726 0.019761
4 0.779707 0.782923 0.014726 0.019761
4 0.870968 0.590103 0.014726 0.019761
4 0.962229 0.228735 0.014726 0.019761
5 0.140854 0.760410 0.014726 0.019761
5 0.209299 0.730137 0.014726 0.019761
5 0.277745 0.777761 0.014726 0.019761
5 0.346204 0.737607 0.014726 0.019761
5 0.414650 0.754855 0.014726 0.019761
5 0.483096 0.723983 0.014726 0.019761
5 0.551541 0.731026 0.014726 0.019761
5 0.619987 0.771880 0.014726 0.019761
5 0.688433 0.791812 0.014726 0.019761
5 0.756892 0.702034 0.014726 0.019761
5 0.825338 0.613487 0.014726 0.019761
5 0.893783 0.320821 0.014726 0.019761
5 0.962229 0.190564 0.014726 0.019761