6 0.091494 0.782814 0.010658 0.014271
6 0.165835 0.539780 0.010658 0.014271
6 0.240177 0.378559 0.010658 0.014271
6 0.314519 0.292153 0.010658 0.014271
6 0.388861 0.249898 0.010658 0.014271
6 0.463215 0.201814 0.010658 0.014271
6 0.537557 0.172661 0.010658 0.014271
6 0.611899 0.166712 0.010658 0.014271
6 0.686241 0.174458 0.010658 0.014271
6 0.760582 0.159492 0.010658 0.014271
6 0.834937 0.171034 0.010658 0.014271
6 0.909278 0.167983 0.010658 0.014271
6 0.983620 0.177203 0.010658 0.014271
0 0.091494 0.720814 0.010658 0.014271
0 0.172595 0.722051 0.010658 0.014271
0 0.253696 0.649475 0.010658 0.014271
0 0.334797 0.600746 0.010658 0.014271
0 0.415899 0.524271 0.010658 0.014271
0 0.497000 0.477695 0.010658 0.014271
0 0.578101 0.415356 0.010658 0.014271
0 0.659215 0.347542 0.010658 0.014271
0 0.740316 0.326051 0.010658 0.014271
0 0.821418 0.331831 0.010658 0.014271
0 0.902519 0.273508 0.010658 0.014271
0 0.983620 0.297576 0.010658 0.014271
7 0.091494 0.780119 0.010658 0.014271
7 0.203000 0.759746 0.010658 0.014271
7 0.314519 0.717881 0.010658 0.014271
7 0.426038 0.618814 0.010658 0.014271
7 0.537557 0.515949 0.010658 0.014271
7 0.649076 0.428797 0.010658 0.014271
7 0.760582 0.369203 0.010658 0.014271
7 0.872101 0.319288 0.010658 0.014271
7 0.983620 0.304780 0.010658 0.014271
4 0.091494 0.795000 0.010658 0.014271
4 0.172595 0.541559 0.010658 0.014271
4 0.253696 0.395661 0.010658 0.014271
4 0.334797 0.300136 0.010658 0.014271
4 0.415899 0.262034 0.010658 0.014271
4 0.497000 0.193695 0.010658 0.014271
4 0.578101 0.181780 0.010658 0.014271
4 0.659215 0.195966 0.010658 0.014271
4 0.740316 0.175797 0.010658 0.014271
4 0.821418 0.183085 0.010658 0.014271
4 0.902519 0.170458 0.010658 0.014271
4 0.983620 0.153458 0.010658 0.014271
3 0.091494 0.671746 0.010658 0.014271
3 0.172595 0.663508 0.010658 0.014271
3 0.253696 0.642542 0.010658 0.014271
3 0.334797 0.653678 0.010658 0.014271
3 0.415899 0.618712 0.010658 0.014271
3 0.497000 0.612220 0.010658 0.014271
3 0.578101 0.541271 0.010658 0.014271
3 0.659215 0.509017 0.010658 0.014271
3 0.740316 0.432610 0.010658 0.014271
3 0.821418 0.359051 0.010658 0.014271
3 0.902519 0.352864 0.010658 0.014271
3 0.983620 0.312949 0.010658 0.014271