1 0.129038 0.669308 0.018815 0.025248
1 0.250401 0.643496 0.018815 0.025248
1 0.371764 0.506128 0.018815 0.025248
1 0.493127 0.428419 0.018815 0.025248
1 0.614490 0.349256 0.018815 0.025248
1 0.735854 0.325667 0.018815 0.025248
1 0.857217 0.290709 0.018815 0.025248
1 0.978580 0.308658 0.018815 0.025248
4 0.129038 0.659718 0.018815 0.025248
4 0.206261 0.680932 0.018815 0.025248
4 0.283497 0.623735 0.018815 0.025248
4 0.360732 0.655752 0.018815 0.025248
4 0.437968 0.588231 0.018815 0.025248
4 0.515191 0.667547 0.018815 0.025248
4 0.592427 0.624726 0.018815 0.025248
4 0.669662 0.632419 0.018815 0.025248
4 0.746885 0.578778 0.018815 0.025248
4 0.824121 0.519325 0.018815 0.025248
4 0.901357 0.569821 0.018815 0.025248
4 0.978580 0.626299 0.018815 0.025248
2 0.129038 0.609342 0.018815 0.025248
2 0.223433 0.614709 0.018815 0.025248
2 0.317828 0.604795 0.018815 0.025248
2 0.412223 0.579120 0.018815 0.025248
2 0.506618 0.517667 0.018815 0.025248
2 0.601013 0.418248 0.018815 0.025248
2 0.695408 0.444214 0.018815 0.025248
2 0.789790 0.445393 0.018815 0.025248
2 0.884185 0.358795 0.018815 0.025248
2 0.978580 0.300897 0.018815 0.025248
0 0.129038 0.781786 0.018815 0.025248
0 0.199828 0.741462 0.018815 0.025248
0 0.270631 0.819650 0.018815 0.025248
0 0.341420 0.850419 0.018815 0.025248
0 0.412223 0.862197 0.018815 0.025248
0 0.483013 0.853274 0.018815 0.025248
0 0.553815 0.854829 0.018815 0.025248
0 0.624605 0.883051 0.018815 0.025248
0 0.695408 0.883051 0.018815 0.025248
0 0.766197 0.883051 0.018815 0.025248
0 0.836987 0.883051 0.018815 0.025248
0 0.907790 0.883051 0.018815 0.025248
0 0.978580 0.883051 0.018815 0.025248
3 0.129038 0.763701 0.018815 0.025248
3 0.213994 0.649325 0.018815 0.025248
3 0.298949 0.537085 0.018815 0.025248
3 0.383904 0.398026 0.018815 0.025248
3 0.468860 0.399632 0.018815 0.025248
3 0.553815 0.321376 0.018815 0.025248
3 0.638771 0.269137 0.018815 0.025248
3 0.723726 0.294094 0.018815 0.025248
3 0.808669 0.238880 0.018815 0.025248
3 0.893624 0.236060 0.018815 0.025248
3 0.978580 0.179393 0.018815 0.025248
6 0.129038 0.739000 0.018815 0.025248
6 0.235229 0.768419 0.018815 0.025248
6 0.341420 0.724179 0.018815 0.025248
6 0.447611 0.688880 0.018815 0.025248
6 0.553815 0.588128 0.018815 0.025248
6 0.660006 0.516197 0.018815 0.025248
6 0.766197 0.324453 0.018815 0.025248
6 0.872389 0.251274 0.018815 0.025248
6 0.978580 0.264333 0.018815 0.025248