0 0.093703 0.824636 0.011835 0.015847
0 0.269487 0.695992 0.011835 0.015847
0 0.445259 0.774280 0.011835 0.015847
0 0.621032 0.788975 0.011835 0.015847
0 0.796816 0.777025 0.011835 0.015847
0 0.972589 0.366263 0.011835 0.015847
6 0.093703 0.600958 0.011835 0.015847
6 0.173601 0.501653 0.011835 0.015847
6 0.253500 0.618432 0.011835 0.015847
6 0.333399 0.613890 0.011835 0.015847
6 0.413297 0.615822 0.011835 0.015847
6 0.493196 0.537500 0.011835 0.015847
6 0.573095 0.593941 0.011835 0.015847
6 0.652994 0.593364 0.011835 0.015847
6 0.732892 0.615161 0.011835 0.015847
6 0.812791 0.532551 0.011835 0.015847
6 0.892690 0.441178 0.011835 0.015847
6 0.972589 0.034754 0.011835 0.015847
4 0.093703 0.813042 0.011835 0.015847
4 0.203563 0.807771 0.011835 0.015847
4 0.313424 0.776093 0.011835 0.015847
4 0.423285 0.833110 0.011835 0.015847
4 0.533146 0.775619 0.011835 0.015847
4 0.643006 0.773280 0.011835 0.015847
4 0.752867 0.772653 0.011835 0.015847
4 0.862728 0.665669 0.011835 0.015847
4 0.972589 0.244975 0.011835 0.015847
5 0.093703 0.631534 0.011835 0.015847
5 0.269487 0.625703 0.011835 0.015847
5 0.445259 0.597686 0.011835 0.015847
5 0.621032 0.614856 0.011835 0.015847
5 0.796816 0.680619 0.011835 0.015847
5 0.972589 0.394161 0.011835 0.015847