6 0.091603 0.706941 0.015957 0.021339
6 0.159626 0.697483 0.015957 0.021339
6 0.227636 0.650246 0.015957 0.021339
6 0.295646 0.581686 0.015957 0.021339
6 0.363657 0.545483 0.015957 0.021339
6 0.431667 0.487331 0.015957 0.021339
6 0.499689 0.430958 0.015957 0.021339
6 0.567700 0.408212 0.015957 0.021339
6 0.635710 0.391805 0.015957 0.021339
6 0.703720 0.342195 0.015957 0.021339
6 0.771730 0.362093 0.015957 0.021339
6 0.839740 0.339449 0.015957 0.021339
6 0.907763 0.323381 0.015957 0.021339
6 0.975773 0.355297 0.015957 0.021339
1 0.091603 0.752890 0.015957 0.021339
1 0.268435 0.665822 0.015957 0.021339
1 0.445279 0.532415 0.015957 0.021339
1 0.622110 0.418975 0.015957 0.021339
1 0.798942 0.339144 0.015957 0.021339
1 0.975773 0.352822 0.015957 0.021339
0 0.091603 0.668805 0.015957 0.021339
0 0.171984 0.642602 0.015957 0.021339
0 0.252364 0.661161 0.015957 0.021339
0 0.332744 0.628924 0.015957 0.021339
0 0.413124 0.621042 0.015957 0.021339
0 0.493504 0.589381 0.015957 0.021339
0 0.573885 0.529856 0.015957 0.021339
0 0.654252 0.485398 0.015957 0.021339
0 0.734632 0.429636 0.015957 0.021339
0 0.815013 0.399381 0.015957 0.021339
0 0.895393 0.339449 0.015957 0.021339
0 0.975773 0.326686 0.015957 0.021339