7 0.094975 0.816847 0.013013 0.017424
7 0.182734 0.831864 0.013013 0.017424
7 0.270494 0.824136 0.013013 0.017424
7 0.358253 0.810492 0.013013 0.017424
7 0.446013 0.778695 0.013013 0.017424
7 0.533772 0.769203 0.013013 0.017424
7 0.621544 0.835915 0.013013 0.017424
7 0.709304 0.779186 0.013013 0.017424
7 0.797063 0.763441 0.013013 0.017424
7 0.884823 0.838576 0.013013 0.017424
7 0.972582 0.910373 0.013013 0.017424
1 0.094975 0.642203 0.013013 0.017424
1 0.182734 0.641339 0.013013 0.017424
1 0.270494 0.522051 0.013013 0.017424
1 0.358253 0.512017 0.013013 0.017424
1 0.446013 0.410407 0.013013 0.017424
1 0.533772 0.300831 0.013013 0.017424
1 0.621544 0.244695 0.013013 0.017424
1 0.709304 0.258966 0.013013 0.017424
1 0.797063 0.232322 0.013013 0.017424
1 0.884823 0.253949 0.013013 0.017424
1 0.972582 0.205424 0.013013 0.017424
3 0.094975 0.814390 0.013013 0.017424
3 0.182734 0.817034 0.013013 0.017424
3 0.270494 0.773847 0.013013 0.017424
3 0.358253 0.794017 0.013013 0.017424
3 0.446013 0.801898 0.013013 0.017424
3 0.533772 0.780237 0.013013 0.017424
3 0.621544 0.822508 0.013013 0.017424
3 0.709304 0.752339 0.013013 0.017424
3 0.797063 0.743102 0.013013 0.017424
3 0.884823 0.434695 0.013013 0.017424
3 0.972582 0.179407 0.013013 0.017424
2 0.094975 0.730814 0.013013 0.017424
2 0.192481 0.785695 0.013013 0.017424
2 0.290000 0.703169 0.013013 0.017424
2 0.387506 0.667627 0.013013 0.017424
2 0.485025 0.650153 0.013013 0.017424
2 0.582532 0.541220 0.013013 0.017424
2 0.680051 0.471407 0.013013 0.017424
2 0.777557 0.354712 0.013013 0.017424
2 0.875076 0.380881 0.013013 0.017424
2 0.972582 0.332729 0.013013 0.017424
6 0.094975 0.565661 0.013013 0.017424
6 0.192481 0.598644 0.013013 0.017424
6 0.290000 0.585237 0.013013 0.017424
6 0.387506 0.623288 0.013013 0.017424
6 0.485025 0.532102 0.013013 0.017424
6 0.582532 0.557814 0.013013 0.017424
6 0.680051 0.599169 0.013013 0.017424
6 0.777557 0.616525 0.013013 0.017424
6 0.875076 0.551966 0.013013 0.017424
6 0.972582 0.655644 0.013013 0.017424
4 0.094975 0.776169 0.013013 0.017424
4 0.182734 0.850017 0.013013 0.017424
4 0.270494 0.811339 0.013013 0.017424
4 0.358253 0.773492 0.013013 0.017424
4 0.446013 0.727102 0.013013 0.017424
4 0.533772 0.784000 0.013013 0.017424
4 0.621544 0.833712 0.013013 0.017424
4 0.709304 0.758068 0.013013 0.017424
4 0.797063 0.741661 0.013013 0.017424
4 0.884823 0.462508 0.013013 0.017424
4 0.972582 0.171525 0.013013 0.017424