0 0.130306 0.777709 0.022115 0.029675
0 0.299643 0.771726 0.022115 0.029675
0 0.468981 0.704684 0.022115 0.029675
0 0.638318 0.564154 0.022115 0.029675
0 0.807656 0.436017 0.022115 0.029675
0 0.976994 0.370239 0.022115 0.029675
6 0.130306 0.696239 0.022115 0.029675
6 0.251261 0.574274 0.022115 0.029675
6 0.372217 0.583197 0.022115 0.029675
6 0.493172 0.578615 0.022115 0.029675
6 0.614127 0.604085 0.022115 0.029675
6 0.735083 0.566188 0.022115 0.029675
6 0.856038 0.616274 0.022115 0.029675
6 0.976994 0.542991 0.022115 0.029675
7 0.130306 0.746479 0.022115 0.029675
7 0.224382 0.650085 0.022115 0.029675
7 0.318459 0.609709 0.022115 0.029675
7 0.412535 0.687812 0.022115 0.029675
7 0.506611 0.538376 0.022115 0.029675
7 0.600688 0.430222 0.022115 0.029675
7 0.694764 0.317504 0.022115 0.029675
7 0.788841 0.229932 0.022115 0.029675
7 0.882917 0.185214 0.022115 0.029675
7 0.976994 0.103812 0.022115 0.029675