5 0.135522 0.687376 0.016675 0.022376
5 0.254057 0.645342 0.016675 0.022376
5 0.372580 0.600829 0.016675 0.022376
5 0.491115 0.535376 0.016675 0.022376
5 0.609650 0.292333 0.016675 0.022376
5 0.728172 0.226145 0.016675 0.022376
5 0.846707 0.147342 0.016675 0.022376
5 0.965229 0.158966 0.016675 0.022376
1 0.135522 0.807701 0.016675 0.022376
1 0.239242 0.678590 0.016675 0.022376
1 0.342949 0.674060 0.016675 0.022376
1 0.446669 0.694145 0.016675 0.022376
1 0.550376 0.566333 0.016675 0.022376
1 0.654096 0.506880 0.016675 0.022376
1 0.757803 0.342248 0.016675 0.022376
1 0.861522 0.297222 0.016675 0.022376
1 0.965229 0.300949 0.016675 0.022376
6 0.135522 0.726709 0.016675 0.022376
6 0.218490 0.663564 0.016675 0.022376
6 0.301471 0.638846 0.016675 0.022376
6 0.384439 0.598368 0.016675 0.022376
6 0.467408 0.680282 0.016675 0.022376
6 0.550376 0.715239 0.016675 0.022376
6 0.633357 0.701051 0.016675 0.022376
6 0.716325 0.660761 0.016675 0.022376
6 0.799293 0.738419 0.016675 0.022376
6 0.882261 0.659718 0.016675 0.022376
6 0.965229 0.455274 0.016675 0.022376
7 0.135522 0.630880 0.016675 0.022376
7 0.254057 0.630915 0.016675 0.022376
7 0.372580 0.624983 0.016675 0.022376
7 0.491115 0.640795 0.016675 0.022376
7 0.609650 0.580231 0.016675 0.022376
7 0.728172 0.650863 0.016675 0.022376
7 0.846707 0.649308 0.016675 0.022376
7 0.965229 0.189974 0.016675 0.022376
3 0.135522 0.654265 0.016675 0.022376
3 0.239242 0.811513 0.016675 0.022376
3 0.342949 0.773889 0.016675 0.022376
3 0.446669 0.764402 0.016675 0.022376
3 0.550376 0.768487 0.016675 0.022376
3 0.654096 0.765513 0.016675 0.022376
3 0.757803 0.709530 0.016675 0.022376
3 0.861522 0.519701 0.016675 0.022376
3 0.965229 0.183376 0.016675 0.022376