0 0.097490 0.795009 0.013990 0.018724
0 0.160222 0.803223 0.013990 0.018724
0 0.222954 0.787866 0.013990 0.018724
0 0.285673 0.798920 0.013990 0.018724
0 0.348405 0.682355 0.013990 0.018724
0 0.411137 0.649719 0.013990 0.018724
0 0.473869 0.553512 0.013990 0.018724
0 0.536601 0.583648 0.013990 0.018724
0 0.599333 0.492883 0.013990 0.018724
0 0.662052 0.351080 0.013990 0.018724
0 0.724784 0.292219 0.013990 0.018724
0 0.787516 0.239617 0.013990 0.018724
0 0.850248 0.231743 0.013990 0.018724
0 0.912980 0.234124 0.013990 0.018724
0 0.975712 0.194073 0.013990 0.018724
2 0.097490 0.762185 0.013990 0.018724
2 0.177325 0.804039 0.013990 0.018724
2 0.257160 0.688325 0.013990 0.018724
2 0.337008 0.761794 0.013990 0.018724
2 0.416842 0.767491 0.013990 0.018724
2 0.496677 0.786845 0.013990 0.018724
2 0.576512 0.742985 0.013990 0.018724
2 0.656360 0.749345 0.013990 0.018724
2 0.736194 0.766947 0.013990 0.018724
2 0.816029 0.765859 0.013990 0.018724
2 0.895864 0.762457 0.013990 0.018724
2 0.975712 0.784940 0.013990 0.018724