0 0.087373 0.574534 0.013633 0.018254
0 0.199551 0.613195 0.013633 0.018254
0 0.311728 0.655314 0.013633 0.018254
0 0.423918 0.590178 0.013633 0.018254
0 0.536095 0.606703 0.013633 0.018254
0 0.648272 0.624958 0.013633 0.018254
0 0.760449 0.701415 0.013633 0.018254
0 0.872627 0.770398 0.013633 0.018254
0 0.984804 0.753229 0.013633 0.018254
6 0.087373 0.801907 0.013633 0.018254
6 0.215576 0.472703 0.013633 0.018254
6 0.343778 0.233347 0.013633 0.018254
6 0.471994 0.251619 0.013633 0.018254
6 0.600196 0.210381 0.013633 0.018254
6 0.728399 0.221568 0.013633 0.018254
6 0.856601 0.181958 0.013633 0.018254
6 0.984804 0.154975 0.013633 0.018254
1 0.087373 0.798517 0.013633 0.018254
1 0.199551 0.624297 0.013633 0.018254
1 0.311728 0.405517 0.013633 0.018254
1 0.423918 0.354703 0.013633 0.018254
1 0.536095 0.272771 0.013633 0.018254
1 0.648272 0.237144 0.013633 0.018254
1 0.760449 0.200466 0.013633 0.018254
1 0.872627 0.319737 0.013633 0.018254
1 0.984804 0.237331 0.013633 0.018254
2 0.087373 0.578059 0.013633 0.018254
2 0.215576 0.585619 0.013633 0.018254
2 0.343778 0.574432 0.013633 0.018254
2 0.471994 0.553246 0.013633 0.018254
2 0.600196 0.467703 0.013633 0.018254
2 0.728399 0.501720 0.013633 0.018254
2 0.856601 0.482364 0.013633 0.018254
2 0.984804 0.440483 0.013633 0.018254