4 0.087380 0.705542 0.010329 0.013831
4 0.186177 0.702915 0.010329 0.013831
4 0.284975 0.661814 0.010329 0.013831
4 0.383772 0.671542 0.010329 0.013831
4 0.482570 0.680254 0.010329 0.013831
4 0.581367 0.513000 0.010329 0.013831
4 0.680165 0.498017 0.010329 0.013831
4 0.778962 0.292847 0.010329 0.013831
4 0.877759 0.332220 0.010329 0.013831
4 0.976557 0.323593 0.010329 0.013831
1 0.087380 0.633780 0.010329 0.013831
1 0.176291 0.590949 0.010329 0.013831
1 0.265215 0.648186 0.010329 0.013831
1 0.354139 0.485220 0.010329 0.013831
1 0.443051 0.493949 0.010329 0.013831
1 0.531975 0.329831 0.010329 0.013831
1 0.620886 0.283068 0.010329 0.013831
1 0.709810 0.167898 0.010329 0.013831
1 0.798722 0.198119 0.010329 0.013831
1 0.887646 0.253153 0.010329 0.013831
1 0.976557 0.179627 0.010329 0.013831
6 0.087380 0.757508 0.010329 0.013831
6 0.198532 0.664305 0.010329 0.013831
6 0.309671 0.750407 0.010329 0.013831
6 0.420823 0.732136 0.010329 0.013831
6 0.531975 0.695712 0.010329 0.013831
6 0.643114 0.733525 0.010329 0.013831
6 0.754266 0.719831 0.010329 0.013831
6 0.865418 0.693542 0.010329 0.013831
6 0.976557 0.584254 0.010329 0.013831
3 0.087380 0.639593 0.010329 0.013831
3 0.186177 0.696271 0.010329 0.013831
3 0.284975 0.683407 0.010329 0.013831
3 0.383772 0.655576 0.010329 0.013831
3 0.482570 0.692119 0.010329 0.013831
3 0.581367 0.730881 0.010329 0.013831
3 0.680165 0.716763 0.010329 0.013831
3 0.778962 0.687797 0.010329 0.013831
3 0.877759 0.645034 0.010329 0.013831
3 0.976557 0.582407 0.010329 0.013831