7 0.100807 0.816107 0.013710 0.018382
7 0.198024 0.828901 0.013710 0.018382
7 0.295229 0.758748 0.013710 0.018382
7 0.392446 0.695324 0.013710 0.018382
7 0.489651 0.820622 0.013710 0.018382
7 0.586868 0.775409 0.013710 0.018382
7 0.684072 0.791014 0.013710 0.018382
7 0.781290 0.742308 0.013710 0.018382
7 0.878507 0.529583 0.013710 0.018382
7 0.975712 0.215187 0.013710 0.018382
0 0.100807 0.812768 0.013710 0.018382
0 0.210172 0.776601 0.013710 0.018382
0 0.319536 0.687402 0.013710 0.018382
0 0.428901 0.808629 0.013710 0.018382
0 0.538266 0.803773 0.013710 0.018382
0 0.647618 0.755988 0.013710 0.018382
0 0.756982 0.805511 0.013710 0.018382
0 0.866347 0.458186 0.013710 0.018382
0 0.975712 0.204813 0.013710 0.018382
4 0.100807 0.615698 0.013710 0.018382
4 0.210172 0.491627 0.013710 0.018382
4 0.319536 0.594506 0.013710 0.018382
4 0.428901 0.488305 0.013710 0.018382
4 0.538266 0.615647 0.013710 0.018382
4 0.647618 0.594625 0.013710 0.018382
4 0.756982 0.516993 0.013710 0.018382
4 0.866347 0.509532 0.013710 0.018382
4 0.975712 0.435324 0.013710 0.018382
1 0.100807 0.788816 0.013710 0.018382
1 0.180349 0.769208 0.013710 0.018382
1 0.259879 0.746244 0.013710 0.018382
1 0.339422 0.769736 0.013710 0.018382
1 0.418952 0.833773 0.013710 0.018382
1 0.498494 0.849378 0.013710 0.018382
1 0.578024 0.779770 0.013710 0.018382
1 0.657567 0.788799 0.013710 0.018382
1 0.737097 0.727351 0.013710 0.018382
1 0.816639 0.772581 0.013710 0.018382
1 0.896182 0.494438 0.013710 0.018382
1 0.975712 0.186618 0.013710 0.018382