1 0.106872 0.583433 0.017703 0.023765
1 0.216212 0.731644 0.017703 0.023765
1 0.325552 0.707845 0.017703 0.023765
1 0.434892 0.736056 0.017703 0.023765
1 0.544232 0.779020 0.017703 0.023765
1 0.653572 0.875239 0.017703 0.023765
1 0.762912 0.795920 0.017703 0.023765
1 0.872265 0.876567 0.017703 0.023765
1 0.981605 0.900060 0.017703 0.023765
4 0.106872 0.688118 0.017703 0.023765
4 0.216212 0.600366 0.017703 0.023765
4 0.325552 0.516090 0.017703 0.023765
4 0.434892 0.507402 0.017703 0.023765
4 0.544232 0.527385 0.017703 0.023765
4 0.653572 0.493756 0.017703 0.023765
4 0.762912 0.418305 0.017703 0.023765
4 0.872265 0.416431 0.017703 0.023765
4 0.981605 0.372274 0.017703 0.023765
3 0.106872 0.666806 0.017703 0.023765
3 0.179765 0.614642 0.017703 0.023765
3 0.252659 0.667164 0.017703 0.023765
3 0.325552 0.689089 0.017703 0.023765
3 0.398445 0.666380 0.017703 0.023765
3 0.471339 0.589157 0.017703 0.023765
3 0.544232 0.499957 0.017703 0.023765
3 0.617126 0.509480 0.017703 0.023765
3 0.690019 0.470673 0.017703 0.023765
3 0.762912 0.406431 0.017703 0.023765
3 0.835819 0.371644 0.017703 0.023765
3 0.908712 0.401303 0.017703 0.023765
3 0.981605 0.372768 0.017703 0.023765
7 0.106872 0.777453 0.017703 0.023765
7 0.231834 0.466584 0.017703 0.023765
7 0.356796 0.294966 0.017703 0.023765
7 0.481758 0.332155 0.017703 0.023765
7 0.606720 0.248714 0.017703 0.023765
7 0.731681 0.285698 0.017703 0.023765
7 0.856643 0.227368 0.017703 0.023765
7 0.981605 0.160537 0.017703 0.023765