3 0.089911 0.910373 0.010051 0.013458
3 0.170506 0.732763 0.010051 0.013458
3 0.251114 0.910373 0.010051 0.013458
3 0.331722 0.758492 0.010051 0.013458
3 0.412329 0.718559 0.010051 0.013458
3 0.492937 0.817492 0.010051 0.013458
3 0.573532 0.785559 0.010051 0.013458
3 0.654139 0.786017 0.010051 0.013458
3 0.734747 0.738712 0.010051 0.013458
3 0.815354 0.874678 0.010051 0.013458
3 0.895949 0.750814 0.010051 0.013458
3 0.976557 0.751407 0.010051 0.013458
4 0.089911 0.728458 0.010051 0.013458
4 0.158114 0.714797 0.010051 0.013458
4 0.226316 0.855102 0.010051 0.013458
4 0.294519 0.891814 0.010051 0.013458
4 0.362722 0.784373 0.010051 0.013458
4 0.430924 0.711847 0.010051 0.013458
4 0.499127 0.537983 0.010051 0.013458
4 0.567329 0.603441 0.010051 0.013458
4 0.635544 0.596746 0.010051 0.013458
4 0.703747 0.412593 0.010051 0.013458
4 0.771949 0.370525 0.010051 0.013458
4 0.840152 0.371271 0.010051 0.013458
4 0.908354 0.094102 0.010051 0.013458
4 0.976557 0.209593 0.010051 0.013458