5 0.087380 0.615475 0.010025 0.013424
5 0.142949 0.537492 0.010025 0.013424
5 0.198519 0.740542 0.010025 0.013424
5 0.254101 0.814373 0.010025 0.013424
5 0.309671 0.762525 0.010025 0.013424
5 0.365241 0.634153 0.010025 0.013424
5 0.420823 0.702864 0.010025 0.013424
5 0.476392 0.691593 0.010025 0.013424
5 0.531962 0.714915 0.010025 0.013424
5 0.587544 0.633864 0.010025 0.013424
5 0.643114 0.597847 0.010025 0.013424
5 0.698684 0.601492 0.010025 0.013424
5 0.754266 0.771610 0.010025 0.013424
5 0.809835 0.564407 0.010025 0.013424
5 0.865405 0.627627 0.010025 0.013424
5 0.920987 0.589746 0.010025 0.013424
5 0.976557 0.349915 0.010025 0.013424
7 0.087380 0.710627 0.010025 0.013424
7 0.198519 0.652627 0.010025 0.013424
7 0.309671 0.600034 0.010025 0.013424
7 0.420823 0.533288 0.010025 0.013424
7 0.531962 0.309881 0.010025 0.013424
7 0.643114 0.167034 0.010025 0.013424
7 0.754266 0.234797 0.010025 0.013424
7 0.865405 0.174593 0.010025 0.013424
7 0.976557 0.080492 0.010025 0.013424
2 0.087380 0.816712 0.010025 0.013424
2 0.155772 0.913763 0.010025 0.013424
2 0.224177 0.789780 0.010025 0.013424
2 0.292570 0.785000 0.010025 0.013424
2 0.360975 0.739339 0.010025 0.013424
2 0.429367 0.729085 0.010025 0.013424
2 0.497772 0.820186 0.010025 0.013424
2 0.566165 0.681932 0.010025 0.013424
2 0.634570 0.913763 0.010025 0.013424
2 0.702962 0.651136 0.010025 0.013424
2 0.771367 0.724441 0.010025 0.013424
2 0.839759 0.622237 0.010025 0.013424
2 0.908165 0.297475 0.010025 0.013424
2 0.976557 0.081695 0.010025 0.013424
1 0.087380 0.812237 0.010025 0.013424
1 0.142949 0.913763 0.010025 0.013424
1 0.198519 0.728220 0.010025 0.013424
1 0.254101 0.781492 0.010025 0.013424
1 0.309671 0.841847 0.010025 0.013424
1 0.365241 0.913763 0.010025 0.013424
1 0.420823 0.810102 0.010025 0.013424
1 0.476392 0.702627 0.010025 0.013424
1 0.531962 0.647678 0.010025 0.013424
1 0.587544 0.798085 0.010025 0.013424
1 0.643114 0.582051 0.010025 0.013424
1 0.698684 0.498475 0.010025 0.013424
1 0.754266 0.435593 0.010025 0.013424
1 0.809835 0.428136 0.010025 0.013424
1 0.865405 0.302746 0.010025 0.013424
1 0.920987 0.388085 0.010025 0.013424
1 0.976557 0.293492 0.010025 0.013424
4 0.087380 0.423780 0.010025 0.013424
4 0.198519 0.558898 0.010025 0.013424
4 0.309671 0.600593 0.010025 0.013424
4 0.420823 0.447610 0.010025 0.013424
4 0.531962 0.612051 0.010025 0.013424
4 0.643114 0.600780 0.010025 0.013424
4 0.754266 0.452186 0.010025 0.013424
4 0.865405 0.656288 0.010025 0.013424
4 0.976557 0.481915 0.010025 0.013424