0 0.103342 0.813612 0.017891 0.023986
0 0.176048 0.742164 0.017891 0.023986
0 0.248742 0.775997 0.017891 0.023986
0 0.321436 0.832624 0.017891 0.023986
0 0.394130 0.682998 0.017891 0.023986
0 0.466836 0.862385 0.017891 0.023986
0 0.539530 0.787019 0.017891 0.023986
0 0.612224 0.805162 0.017891 0.023986
0 0.684917 0.798756 0.017891 0.023986
0 0.757624 0.773697 0.017891 0.023986
0 0.830318 0.682283 0.017891 0.023986
0 0.903011 0.402419 0.017891 0.023986
0 0.975705 0.254617 0.017891 0.023986
5 0.103342 0.813373 0.017891 0.023986
5 0.157865 0.753867 0.017891 0.023986
5 0.212389 0.754429 0.017891 0.023986
5 0.266912 0.786542 0.017891 0.023986
5 0.321436 0.785792 0.017891 0.023986
5 0.375959 0.801210 0.017891 0.023986
5 0.430483 0.812198 0.017891 0.023986
5 0.485006 0.773765 0.017891 0.023986
5 0.539530 0.749966 0.017891 0.023986
5 0.594053 0.799659 0.017891 0.023986
5 0.648577 0.766405 0.017891 0.023986
5 0.703100 0.749353 0.017891 0.023986
5 0.757624 0.744957 0.017891 0.023986
5 0.812147 0.705758 0.017891 0.023986
5 0.866671 0.551755 0.017891 0.023986
5 0.921182 0.342879 0.017891 0.023986
5 0.975705 0.197104 0.017891 0.023986
4 0.103342 0.825520 0.017891 0.023986
4 0.190584 0.830494 0.017891 0.023986
4 0.277814 0.778484 0.017891 0.023986
4 0.365057 0.778535 0.017891 0.023986
4 0.452287 0.768807 0.017891 0.023986
4 0.539530 0.793271 0.017891 0.023986
4 0.626760 0.858058 0.017891 0.023986
4 0.714003 0.812828 0.017891 0.023986
4 0.801233 0.735690 0.017891 0.023986
4 0.888475 0.520273 0.017891 0.023986
4 0.975705 0.262317 0.017891 0.023986
2 0.103342 0.815366 0.017891 0.023986
2 0.157865 0.737700 0.017891 0.023986
2 0.212389 0.741533 0.017891 0.023986
2 0.266912 0.751823 0.017891 0.023986
2 0.321436 0.750869 0.017891 0.023986
2 0.375959 0.815400 0.017891 0.023986
2 0.430483 0.849506 0.017891 0.023986
2 0.485006 0.762249 0.017891 0.023986
2 0.539530 0.821635 0.017891 0.023986
2 0.594053 0.845094 0.017891 0.023986
2 0.648577 0.774923 0.017891 0.023986
2 0.703100 0.782777 0.017891 0.023986
2 0.757624 0.800017 0.017891 0.023986
2 0.812147 0.719148 0.017891 0.023986
2 0.866671 0.560971 0.017891 0.023986
2 0.921182 0.320750 0.017891 0.023986
2 0.975705 0.238058 0.017891 0.023986
7 0.103342 0.693458 0.017891 0.023986
7 0.154663 0.669097 0.017891 0.023986
7 0.205972 0.686934 0.017891 0.023986
7 0.257294 0.678484 0.017891 0.023986
7 0.308615 0.704906 0.017891 0.023986
7 0.359924 0.685537 0.017891 0.023986
7 0.411245 0.660562 0.017891 0.023986
7 0.462554 0.718228 0.017891 0.023986
7 0.513875 0.603765 0.017891 0.023986
7 0.565184 0.518433 0.017891 0.023986
7 0.616506 0.552589 0.017891 0.023986
7 0.667814 0.450034 0.017891 0.023986
7 0.719136 0.449319 0.017891 0.023986
7 0.770445 0.387683 0.017891 0.023986
7 0.821766 0.364412 0.017891 0.023986
7 0.873075 0.343850 0.017891 0.023986
7 0.924396 0.278552 0.017891 0.023986
7 0.975705 0.233169 0.017891 0.023986
3 0.103342 0.570733 0.017891 0.023986
3 0.227967 0.600341 0.017891 0.023986
3 0.352592 0.582215 0.017891 0.023986
3 0.477217 0.634940 0.017891 0.023986
3 0.601842 0.553101 0.017891 0.023986
3 0.726468 0.657836 0.017891 0.023986
3 0.851093 0.542811 0.017891 0.023986
3 0.975705 0.200903 0.017891 0.023986