4 0.087873 0.760186 0.016025 0.021458
4 0.176734 0.759390 0.016025 0.021458
4 0.265608 0.770390 0.016025 0.021458
4 0.354481 0.680593 0.016025 0.021458
4 0.443342 0.684542 0.016025 0.021458
4 0.532215 0.553186 0.016025 0.021458
4 0.621089 0.441373 0.016025 0.021458
4 0.709949 0.323271 0.016025 0.021458
4 0.798823 0.282542 0.016025 0.021458
4 0.887696 0.253644 0.016025 0.021458
4 0.976557 0.228119 0.016025 0.021458
2 0.087873 0.698169 0.016025 0.021458
2 0.186620 0.661576 0.016025 0.021458
2 0.285354 0.676475 0.016025 0.021458
2 0.384101 0.686559 0.016025 0.021458
2 0.482848 0.691949 0.016025 0.021458
2 0.581582 0.734729 0.016025 0.021458
2 0.680329 0.726237 0.016025 0.021458
2 0.779076 0.687847 0.016025 0.021458
2 0.877810 0.678373 0.016025 0.021458
2 0.976557 0.474881 0.016025 0.021458
3 0.087873 0.634492 0.016025 0.021458
3 0.235987 0.620678 0.016025 0.021458
3 0.384101 0.610525 0.016025 0.021458
3 0.532215 0.551102 0.016025 0.021458
3 0.680329 0.624373 0.016025 0.021458
3 0.828443 0.594644 0.016025 0.021458
3 0.976557 0.552881 0.016025 0.021458