3 0.083424 0.768314 0.015127 0.020254
3 0.152272 0.826347 0.015127 0.020254
3 0.221120 0.710805 0.015127 0.020254
3 0.289981 0.792263 0.015127 0.020254
3 0.358829 0.696619 0.015127 0.020254
3 0.427677 0.792110 0.015127 0.020254
3 0.496525 0.669975 0.015127 0.020254
3 0.565386 0.795992 0.015127 0.020254
3 0.634234 0.680805 0.015127 0.020254
3 0.703082 0.802585 0.015127 0.020254
3 0.771943 0.712941 0.015127 0.020254
3 0.840791 0.918517 0.015127 0.020254
3 0.909639 0.697127 0.015127 0.020254
3 0.978487 0.683941 0.015127 0.020254
1 0.083424 0.751042 0.015127 0.020254
1 0.164791 0.757466 0.015127 0.020254
1 0.246158 0.726703 0.015127 0.020254
1 0.327538 0.787686 0.015127 0.020254
1 0.408905 0.808263 0.015127 0.020254
1 0.490272 0.750958 0.015127 0.020254
1 0.571639 0.749619 0.015127 0.020254
1 0.653006 0.741195 0.015127 0.020254
1 0.734386 0.847331 0.015127 0.020254
1 0.815753 0.778958 0.015127 0.020254
1 0.897120 0.524093 0.015127 0.020254
1 0.978487 0.241907 0.015127 0.020254
2 0.083424 0.809839 0.015127 0.020254
2 0.195310 0.701636 0.015127 0.020254
2 0.307184 0.739280 0.015127 0.020254
2 0.419070 0.719839 0.015127 0.020254
2 0.530956 0.639585 0.015127 0.020254
2 0.642842 0.812551 0.015127 0.020254
2 0.754728 0.675568 0.015127 0.020254
2 0.866614 0.583958 0.015127 0.020254
2 0.978487 0.305415 0.015127 0.020254