6 0.122669 0.570453 0.013185 0.017692
6 0.217764 0.614573 0.013185 0.017692
6 0.312873 0.515205 0.013185 0.017692
6 0.407968 0.230744 0.013185 0.017692
6 0.503076 0.356179 0.013185 0.017692
6 0.598172 0.382624 0.013185 0.017692
6 0.693280 0.097906 0.013185 0.017692
6 0.788376 0.125479 0.013185 0.017692
6 0.883484 0.221803 0.013185 0.017692
6 0.978580 0.102026 0.013185 0.017692
0 0.122669 0.638350 0.013185 0.017692
0 0.200478 0.760453 0.013185 0.017692
0 0.278287 0.794077 0.013185 0.017692
0 0.356096 0.578009 0.013185 0.017692
0 0.433904 0.640709 0.013185 0.017692
0 0.511713 0.501154 0.013185 0.017692
0 0.589535 0.471752 0.013185 0.017692
0 0.667344 0.372556 0.013185 0.017692
0 0.745153 0.410795 0.013185 0.017692
0 0.822962 0.293154 0.013185 0.017692
0 0.900771 0.202846 0.013185 0.017692
0 0.978580 0.234590 0.013185 0.017692
1 0.122669 0.620248 0.013185 0.017692
1 0.244936 0.709855 0.013185 0.017692
1 0.367217 0.646043 0.013185 0.017692
1 0.489484 0.785957 0.013185 0.017692
1 0.611764 0.884060 0.013185 0.017692
1 0.734032 0.891598 0.013185 0.017692
1 0.856312 0.891598 0.013185 0.017692
1 0.978580 0.889479 0.013185 0.017692
2 0.122669 0.653308 0.013185 0.017692
2 0.217764 0.520932 0.013185 0.017692
2 0.312873 0.447274 0.013185 0.017692
2 0.407968 0.596350 0.013185 0.017692
2 0.503076 0.548487 0.013185 0.017692
2 0.598172 0.658453 0.013185 0.017692
2 0.693280 0.706128 0.013185 0.017692
2 0.788376 0.594368 0.013185 0.017692
2 0.883484 0.581598 0.013185 0.017692
2 0.978580 0.721444 0.013185 0.017692
4 0.122669 0.768658 0.013185 0.017692
4 0.217764 0.767718 0.013185 0.017692
4 0.312873 0.765154 0.013185 0.017692
4 0.407968 0.670094 0.013185 0.017692
4 0.503076 0.517376 0.013185 0.017692
4 0.598172 0.538675 0.013185 0.017692
4 0.693280 0.492726 0.013185 0.017692
4 0.788376 0.437342 0.013185 0.017692
4 0.883484 0.442179 0.013185 0.017692
4 0.978580 0.192248 0.013185 0.017692