5 0.087380 0.711407 0.014785 0.019797
5 0.176291 0.728983 0.014785 0.019797
5 0.265215 0.764034 0.014785 0.019797
5 0.354127 0.651000 0.014785 0.019797
5 0.443051 0.546746 0.014785 0.019797
5 0.531962 0.471254 0.014785 0.019797
5 0.620886 0.422542 0.014785 0.019797
5 0.709810 0.248525 0.014785 0.019797
5 0.798722 0.165322 0.014785 0.019797
5 0.887646 0.217492 0.014785 0.019797
5 0.976557 0.191610 0.014785 0.019797
0 0.087380 0.706339 0.014785 0.019797
0 0.176291 0.629407 0.014785 0.019797
0 0.265215 0.709983 0.014785 0.019797
0 0.354127 0.406390 0.014785 0.019797
0 0.443051 0.374492 0.014785 0.019797
0 0.531962 0.315119 0.014785 0.019797
0 0.620886 0.289237 0.014785 0.019797
0 0.709810 0.184475 0.014785 0.019797
0 0.798722 0.282169 0.014785 0.019797
0 0.887646 0.349017 0.014785 0.019797
0 0.976557 0.180000 0.014785 0.019797
2 0.087380 0.835153 0.014785 0.019797
2 0.214405 0.844220 0.014785 0.019797
2 0.341430 0.723864 0.014785 0.019797
2 0.468456 0.871017 0.014785 0.019797
2 0.595481 0.861000 0.014785 0.019797
2 0.722506 0.874254 0.014785 0.019797
2 0.849532 0.913763 0.014785 0.019797
2 0.976557 0.876271 0.014785 0.019797
7 0.087380 0.637847 0.014785 0.019797
7 0.214405 0.514492 0.014785 0.019797
7 0.341430 0.646356 0.014785 0.019797
7 0.468456 0.551542 0.014785 0.019797
7 0.595481 0.722085 0.014785 0.019797
7 0.722506 0.635525 0.014785 0.019797
7 0.849532 0.507000 0.014785 0.019797
7 0.976557 0.447559 0.014785 0.019797