7 0.102259 0.884463 0.014315 0.019216
7 0.175647 0.528671 0.014315 0.019216
7 0.249048 0.471823 0.014315 0.019216
7 0.322437 0.358944 0.014315 0.019216
7 0.395825 0.252215 0.014315 0.019216
7 0.469213 0.318671 0.014315 0.019216
7 0.542602 0.251414 0.014315 0.019216
7 0.615990 0.231533 0.014315 0.019216
7 0.689378 0.252572 0.014315 0.019216
7 0.762779 0.232624 0.014315 0.019216
7 0.836168 0.212658 0.014315 0.019216
7 0.909556 0.239284 0.014315 0.019216
7 0.982944 0.131533 0.014315 0.019216
5 0.102259 0.644617 0.014315 0.019216
5 0.278401 0.691244 0.014315 0.019216
5 0.454530 0.720460 0.014315 0.019216
5 0.630673 0.795928 0.014315 0.019216
5 0.806815 0.907445 0.014315 0.019216
5 0.982944 0.907445 0.014315 0.019216
4 0.102259 0.749642 0.014315 0.019216
4 0.165165 0.731005 0.014315 0.019216
4 0.228071 0.657342 0.014315 0.019216
4 0.290977 0.696644 0.014315 0.019216
4 0.353883 0.578739 0.014315 0.019216
4 0.416789 0.554753 0.014315 0.019216
4 0.479695 0.633356 0.014315 0.019216
4 0.542602 0.554003 0.014315 0.019216
4 0.605508 0.568807 0.014315 0.019216
4 0.668414 0.544123 0.014315 0.019216
4 0.731320 0.561687 0.014315 0.019216
4 0.794226 0.489693 0.014315 0.019216
4 0.857132 0.462675 0.014315 0.019216
4 0.920038 0.409148 0.014315 0.019216
4 0.982944 0.372726 0.014315 0.019216
6 0.102259 0.833782 0.014315 0.019216
6 0.165165 0.684225 0.014315 0.019216
6 0.228071 0.573288 0.014315 0.019216
6 0.290977 0.510273 0.014315 0.019216
6 0.353883 0.506184 0.014315 0.019216
6 0.416789 0.449591 0.014315 0.019216
6 0.479695 0.398109 0.014315 0.019216
6 0.542602 0.353782 0.014315 0.019216
6 0.605508 0.324821 0.014315 0.019216
6 0.668414 0.304157 0.014315 0.019216
6 0.731320 0.258773 0.014315 0.019216
6 0.794226 0.226848 0.014315 0.019216
6 0.857132 0.259267 0.014315 0.019216
6 0.920038 0.309080 0.014315 0.019216
6 0.982944 0.321022 0.014315 0.019216
2 0.102259 0.706150 0.014315 0.019216
2 0.160977 0.746865 0.014315 0.019216
2 0.219683 0.761499 0.014315 0.019216
2 0.278401 0.705009 0.014315 0.019216
2 0.337107 0.640290 0.014315 0.019216
2 0.395825 0.618944 0.014315 0.019216
2 0.454530 0.550511 0.014315 0.019216
2 0.513249 0.469574 0.014315 0.019216
2 0.571954 0.393407 0.014315 0.019216
2 0.630673 0.317632 0.014315 0.019216
2 0.689378 0.311976 0.014315 0.019216
2 0.748096 0.328365 0.014315 0.019216
2 0.806815 0.189165 0.014315 0.019216
2 0.865520 0.208313 0.014315 0.019216
2 0.924239 0.151090 0.014315 0.019216
2 0.982944 0.160290 0.014315 0.019216
3 0.102259 0.775043 0.014315 0.019216
3 0.182322 0.558825 0.014315 0.019216
3 0.262386 0.319370 0.014315 0.019216
3 0.342449 0.314429 0.014315 0.019216
3 0.422513 0.213135 0.014315 0.019216
3 0.502576 0.246865 0.014315 0.019216
3 0.582640 0.241278 0.014315 0.019216
3 0.662703 0.239744 0.014315 0.019216
3 0.742754 0.220903 0.014315 0.019216
3 0.822817 0.150153 0.014315 0.019216
3 0.902881 0.236422 0.014315 0.019216
3 0.982944 0.113475 0.014315 0.019216