5 0.108128 0.905733 0.015774 0.021175
5 0.217316 0.549957 0.015774 0.021175
5 0.326504 0.493126 0.015774 0.021175
5 0.435679 0.410673 0.015774 0.021175
5 0.544867 0.284693 0.015774 0.021175
5 0.654055 0.225664 0.015774 0.021175
5 0.763230 0.332394 0.015774 0.021175
5 0.872418 0.270843 0.015774 0.021175
5 0.981593 0.302053 0.015774 0.021175
1 0.108128 0.712223 0.015774 0.021175
1 0.282824 0.295102 0.015774 0.021175
1 0.457519 0.168833 0.015774 0.021175
1 0.632214 0.167675 0.015774 0.021175
1 0.806910 0.207249 0.015774 0.021175
1 0.981593 0.211082 0.015774 0.021175
4 0.108128 0.798339 0.015774 0.021175
4 0.205184 0.361167 0.015774 0.021175
4 0.302240 0.342036 0.015774 0.021175
4 0.399283 0.427726 0.015774 0.021175
4 0.496339 0.203927 0.015774 0.021175
4 0.593395 0.369072 0.015774 0.021175
4 0.690438 0.189770 0.015774 0.021175
4 0.787494 0.199259 0.015774 0.021175
4 0.884549 0.112615 0.015774 0.021175
4 0.981593 0.168015 0.015774 0.021175
3 0.108128 0.640298 0.015774 0.021175
3 0.282824 0.743467 0.015774 0.021175
3 0.457519 0.632888 0.015774 0.021175
3 0.632214 0.455920 0.015774 0.021175
3 0.806910 0.393978 0.015774 0.021175
3 0.981593 0.247351 0.015774 0.021175