4 0.134127 0.703658 0.023389 0.031385
4 0.226471 0.722325 0.023389 0.031385
4 0.318815 0.660957 0.023389 0.031385
4 0.411159 0.559385 0.023389 0.031385
4 0.503503 0.451385 0.023389 0.031385
4 0.595860 0.319111 0.023389 0.031385
4 0.688204 0.262274 0.023389 0.031385
4 0.780548 0.260291 0.023389 0.031385
4 0.872892 0.210530 0.023389 0.031385
4 0.965236 0.229607 0.023389 0.031385
6 0.134127 0.777521 0.023389 0.031385
6 0.252854 0.756684 0.023389 0.031385
6 0.371592 0.799641 0.023389 0.031385
6 0.490318 0.741863 0.023389 0.031385
6 0.609045 0.751248 0.023389 0.031385
6 0.727771 0.779333 0.023389 0.031385
6 0.846510 0.648821 0.023389 0.031385
6 0.965236 0.199094 0.023389 0.031385
0 0.134127 0.673026 0.023389 0.031385
0 0.203389 0.627419 0.023389 0.031385
0 0.272650 0.623299 0.023389 0.031385
0 0.341911 0.557368 0.023389 0.031385
0 0.411159 0.612872 0.023389 0.031385
0 0.480420 0.523453 0.023389 0.031385
0 0.549682 0.491761 0.023389 0.031385
0 0.618943 0.464581 0.023389 0.031385
0 0.688204 0.423094 0.023389 0.031385
0 0.757452 0.342376 0.023389 0.031385
0 0.826713 0.219385 0.023389 0.031385
0 0.895975 0.274855 0.023389 0.031385
0 0.965236 0.275282 0.023389 0.031385
3 0.134127 0.796120 0.023389 0.031385
3 0.272650 0.703162 0.023389 0.031385
3 0.411159 0.772974 0.023389 0.031385
3 0.549682 0.747983 0.023389 0.031385
3 0.688204 0.729128 0.023389 0.031385
3 0.826713 0.684205 0.023389 0.031385
3 0.965236 0.249915 0.023389 0.031385