4 0.087373 0.768771 0.011000 0.014729
4 0.187095 0.720042 0.011000 0.014729
4 0.286804 0.593263 0.011000 0.014729
4 0.386513 0.623195 0.011000 0.014729
4 0.486234 0.522890 0.011000 0.014729
4 0.585943 0.372331 0.011000 0.014729
4 0.685665 0.346941 0.011000 0.014729
4 0.785373 0.167263 0.011000 0.014729
4 0.885095 0.320398 0.011000 0.014729
4 0.984804 0.285093 0.011000 0.014729
1 0.087373 0.843127 0.011000 0.014729
1 0.187095 0.612941 0.011000 0.014729
1 0.286804 0.476263 0.011000 0.014729
1 0.386513 0.341195 0.011000 0.014729
1 0.486234 0.333703 0.011000 0.014729
1 0.585943 0.300229 0.011000 0.014729
1 0.685665 0.214280 0.011000 0.014729
1 0.785373 0.183686 0.011000 0.014729
1 0.885095 0.200432 0.011000 0.014729
1 0.984804 0.166992 0.011000 0.014729
6 0.087373 0.739839 0.011000 0.014729
6 0.187095 0.541839 0.011000 0.014729
6 0.286804 0.362585 0.011000 0.014729
6 0.386513 0.290619 0.011000 0.014729
6 0.486234 0.260178 0.011000 0.014729
6 0.585943 0.238975 0.011000 0.014729
6 0.685665 0.174093 0.011000 0.014729
6 0.785373 0.171246 0.011000 0.014729
6 0.885095 0.175703 0.011000 0.014729
6 0.984804 0.172483 0.011000 0.014729