1 0.099536 0.772836 0.012541 0.016814
1 0.162116 0.755511 0.012541 0.016814
1 0.224695 0.774574 0.012541 0.016814
1 0.287287 0.759378 0.012541 0.016814
1 0.349867 0.753739 0.012541 0.016814
1 0.412446 0.819634 0.012541 0.016814
1 0.475038 0.777129 0.012541 0.016814
1 0.537618 0.775017 0.012541 0.016814
1 0.600210 0.809327 0.012541 0.016814
1 0.662789 0.804421 0.012541 0.016814
1 0.725368 0.785698 0.012541 0.016814
1 0.787961 0.808850 0.012541 0.016814
1 0.850540 0.672257 0.012541 0.016814
1 0.913119 0.470843 0.012541 0.016814
1 0.975712 0.252683 0.012541 0.016814
7 0.099536 0.631525 0.012541 0.016814
7 0.154288 0.692666 0.012541 0.016814
7 0.209053 0.633637 0.012541 0.016814
7 0.263818 0.624284 0.012541 0.016814
7 0.318571 0.585767 0.012541 0.016814
7 0.373335 0.554353 0.012541 0.016814
7 0.428100 0.460673 0.012541 0.016814
7 0.482865 0.460026 0.012541 0.016814
7 0.537618 0.448083 0.012541 0.016814
7 0.592382 0.381167 0.012541 0.016814
7 0.647147 0.338475 0.012541 0.016814
7 0.701900 0.377930 0.012541 0.016814
7 0.756665 0.284097 0.012541 0.016814
7 0.811429 0.298049 0.012541 0.016814
7 0.866182 0.299940 0.012541 0.016814
7 0.920947 0.323654 0.012541 0.016814
7 0.975712 0.232871 0.012541 0.016814
0 0.099536 0.522325 0.012541 0.016814
0 0.157948 0.581422 0.012541 0.016814
0 0.216360 0.521440 0.012541 0.016814
0 0.274771 0.536090 0.012541 0.016814
0 0.333183 0.551746 0.012541 0.016814
0 0.391595 0.546090 0.012541 0.016814
0 0.450006 0.603211 0.012541 0.016814
0 0.508418 0.551116 0.012541 0.016814
0 0.566830 0.607538 0.012541 0.016814
0 0.625241 0.588254 0.012541 0.016814
0 0.683653 0.561201 0.012541 0.016814
0 0.742065 0.560537 0.012541 0.016814
0 0.800476 0.524983 0.012541 0.016814
0 0.858888 0.490724 0.012541 0.016814
0 0.917300 0.420230 0.012541 0.016814
0 0.975712 0.204727 0.012541 0.016814
2 0.099536 0.567164 0.012541 0.016814
2 0.166931 0.630247 0.012541 0.016814
2 0.234327 0.591082 0.012541 0.016814
2 0.301722 0.633194 0.012541 0.016814
2 0.369130 0.622462 0.012541 0.016814
2 0.436525 0.655937 0.012541 0.016814
2 0.503920 0.607044 0.012541 0.016814
2 0.571315 0.522649 0.012541 0.016814
2 0.638723 0.618884 0.012541 0.016814
2 0.706118 0.626908 0.012541 0.016814
2 0.773513 0.643228 0.012541 0.016814
2 0.840909 0.590928 0.012541 0.016814
2 0.908304 0.605647 0.012541 0.016814
2 0.975712 0.577198 0.012541 0.016814