1 0.130306 0.798325 0.016764 0.022496
1 0.206204 0.816872 0.016764 0.022496
1 0.282115 0.761795 0.016764 0.022496
1 0.358013 0.763573 0.016764 0.022496
1 0.433911 0.847966 0.016764 0.022496
1 0.509822 0.802821 0.016764 0.022496
1 0.585720 0.797265 0.016764 0.022496
1 0.661618 0.811453 0.016764 0.022496
1 0.737529 0.797282 0.016764 0.022496
1 0.813427 0.701812 0.016764 0.022496
1 0.889325 0.641709 0.016764 0.022496
1 0.965236 0.309521 0.016764 0.022496
7 0.130306 0.740410 0.016764 0.022496
7 0.194535 0.772034 0.016764 0.022496
7 0.258752 0.762923 0.016764 0.022496
7 0.322981 0.721145 0.016764 0.022496
7 0.387210 0.790786 0.016764 0.022496
7 0.451427 0.758906 0.016764 0.022496
7 0.515656 0.835607 0.016764 0.022496
7 0.579885 0.772581 0.016764 0.022496
7 0.644102 0.784855 0.016764 0.022496
7 0.708331 0.770889 0.016764 0.022496
7 0.772561 0.769487 0.016764 0.022496
7 0.836777 0.772068 0.016764 0.022496
7 0.901006 0.448068 0.016764 0.022496
7 0.965236 0.285487 0.016764 0.022496
3 0.130306 0.817299 0.016764 0.022496
3 0.206204 0.761778 0.016764 0.022496
3 0.282115 0.697504 0.016764 0.022496
3 0.358013 0.754017 0.016764 0.022496
3 0.433911 0.758906 0.016764 0.022496
3 0.509822 0.759094 0.016764 0.022496
3 0.585720 0.803812 0.016764 0.022496
3 0.661618 0.759675 0.016764 0.022496
3 0.737529 0.706239 0.016764 0.022496
3 0.813427 0.575624 0.016764 0.022496
3 0.889325 0.385197 0.016764 0.022496
3 0.965236 0.187761 0.016764 0.022496