5 0.140860 0.669547 0.019478 0.026137
5 0.277752 0.703444 0.019478 0.026137
5 0.414643 0.594487 0.019478 0.026137
5 0.551548 0.700726 0.019478 0.026137
5 0.688439 0.714744 0.019478 0.026137
5 0.825331 0.700145 0.019478 0.026137
5 0.962236 0.505376 0.019478 0.026137
0 0.140860 0.620692 0.019478 0.026137
0 0.215522 0.657974 0.019478 0.026137
0 0.290197 0.550009 0.019478 0.026137
0 0.364873 0.464880 0.019478 0.026137
0 0.439535 0.415034 0.019478 0.026137
0 0.514210 0.271034 0.019478 0.026137
0 0.588885 0.225120 0.019478 0.026137
0 0.663548 0.162966 0.019478 0.026137
0 0.738223 0.153667 0.019478 0.026137
0 0.812885 0.170470 0.019478 0.026137
0 0.887561 0.148607 0.019478 0.026137
0 0.962236 0.141325 0.019478 0.026137
1 0.140860 0.667205 0.019478 0.026137
1 0.258197 0.651017 0.019478 0.026137
1 0.375535 0.704880 0.019478 0.026137
1 0.492873 0.586932 0.019478 0.026137
1 0.610210 0.614009 0.019478 0.026137
1 0.727548 0.703564 0.019478 0.026137
1 0.844898 0.601325 0.019478 0.026137
1 0.962236 0.806641 0.019478 0.026137
3 0.140860 0.568231 0.019478 0.026137
3 0.258197 0.581650 0.019478 0.026137
3 0.375535 0.618658 0.019478 0.026137
3 0.492873 0.602538 0.019478 0.026137
3 0.610210 0.540573 0.019478 0.026137
3 0.727548 0.580744 0.019478 0.026137
3 0.844898 0.657410 0.019478 0.026137
3 0.962236 0.164231 0.019478 0.026137
2 0.140860 0.581188 0.019478 0.026137
2 0.223000 0.508009 0.019478 0.026137
2 0.305127 0.548504 0.019478 0.026137
2 0.387268 0.512197 0.019478 0.026137
2 0.469408 0.506573 0.019478 0.026137
2 0.551548 0.540197 0.019478 0.026137
2 0.633688 0.485821 0.019478 0.026137
2 0.715815 0.523872 0.019478 0.026137
2 0.797955 0.583632 0.019478 0.026137
2 0.880096 0.499821 0.019478 0.026137
2 0.962236 0.393256 0.019478 0.026137