1 0.101948 0.690009 0.014454 0.019404
1 0.175362 0.670911 0.014454 0.019404
1 0.248775 0.635596 0.014454 0.019404
1 0.322189 0.656516 0.014454 0.019404
1 0.395615 0.542002 0.014454 0.019404
1 0.469029 0.519089 0.014454 0.019404
1 0.542443 0.483569 0.014454 0.019404
1 0.615857 0.483467 0.014454 0.019404
1 0.689283 0.424591 0.014454 0.019404
1 0.762697 0.411065 0.014454 0.019404
1 0.836110 0.458782 0.014454 0.019404
1 0.909524 0.389361 0.014454 0.019404
1 0.982951 0.367845 0.014454 0.019404
5 0.101948 0.718935 0.014454 0.019404
5 0.199829 0.739361 0.014454 0.019404
5 0.297722 0.794148 0.014454 0.019404
5 0.395615 0.697249 0.014454 0.019404
5 0.493496 0.611780 0.014454 0.019404
5 0.591390 0.496499 0.014454 0.019404
5 0.689283 0.405852 0.014454 0.019404
5 0.787164 0.300060 0.014454 0.019404
5 0.885057 0.250383 0.014454 0.019404
5 0.982951 0.248305 0.014454 0.019404
3 0.101948 0.681746 0.014454 0.019404
3 0.199829 0.678799 0.014454 0.019404
3 0.297722 0.632138 0.014454 0.019404
3 0.395615 0.563382 0.014454 0.019404
3 0.493496 0.443365 0.014454 0.019404
3 0.591390 0.417283 0.014454 0.019404
3 0.689283 0.229736 0.014454 0.019404
3 0.787164 0.210111 0.014454 0.019404
3 0.885057 0.233177 0.014454 0.019404
3 0.982951 0.149208 0.014454 0.019404
6 0.101948 0.785273 0.014454 0.019404
6 0.190044 0.777930 0.014454 0.019404
6 0.278141 0.807470 0.014454 0.019404
6 0.366250 0.807828 0.014454 0.019404
6 0.454346 0.805153 0.014454 0.019404
6 0.542443 0.846670 0.014454 0.019404
6 0.630539 0.854370 0.014454 0.019404
6 0.718648 0.889889 0.014454 0.019404
6 0.806745 0.905375 0.014454 0.019404
6 0.894841 0.907436 0.014454 0.019404
6 0.982951 0.901422 0.014454 0.019404
7 0.101948 0.824284 0.014454 0.019404
7 0.175362 0.562632 0.014454 0.019404
7 0.248775 0.392717 0.014454 0.019404
7 0.322189 0.356124 0.014454 0.019404
7 0.395615 0.247896 0.014454 0.019404
7 0.469029 0.235630 0.014454 0.019404
7 0.542443 0.243484 0.014454 0.019404
7 0.615857 0.157436 0.014454 0.019404
7 0.689283 0.221252 0.014454 0.019404
7 0.762697 0.217521 0.014454 0.019404
7 0.836110 0.196295 0.014454 0.019404
7 0.909524 0.225017 0.014454 0.019404
7 0.982951 0.184847 0.014454 0.019404