0 0.144955 0.733197 0.015720 0.021094
0 0.212803 0.691880 0.015720 0.021094
0 0.280650 0.641812 0.015720 0.021094
0 0.348497 0.655026 0.015720 0.021094
0 0.416357 0.724410 0.015720 0.021094
0 0.484204 0.696564 0.015720 0.021094
0 0.552051 0.679436 0.015720 0.021094
0 0.619898 0.734974 0.015720 0.021094
0 0.687745 0.688650 0.015720 0.021094
0 0.755592 0.634547 0.015720 0.021094
0 0.823452 0.734701 0.015720 0.021094
0 0.891299 0.794154 0.015720 0.021094
0 0.959146 0.803470 0.015720 0.021094
5 0.144955 0.658821 0.015720 0.021094
5 0.246726 0.690872 0.015720 0.021094
5 0.348497 0.667197 0.015720 0.021094
5 0.450280 0.653043 0.015720 0.021094
5 0.552051 0.682103 0.015720 0.021094
5 0.653822 0.697385 0.015720 0.021094
5 0.755592 0.667299 0.015720 0.021094
5 0.857376 0.710735 0.015720 0.021094
5 0.959146 0.783778 0.015720 0.021094
3 0.144955 0.590000 0.015720 0.021094
3 0.212803 0.571966 0.015720 0.021094
3 0.280650 0.572034 0.015720 0.021094
3 0.348497 0.456906 0.015720 0.021094
3 0.416357 0.335282 0.015720 0.021094
3 0.484204 0.259299 0.015720 0.021094
3 0.552051 0.211983 0.015720 0.021094
3 0.619898 0.183316 0.015720 0.021094
3 0.687745 0.114650 0.015720 0.021094
3 0.755592 0.154359 0.015720 0.021094
3 0.823452 0.106120 0.015720 0.021094
3 0.891299 0.117624 0.015720 0.021094
3 0.959146 0.061282 0.015720 0.021094