0 0.087873 0.800220 0.011443 0.015322
0 0.199987 0.475390 0.011443 0.015322
0 0.312114 0.250271 0.011443 0.015322
0 0.424228 0.191898 0.011443 0.015322
0 0.536342 0.167339 0.011443 0.015322
0 0.648456 0.204915 0.011443 0.015322
0 0.760582 0.200322 0.011443 0.015322
0 0.872696 0.135881 0.011443 0.015322
0 0.984810 0.146661 0.011443 0.015322
6 0.087873 0.833424 0.011443 0.015322
6 0.156873 0.621237 0.011443 0.015322
6 0.225861 0.459017 0.011443 0.015322
6 0.294861 0.407237 0.011443 0.015322
6 0.363861 0.228576 0.011443 0.015322
6 0.432848 0.286661 0.011443 0.015322
6 0.501848 0.195898 0.011443 0.015322
6 0.570835 0.238169 0.011443 0.015322
6 0.639835 0.233119 0.011443 0.015322
6 0.708835 0.166932 0.011443 0.015322
6 0.777823 0.218407 0.011443 0.015322
6 0.846823 0.195000 0.011443 0.015322
6 0.915823 0.202237 0.011443 0.015322
6 0.984810 0.184271 0.011443 0.015322
7 0.087873 0.694729 0.011443 0.015322
7 0.216013 0.738678 0.011443 0.015322
7 0.344139 0.738847 0.011443 0.015322
7 0.472278 0.823305 0.011443 0.015322
7 0.600405 0.742271 0.011443 0.015322
7 0.728544 0.746390 0.011443 0.015322
7 0.856684 0.854051 0.011443 0.015322
7 0.984810 0.785525 0.011443 0.015322