5 0.147631 0.666410 0.016178 0.021709
5 0.215248 0.744342 0.016178 0.021709
5 0.282879 0.594479 0.016178 0.021709
5 0.350510 0.674137 0.016178 0.021709
5 0.418127 0.386496 0.016178 0.021709
5 0.485758 0.380718 0.016178 0.021709
5 0.553389 0.255009 0.016178 0.021709
5 0.621019 0.220291 0.016178 0.021709
5 0.688637 0.294479 0.016178 0.021709
5 0.756268 0.265778 0.016178 0.021709
5 0.823898 0.170735 0.016178 0.021709
5 0.891516 0.172598 0.016178 0.021709
5 0.959146 0.052137 0.016178 0.021709
3 0.147631 0.723162 0.016178 0.021709
3 0.215248 0.779368 0.016178 0.021709
3 0.282879 0.753419 0.016178 0.021709
3 0.350510 0.718769 0.016178 0.021709
3 0.418127 0.756547 0.016178 0.021709
3 0.485758 0.863897 0.016178 0.021709
3 0.553389 0.698325 0.016178 0.021709
3 0.621019 0.827795 0.016178 0.021709
3 0.688637 0.650103 0.016178 0.021709
3 0.756268 0.735795 0.016178 0.021709
3 0.823898 0.510855 0.016178 0.021709
3 0.891516 0.277641 0.016178 0.021709
3 0.959146 0.218735 0.016178 0.021709
2 0.147631 0.664256 0.016178 0.021709
2 0.249070 0.657983 0.016178 0.021709
2 0.350510 0.523231 0.016178 0.021709
2 0.451949 0.606410 0.016178 0.021709
2 0.553389 0.494342 0.016178 0.021709
2 0.654828 0.662188 0.016178 0.021709
2 0.756268 0.513419 0.016178 0.021709
2 0.857707 0.678615 0.016178 0.021709
2 0.959146 0.702393 0.016178 0.021709
6 0.147631 0.728256 0.016178 0.021709
6 0.237796 0.781795 0.016178 0.021709
6 0.327962 0.543231 0.016178 0.021709
6 0.418127 0.622974 0.016178 0.021709
6 0.508306 0.681419 0.016178 0.021709
6 0.598471 0.575197 0.016178 0.021709
6 0.688637 0.570889 0.016178 0.021709
6 0.778803 0.353077 0.016178 0.021709
6 0.868981 0.447128 0.016178 0.021709
6 0.959146 0.275333 0.016178 0.021709
7 0.147631 0.505590 0.016178 0.021709
7 0.228777 0.528479 0.016178 0.021709
7 0.309924 0.461658 0.016178 0.021709
7 0.391083 0.571179 0.016178 0.021709
7 0.472229 0.544855 0.016178 0.021709
7 0.553389 0.551470 0.016178 0.021709
7 0.634535 0.465846 0.016178 0.021709
7 0.715694 0.637983 0.016178 0.021709
7 0.796841 0.461248 0.016178 0.021709
7 0.878000 0.406496 0.016178 0.021709
7 0.959146 0.524103 0.016178 0.021709
4 0.147631 0.863897 0.016178 0.021709
4 0.237796 0.713897 0.016178 0.021709
4 0.327962 0.770769 0.016178 0.021709
4 0.418127 0.757282 0.016178 0.021709
4 0.508306 0.794120 0.016178 0.021709
4 0.598471 0.785897 0.016178 0.021709
4 0.688637 0.829060 0.016178 0.021709
4 0.778803 0.852513 0.016178 0.021709
4 0.868981 0.831402 0.016178 0.021709
4 0.959146 0.863897 0.016178 0.021709