1 0.132860 0.617017 0.013261 0.017795
1 0.217268 0.550282 0.013261 0.017795
1 0.301688 0.476453 0.013261 0.017795
1 0.386096 0.460658 0.013261 0.017795
1 0.470516 0.389393 0.013261 0.017795
1 0.554924 0.335137 0.013261 0.017795
1 0.639344 0.278778 0.013261 0.017795
1 0.723752 0.218897 0.013261 0.017795
1 0.808172 0.157974 0.013261 0.017795
1 0.892580 0.131171 0.013261 0.017795
1 0.976987 0.075547 0.013261 0.017795
6 0.132860 0.765034 0.013261 0.017795
6 0.203204 0.640556 0.013261 0.017795
6 0.273548 0.579991 0.013261 0.017795
6 0.343892 0.489496 0.013261 0.017795
6 0.414236 0.418726 0.013261 0.017795
6 0.484580 0.412692 0.013261 0.017795
6 0.554924 0.332863 0.013261 0.017795
6 0.625268 0.296009 0.013261 0.017795
6 0.695611 0.270795 0.013261 0.017795
6 0.765955 0.258470 0.013261 0.017795
6 0.836299 0.244880 0.013261 0.017795
6 0.906643 0.232846 0.013261 0.017795
6 0.976987 0.207000 0.013261 0.017795