2 0.093703 0.729958 0.013304 0.017814
2 0.203563 0.737551 0.013304 0.017814
2 0.313424 0.711364 0.013304 0.017814
2 0.423285 0.648212 0.013304 0.017814
2 0.533146 0.525008 0.013304 0.017814
2 0.643006 0.395144 0.013304 0.017814
2 0.752867 0.302839 0.013304 0.017814
2 0.862728 0.229432 0.013304 0.017814
2 0.972589 0.183008 0.013304 0.017814
4 0.093703 0.768924 0.013304 0.017814
4 0.156487 0.785534 0.013304 0.017814
4 0.219259 0.792314 0.013304 0.017814
4 0.282044 0.825585 0.013304 0.017814
4 0.344816 0.790059 0.013304 0.017814
4 0.407589 0.782025 0.013304 0.017814
4 0.470373 0.772958 0.013304 0.017814
4 0.533146 0.794161 0.013304 0.017814
4 0.595930 0.792280 0.013304 0.017814
4 0.658703 0.785483 0.013304 0.017814
4 0.721475 0.753941 0.013304 0.017814
4 0.784259 0.697008 0.013304 0.017814
4 0.847032 0.526229 0.013304 0.017814
4 0.909816 0.243822 0.013304 0.017814
4 0.972589 0.160297 0.013304 0.017814
7 0.093703 0.643483 0.013304 0.017814
7 0.191361 0.607347 0.013304 0.017814
7 0.289019 0.629788 0.013304 0.017814
7 0.386665 0.611924 0.013304 0.017814
7 0.484323 0.616093 0.013304 0.017814
7 0.581981 0.620924 0.013304 0.017814
7 0.679627 0.624331 0.013304 0.017814
7 0.777285 0.608890 0.013304 0.017814
7 0.874930 0.587890 0.013304 0.017814
7 0.972589 0.304686 0.013304 0.017814
3 0.093703 0.775551 0.013304 0.017814
3 0.269487 0.784619 0.013304 0.017814
3 0.445259 0.763686 0.013304 0.017814
3 0.621032 0.790585 0.013304 0.017814
3 0.796816 0.769873 0.013304 0.017814
3 0.972589 0.588839 0.013304 0.017814
0 0.093703 0.814398 0.013304 0.017814
0 0.181589 0.821110 0.013304 0.017814
0 0.269487 0.820144 0.013304 0.017814
0 0.357373 0.811754 0.013304 0.017814
0 0.445259 0.806975 0.013304 0.017814
0 0.533146 0.811263 0.013304 0.017814
0 0.621032 0.816924 0.013304 0.017814
0 0.708930 0.825924 0.013304 0.017814
0 0.796816 0.837822 0.013304 0.017814
0 0.884703 0.856314 0.013304 0.017814
0 0.972589 0.912076 0.013304 0.017814