6 0.133809 0.595265 0.019006 0.025504
6 0.209121 0.575214 0.019006 0.025504
6 0.284433 0.523436 0.019006 0.025504
6 0.359745 0.474308 0.019006 0.025504
6 0.435057 0.382513 0.019006 0.025504
6 0.510369 0.337214 0.019006 0.025504
6 0.585682 0.303436 0.019006 0.025504
6 0.660994 0.254308 0.019006 0.025504
6 0.736306 0.255812 0.019006 0.025504
6 0.811605 0.212701 0.019006 0.025504
6 0.886917 0.225795 0.019006 0.025504
6 0.962229 0.216496 0.019006 0.025504
4 0.133809 0.563299 0.019006 0.025504
4 0.202854 0.559316 0.019006 0.025504
4 0.271885 0.559949 0.019006 0.025504
4 0.340917 0.570923 0.019006 0.025504
4 0.409949 0.550325 0.019006 0.025504
4 0.478994 0.543624 0.019006 0.025504
4 0.548025 0.550342 0.019006 0.025504
4 0.617057 0.548103 0.019006 0.025504
4 0.686089 0.539915 0.019006 0.025504
4 0.755134 0.532376 0.019006 0.025504
4 0.824166 0.549316 0.019006 0.025504
4 0.893197 0.443880 0.019006 0.025504
4 0.962229 0.171094 0.019006 0.025504
5 0.133809 0.626120 0.019006 0.025504
5 0.225860 0.631419 0.019006 0.025504
5 0.317911 0.619590 0.019006 0.025504
5 0.409949 0.612974 0.019006 0.025504
5 0.502000 0.618513 0.019006 0.025504
5 0.594051 0.635299 0.019006 0.025504
5 0.686089 0.621282 0.019006 0.025504
5 0.778140 0.627829 0.019006 0.025504
5 0.870191 0.583795 0.019006 0.025504
5 0.962229 0.363983 0.019006 0.025504
3 0.133809 0.759932 0.019006 0.025504
3 0.225860 0.763179 0.019006 0.025504
3 0.317911 0.765197 0.019006 0.025504
3 0.409949 0.772632 0.019006 0.025504
3 0.502000 0.749299 0.019006 0.025504
3 0.594051 0.745556 0.019006 0.025504
3 0.686089 0.732154 0.019006 0.025504
3 0.778140 0.700838 0.019006 0.025504
3 0.870191 0.424393 0.019006 0.025504
3 0.962229 0.162120 0.019006 0.025504
2 0.133809 0.777538 0.019006 0.025504
2 0.271885 0.775607 0.019006 0.025504
2 0.409949 0.700667 0.019006 0.025504
2 0.548025 0.589197 0.019006 0.025504
2 0.686089 0.427043 0.019006 0.025504
2 0.824166 0.284188 0.019006 0.025504
2 0.962229 0.228632 0.019006 0.025504
0 0.133809 0.611538 0.019006 0.025504
0 0.237363 0.601162 0.019006 0.025504
0 0.340917 0.622923 0.019006 0.025504
0 0.444471 0.608342 0.019006 0.025504
0 0.548025 0.594205 0.019006 0.025504
0 0.651580 0.592308 0.019006 0.025504
0 0.755134 0.622000 0.019006 0.025504
0 0.858675 0.581265 0.019006 0.025504
0 0.962229 0.473880 0.019006 0.025504