4 0.106995 0.748937 0.011881 0.015901
4 0.230743 0.685026 0.011881 0.015901
4 0.354492 0.668801 0.011881 0.015901
4 0.478240 0.761930 0.011881 0.015901
4 0.602001 0.697849 0.011881 0.015901
4 0.725750 0.681726 0.011881 0.015901
4 0.849498 0.709719 0.011881 0.015901
4 0.973247 0.262474 0.011881 0.015901
5 0.106995 0.689719 0.011881 0.015901
5 0.203247 0.568138 0.011881 0.015901
5 0.299498 0.681454 0.011881 0.015901
5 0.395750 0.616369 0.011881 0.015901
5 0.492001 0.635196 0.011881 0.015901
5 0.588240 0.622270 0.011881 0.015901
5 0.684492 0.668461 0.011881 0.015901
5 0.780743 0.768461 0.011881 0.015901
5 0.876995 0.695315 0.011881 0.015901
5 0.973247 0.812219 0.011881 0.015901
6 0.106995 0.679702 0.011881 0.015901
6 0.179180 0.661760 0.011881 0.015901
6 0.251366 0.676114 0.011881 0.015901
6 0.323564 0.649005 0.011881 0.015901
6 0.395750 0.434328 0.011881 0.015901
6 0.467935 0.420502 0.011881 0.015901
6 0.540121 0.425281 0.011881 0.015901
6 0.612306 0.365315 0.011881 0.015901
6 0.684492 0.214328 0.011881 0.015901
6 0.756677 0.238053 0.011881 0.015901
6 0.828875 0.206607 0.011881 0.015901
6 0.901061 0.205230 0.011881 0.015901
6 0.973247 0.193699 0.011881 0.015901
1 0.106995 0.806488 0.011881 0.015901
1 0.193628 0.753818 0.011881 0.015901
1 0.280248 0.761097 0.011881 0.015901
1 0.366868 0.747134 0.011881 0.015901
1 0.453501 0.770026 0.011881 0.015901
1 0.540121 0.746794 0.011881 0.015901
1 0.626741 0.745468 0.011881 0.015901
1 0.713374 0.785672 0.011881 0.015901
1 0.799994 0.704396 0.011881 0.015901
1 0.886614 0.385383 0.011881 0.015901
1 0.973247 0.161080 0.011881 0.015901