3 0.142408 0.748034 0.019490 0.026154
3 0.224076 0.625470 0.019490 0.026154
3 0.305758 0.870598 0.019490 0.026154
3 0.387427 0.870598 0.019490 0.026154
3 0.469096 0.743248 0.019490 0.026154
3 0.550777 0.849538 0.019490 0.026154
3 0.632446 0.714068 0.019490 0.026154
3 0.714127 0.604769 0.019490 0.026154
3 0.795796 0.729162 0.019490 0.026154
3 0.877465 0.518718 0.019490 0.026154
3 0.959146 0.127829 0.019490 0.026154
0 0.142408 0.797983 0.019490 0.026154
0 0.259083 0.677761 0.019490 0.026154
0 0.375758 0.645162 0.019490 0.026154
0 0.492433 0.545179 0.019490 0.026154
0 0.609108 0.367846 0.019490 0.026154
0 0.725796 0.319983 0.019490 0.026154
0 0.842471 0.297692 0.019490 0.026154
0 0.959146 0.122889 0.019490 0.026154
4 0.142408 0.757487 0.019490 0.026154
4 0.210471 0.821248 0.019490 0.026154
4 0.278535 0.766103 0.019490 0.026154
4 0.346586 0.784991 0.019490 0.026154
4 0.414650 0.616803 0.019490 0.026154
4 0.482713 0.778188 0.019490 0.026154
4 0.550777 0.683812 0.019490 0.026154
4 0.618841 0.781282 0.019490 0.026154
4 0.686892 0.743265 0.019490 0.026154
4 0.754955 0.618667 0.019490 0.026154
4 0.823019 0.638769 0.019490 0.026154
4 0.891083 0.339197 0.019490 0.026154
4 0.959146 0.073675 0.019490 0.026154
2 0.142408 0.727385 0.019490 0.026154
2 0.216650 0.700650 0.019490 0.026154
2 0.290904 0.619231 0.019490 0.026154
2 0.365159 0.567299 0.019490 0.026154
2 0.439401 0.430085 0.019490 0.026154
2 0.513656 0.262137 0.019490 0.026154
2 0.587898 0.255692 0.019490 0.026154
2 0.662153 0.172308 0.019490 0.026154
2 0.736395 0.331145 0.019490 0.026154
2 0.810650 0.310718 0.019490 0.026154
2 0.884892 0.136564 0.019490 0.026154
2 0.959146 0.141658 0.019490 0.026154