6 0.085949 0.676220 0.013367 0.017898
6 0.155177 0.821576 0.013367 0.017898
6 0.224405 0.765881 0.013367 0.017898
6 0.293633 0.776288 0.013367 0.017898
6 0.362861 0.733305 0.013367 0.017898
6 0.432089 0.726153 0.013367 0.017898
6 0.501316 0.799797 0.013367 0.017898
6 0.570544 0.733814 0.013367 0.017898
6 0.639772 0.754847 0.013367 0.017898
6 0.709000 0.836305 0.013367 0.017898
6 0.778228 0.728390 0.013367 0.017898
6 0.847456 0.818627 0.013367 0.017898
6 0.916684 0.823390 0.013367 0.017898
6 0.985924 0.760831 0.013367 0.017898
3 0.085949 0.709746 0.013367 0.017898
3 0.145949 0.643559 0.013367 0.017898
3 0.205949 0.631949 0.013367 0.017898
3 0.265949 0.619017 0.013367 0.017898
3 0.325949 0.632797 0.013367 0.017898
3 0.385937 0.604898 0.013367 0.017898
3 0.445937 0.473932 0.013367 0.017898
3 0.505937 0.475458 0.013367 0.017898
3 0.565937 0.436051 0.013367 0.017898
3 0.625937 0.401169 0.013367 0.017898
3 0.685924 0.368915 0.013367 0.017898
3 0.745924 0.295119 0.013367 0.017898
3 0.805924 0.418322 0.013367 0.017898
3 0.865924 0.300695 0.013367 0.017898
3 0.925924 0.293780 0.013367 0.017898
3 0.985924 0.228542 0.013367 0.017898
1 0.085949 0.716508 0.013367 0.017898
1 0.214519 0.748881 0.013367 0.017898
1 0.343089 0.731068 0.013367 0.017898
1 0.471658 0.508780 0.013367 0.017898
1 0.600215 0.398458 0.013367 0.017898
1 0.728785 0.350932 0.013367 0.017898
1 0.857354 0.297136 0.013367 0.017898
1 0.985924 0.297593 0.013367 0.017898
7 0.085949 0.663949 0.013367 0.017898
7 0.214519 0.735949 0.013367 0.017898
7 0.343089 0.658780 0.013367 0.017898
7 0.471658 0.652797 0.013367 0.017898
7 0.600215 0.699966 0.013367 0.017898
7 0.728785 0.595034 0.013367 0.017898
7 0.857354 0.569797 0.013367 0.017898
7 0.985924 0.543407 0.013367 0.017898