2 0.127764 0.748744 0.020650 0.027709
2 0.198529 0.635154 0.020650 0.027709
2 0.269306 0.502983 0.020650 0.027709
2 0.340070 0.450846 0.020650 0.027709
2 0.410834 0.392521 0.020650 0.027709
2 0.481611 0.343957 0.020650 0.027709
2 0.552376 0.311444 0.020650 0.027709
2 0.623153 0.277120 0.020650 0.027709
2 0.693917 0.273547 0.020650 0.027709
2 0.764682 0.259803 0.020650 0.027709
2 0.835459 0.231889 0.020650 0.027709
2 0.906223 0.224248 0.020650 0.027709
2 0.976987 0.213479 0.020650 0.027709
0 0.127764 0.639684 0.020650 0.027709
0 0.222121 0.661803 0.020650 0.027709
0 0.316478 0.665564 0.020650 0.027709
0 0.410834 0.648932 0.020650 0.027709
0 0.505204 0.667940 0.020650 0.027709
0 0.599561 0.678128 0.020650 0.027709
0 0.693917 0.706556 0.020650 0.027709
0 0.788274 0.698607 0.020650 0.027709
0 0.882631 0.681359 0.020650 0.027709
0 0.976987 0.667393 0.020650 0.027709
7 0.127764 0.777017 0.020650 0.027709
7 0.198529 0.784675 0.020650 0.027709
7 0.269306 0.816675 0.020650 0.027709
7 0.340070 0.793838 0.020650 0.027709
7 0.410834 0.830402 0.020650 0.027709
7 0.481611 0.818436 0.020650 0.027709
7 0.552376 0.822128 0.020650 0.027709
7 0.623153 0.817308 0.020650 0.027709
7 0.693917 0.850863 0.020650 0.027709
7 0.764682 0.841205 0.020650 0.027709
7 0.835459 0.855171 0.020650 0.027709
7 0.906223 0.838658 0.020650 0.027709
7 0.976987 0.886470 0.020650 0.027709