3 0.130306 0.694017 0.015771 0.021162
3 0.214981 0.883043 0.015771 0.021162
3 0.299643 0.715983 0.015771 0.021162
3 0.384306 0.777949 0.015771 0.021162
3 0.468981 0.757675 0.015771 0.021162
3 0.553643 0.659573 0.015771 0.021162
3 0.638318 0.551897 0.015771 0.021162
3 0.722981 0.442650 0.015771 0.021162
3 0.807656 0.512444 0.015771 0.021162
3 0.892318 0.324291 0.015771 0.021162
3 0.976994 0.347077 0.015771 0.021162
0 0.130306 0.797333 0.015771 0.021162
0 0.186752 0.738632 0.015771 0.021162
0 0.243197 0.614957 0.015771 0.021162
0 0.299643 0.608103 0.015771 0.021162
0 0.356089 0.717675 0.015771 0.021162
0 0.412535 0.593863 0.015771 0.021162
0 0.468981 0.739692 0.015771 0.021162
0 0.525427 0.859573 0.015771 0.021162
0 0.581873 0.883043 0.015771 0.021162
0 0.638318 0.878991 0.015771 0.021162
0 0.694764 0.816684 0.015771 0.021162
0 0.751210 0.883043 0.015771 0.021162
0 0.807656 0.883043 0.015771 0.021162
0 0.864102 0.883043 0.015771 0.021162
0 0.920548 0.883043 0.015771 0.021162
0 0.976994 0.883043 0.015771 0.021162
1 0.130306 0.777368 0.015771 0.021162
1 0.236140 0.592256 0.015771 0.021162
1 0.341975 0.296923 0.015771 0.021162
1 0.447809 0.384906 0.015771 0.021162
1 0.553643 0.267128 0.015771 0.021162
1 0.659478 0.139162 0.015771 0.021162
1 0.765325 0.104222 0.015771 0.021162
1 0.871159 0.050427 0.015771 0.021162
1 0.976994 0.280632 0.015771 0.021162
5 0.130306 0.826991 0.015771 0.021162
5 0.214981 0.481983 0.015771 0.021162
5 0.299643 0.410137 0.015771 0.021162
5 0.384306 0.341197 0.015771 0.021162
5 0.468981 0.278120 0.015771 0.021162
5 0.553643 0.390530 0.015771 0.021162
5 0.638318 0.203316 0.015771 0.021162
5 0.722981 0.206068 0.015771 0.021162
5 0.807656 0.148085 0.015771 0.021162
5 0.892318 0.217231 0.015771 0.021162
5 0.976994 0.226256 0.015771 0.021162
7 0.130306 0.792479 0.015771 0.021162
7 0.183223 0.583573 0.015771 0.021162
7 0.236140 0.679624 0.015771 0.021162
7 0.289057 0.508120 0.015771 0.021162
7 0.341975 0.528444 0.015771 0.021162
7 0.394892 0.397145 0.015771 0.021162
7 0.447809 0.351812 0.015771 0.021162
7 0.500726 0.398188 0.015771 0.021162
7 0.553643 0.407453 0.015771 0.021162
7 0.606561 0.287026 0.015771 0.021162
7 0.659478 0.359350 0.015771 0.021162
7 0.712395 0.337504 0.015771 0.021162
7 0.765325 0.282769 0.015771 0.021162
7 0.818242 0.181932 0.015771 0.021162
7 0.871159 0.259778 0.015771 0.021162
7 0.924076 0.225368 0.015771 0.021162
7 0.976994 0.330581 0.015771 0.021162
4 0.130306 0.744667 0.015771 0.021162
4 0.190790 0.802239 0.015771 0.021162
4 0.251261 0.875231 0.015771 0.021162
4 0.311732 0.541470 0.015771 0.021162
4 0.372217 0.606803 0.015771 0.021162
4 0.432688 0.642444 0.015771 0.021162
4 0.493172 0.514068 0.015771 0.021162
4 0.553643 0.393504 0.015771 0.021162
4 0.614127 0.507385 0.015771 0.021162
4 0.674599 0.263829 0.015771 0.021162
4 0.735083 0.291504 0.015771 0.021162
4 0.795554 0.238547 0.015771 0.021162
4 0.856038 0.306376 0.015771 0.021162
4 0.916510 0.193692 0.015771 0.021162
4 0.976994 0.293077 0.015771 0.021162