6 0.117849 0.653552 0.017069 0.022913
6 0.213534 0.644881 0.017069 0.022913
6 0.309207 0.605852 0.017069 0.022913
6 0.404892 0.635886 0.017069 0.022913
6 0.500577 0.499174 0.017069 0.022913
6 0.596250 0.397828 0.017069 0.022913
6 0.691935 0.549651 0.017069 0.022913
6 0.787621 0.127521 0.017069 0.022913
6 0.883293 0.331474 0.017069 0.022913
6 0.978978 0.177998 0.017069 0.022913
7 0.117849 0.573552 0.017069 0.022913
7 0.213534 0.515375 0.017069 0.022913
7 0.309207 0.490997 0.017069 0.022913
7 0.404892 0.561763 0.017069 0.022913
7 0.500577 0.445221 0.017069 0.022913
7 0.596250 0.461814 0.017069 0.022913
7 0.691935 0.468237 0.017069 0.022913
7 0.787621 0.308714 0.017069 0.022913
7 0.883293 0.145869 0.017069 0.022913
7 0.978978 0.113450 0.017069 0.022913
5 0.117849 0.710707 0.017069 0.022913
5 0.213534 0.674284 0.017069 0.022913
5 0.309207 0.691201 0.017069 0.022913
5 0.404892 0.738969 0.017069 0.022913
5 0.500577 0.652019 0.017069 0.022913
5 0.596250 0.604319 0.017069 0.022913
5 0.691935 0.412700 0.017069 0.022913
5 0.787621 0.441252 0.017069 0.022913
5 0.883293 0.289514 0.017069 0.022913
5 0.978978 0.248578 0.017069 0.022913