2 0.094138 0.728347 0.013371 0.017881
2 0.157117 0.771144 0.013371 0.017881
2 0.220082 0.738110 0.013371 0.017881
2 0.283061 0.664703 0.013371 0.017881
2 0.346027 0.675449 0.013371 0.017881
2 0.409005 0.610381 0.013371 0.017881
2 0.471984 0.639873 0.013371 0.017881
2 0.534949 0.586669 0.013371 0.017881
2 0.597928 0.450483 0.013371 0.017881
2 0.660906 0.415703 0.013371 0.017881
2 0.723872 0.379822 0.013371 0.017881
2 0.786850 0.314364 0.013371 0.017881
2 0.849816 0.249263 0.013371 0.017881
2 0.912795 0.266025 0.013371 0.017881
2 0.975773 0.217076 0.013371 0.017881
0 0.094138 0.762873 0.013371 0.017881
0 0.152909 0.762178 0.013371 0.017881
0 0.211692 0.723025 0.013371 0.017881
0 0.270463 0.789110 0.013371 0.017881
0 0.329246 0.780636 0.013371 0.017881
0 0.388016 0.745551 0.013371 0.017881
0 0.446787 0.710568 0.013371 0.017881
0 0.505570 0.812178 0.013371 0.017881
0 0.564341 0.788737 0.013371 0.017881
0 0.623112 0.785364 0.013371 0.017881
0 0.681895 0.825229 0.013371 0.017881
0 0.740665 0.803008 0.013371 0.017881
0 0.799436 0.808941 0.013371 0.017881
0 0.858219 0.663110 0.013371 0.017881
0 0.916990 0.513314 0.013371 0.017881
0 0.975773 0.188195 0.013371 0.017881
5 0.094138 0.809093 0.013371 0.017881
5 0.182300 0.836839 0.013371 0.017881
5 0.270463 0.729398 0.013371 0.017881
5 0.358625 0.756686 0.013371 0.017881
5 0.446787 0.773229 0.013371 0.017881
5 0.534949 0.780500 0.013371 0.017881
5 0.623112 0.807008 0.013371 0.017881
5 0.711274 0.743347 0.013371 0.017881
5 0.799436 0.712500 0.013371 0.017881
5 0.887611 0.387653 0.013371 0.017881
5 0.975773 0.142720 0.013371 0.017881
6 0.094138 0.860975 0.013371 0.017881
6 0.152909 0.800619 0.013371 0.017881
6 0.211692 0.767364 0.013371 0.017881
6 0.270463 0.789246 0.013371 0.017881
6 0.329246 0.745703 0.013371 0.017881
6 0.388016 0.747212 0.013371 0.017881
6 0.446787 0.769280 0.013371 0.017881
6 0.505570 0.831263 0.013371 0.017881
6 0.564341 0.797737 0.013371 0.017881
6 0.623112 0.794703 0.013371 0.017881
6 0.681895 0.879703 0.013371 0.017881
6 0.740665 0.791008 0.013371 0.017881
6 0.799436 0.723856 0.013371 0.017881
6 0.858219 0.655042 0.013371 0.017881
6 0.916990 0.420907 0.013371 0.017881
6 0.975773 0.205720 0.013371 0.017881
4 0.094138 0.711008 0.013371 0.017881
4 0.161958 0.659788 0.013371 0.017881
4 0.229778 0.693364 0.013371 0.017881
4 0.297586 0.658636 0.013371 0.017881
4 0.365406 0.599364 0.013371 0.017881
4 0.433226 0.453551 0.013371 0.017881
4 0.501046 0.416229 0.013371 0.017881
4 0.568866 0.323314 0.013371 0.017881
4 0.636686 0.374703 0.013371 0.017881
4 0.704493 0.170534 0.013371 0.017881
4 0.772313 0.189025 0.013371 0.017881
4 0.840133 0.209178 0.013371 0.017881
4 0.907953 0.141280 0.013371 0.017881
4 0.975773 0.182466 0.013371 0.017881