0 0.106995 0.793308 0.013532 0.018112
0 0.164746 0.769855 0.013532 0.018112
0 0.222497 0.790281 0.013532 0.018112
0 0.280248 0.796845 0.013532 0.018112
0 0.337999 0.779974 0.013532 0.018112
0 0.395750 0.774991 0.013532 0.018112
0 0.453501 0.792117 0.013532 0.018112
0 0.511252 0.794158 0.013532 0.018112
0 0.569003 0.787474 0.013532 0.018112
0 0.626753 0.765995 0.013532 0.018112
0 0.684504 0.767662 0.013532 0.018112
0 0.742243 0.777662 0.013532 0.018112
0 0.799994 0.754294 0.013532 0.018112
0 0.857745 0.658699 0.013532 0.018112
0 0.915496 0.462815 0.013532 0.018112
0 0.973247 0.216148 0.013532 0.018112
1 0.106995 0.773631 0.013532 0.018112
1 0.203247 0.810298 0.013532 0.018112
1 0.299498 0.798257 0.013532 0.018112
1 0.395750 0.793087 0.013532 0.018112
1 0.492001 0.788835 0.013532 0.018112
1 0.588253 0.797781 0.013532 0.018112
1 0.684504 0.779192 0.013532 0.018112
1 0.780743 0.766590 0.013532 0.018112
1 0.876995 0.766624 0.013532 0.018112
1 0.973247 0.495009 0.013532 0.018112
7 0.106995 0.768274 0.013532 0.018112
7 0.193628 0.778886 0.013532 0.018112
7 0.280248 0.783359 0.013532 0.018112
7 0.366881 0.778376 0.013532 0.018112
7 0.453501 0.759226 0.013532 0.018112
7 0.540121 0.766947 0.013532 0.018112
7 0.626753 0.769991 0.013532 0.018112
7 0.713374 0.764056 0.013532 0.018112
7 0.799994 0.725740 0.013532 0.018112
7 0.886626 0.429702 0.013532 0.018112
7 0.973247 0.171607 0.013532 0.018112
4 0.106995 0.712202 0.013532 0.018112
4 0.179193 0.713818 0.013532 0.018112
4 0.251379 0.721097 0.013532 0.018112
4 0.323564 0.707083 0.013532 0.018112
4 0.395750 0.709668 0.013532 0.018112
4 0.467935 0.725332 0.013532 0.018112
4 0.540121 0.724328 0.013532 0.018112
4 0.612306 0.728495 0.013532 0.018112
4 0.684504 0.731794 0.013532 0.018112
4 0.756690 0.708325 0.013532 0.018112
4 0.828875 0.720179 0.013532 0.018112
4 0.901061 0.759974 0.013532 0.018112
4 0.973247 0.899770 0.013532 0.018112