7 0.103348 0.846124 0.012922 0.017325
7 0.227973 0.627470 0.012922 0.017325
7 0.352586 0.611354 0.012922 0.017325
7 0.477211 0.288612 0.012922 0.017325
7 0.601836 0.395187 0.012922 0.017325
7 0.726461 0.280724 0.012922 0.017325
7 0.851086 0.182240 0.012922 0.017325
7 0.975712 0.273024 0.012922 0.017325
0 0.103348 0.673058 0.012922 0.017325
0 0.161506 0.717078 0.012922 0.017325
0 0.219663 0.572428 0.012922 0.017325
0 0.277821 0.602768 0.012922 0.017325
0 0.335978 0.486346 0.012922 0.017325
0 0.394136 0.461388 0.012922 0.017325
0 0.452294 0.420928 0.012922 0.017325
0 0.510451 0.261133 0.012922 0.017325
0 0.568609 0.186670 0.012922 0.017325
0 0.626766 0.269446 0.012922 0.017325
0 0.684924 0.225630 0.012922 0.017325
0 0.743081 0.098339 0.012922 0.017325
0 0.801239 0.243671 0.012922 0.017325
0 0.859396 0.039174 0.012922 0.017325
0 0.917554 0.274676 0.012922 0.017325
0 0.975712 0.108322 0.012922 0.017325
4 0.103348 0.584370 0.012922 0.017325
4 0.161506 0.472036 0.012922 0.017325
4 0.219663 0.564642 0.012922 0.017325
4 0.277821 0.570213 0.012922 0.017325
4 0.335978 0.625119 0.012922 0.017325
4 0.394136 0.617385 0.012922 0.017325
4 0.452294 0.716448 0.012922 0.017325
4 0.510451 0.634796 0.012922 0.017325
4 0.568609 0.564216 0.012922 0.017325
4 0.626766 0.661048 0.012922 0.017325
4 0.684924 0.612683 0.012922 0.017325
4 0.743081 0.626601 0.012922 0.017325
4 0.801239 0.535971 0.012922 0.017325
4 0.859396 0.829566 0.012922 0.017325
4 0.917554 0.493944 0.012922 0.017325
4 0.975712 0.345136 0.012922 0.017325
3 0.103348 0.690980 0.012922 0.017325
3 0.176042 0.681184 0.012922 0.017325
3 0.248736 0.611150 0.012922 0.017325
3 0.321429 0.625256 0.012922 0.017325
3 0.394136 0.559225 0.012922 0.017325
3 0.466830 0.648101 0.012922 0.017325
3 0.539524 0.808186 0.012922 0.017325
3 0.612217 0.673756 0.012922 0.017325
3 0.684924 0.618629 0.012922 0.017325
3 0.757618 0.553365 0.012922 0.017325
3 0.830311 0.736670 0.012922 0.017325
3 0.903005 0.715187 0.012922 0.017325
3 0.975712 0.887641 0.012922 0.017325
6 0.103348 0.643194 0.012922 0.017325
6 0.212395 0.623961 0.012922 0.017325
6 0.321429 0.591388 0.012922 0.017325
6 0.430476 0.605886 0.012922 0.017325
6 0.539524 0.615767 0.012922 0.017325
6 0.648571 0.715341 0.012922 0.017325
6 0.757618 0.817964 0.012922 0.017325
6 0.866665 0.708612 0.012922 0.017325
6 0.975712 0.224370 0.012922 0.017325