5 0.099530 0.755332 0.014155 0.018978
5 0.187154 0.696831 0.014155 0.018978
5 0.274765 0.762027 0.014155 0.018978
5 0.362389 0.778790 0.014155 0.018978
5 0.450000 0.852027 0.014155 0.018978
5 0.537624 0.622010 0.014155 0.018978
5 0.625235 0.561482 0.014155 0.018978
5 0.712859 0.350119 0.014155 0.018978
5 0.800470 0.322351 0.014155 0.018978
5 0.888094 0.380647 0.014155 0.018978
5 0.975705 0.226235 0.014155 0.018978
1 0.099530 0.742692 0.014155 0.018978
1 0.151067 0.801329 0.014155 0.018978
1 0.202605 0.810869 0.014155 0.018978
1 0.254155 0.786831 0.014155 0.018978
1 0.305693 0.724106 0.014155 0.018978
1 0.357230 0.685060 0.014155 0.018978
1 0.408767 0.684719 0.014155 0.018978
1 0.460305 0.543901 0.014155 0.018978
1 0.511855 0.606848 0.014155 0.018978
1 0.563393 0.528910 0.014155 0.018978
1 0.614930 0.432061 0.014155 0.018978
1 0.666468 0.476286 0.014155 0.018978
1 0.718005 0.393049 0.014155 0.018978
1 0.769543 0.376968 0.014155 0.018978
1 0.821093 0.289864 0.014155 0.018978
1 0.872630 0.363271 0.014155 0.018978
1 0.924168 0.254174 0.014155 0.018978
1 0.975705 0.333237 0.014155 0.018978
6 0.099530 0.807223 0.014155 0.018978
6 0.157942 0.904702 0.014155 0.018978
6 0.216353 0.819370 0.014155 0.018978
6 0.274765 0.801124 0.014155 0.018978
6 0.333177 0.769233 0.014155 0.018978
6 0.391588 0.814668 0.014155 0.018978
6 0.450000 0.730681 0.014155 0.018978
6 0.508412 0.904702 0.014155 0.018978
6 0.566823 0.771976 0.014155 0.018978
6 0.625235 0.700630 0.014155 0.018978
6 0.683647 0.645843 0.014155 0.018978
6 0.742058 0.689676 0.014155 0.018978
6 0.800470 0.776968 0.014155 0.018978
6 0.858882 0.549114 0.014155 0.018978
6 0.917294 0.245707 0.014155 0.018978
6 0.975705 0.259915 0.014155 0.018978
0 0.099530 0.635622 0.014155 0.018978
0 0.154295 0.726133 0.014155 0.018978
0 0.209047 0.644361 0.014155 0.018978
0 0.263812 0.656371 0.014155 0.018978
0 0.318577 0.768910 0.014155 0.018978
0 0.373342 0.638279 0.014155 0.018978
0 0.428094 0.583782 0.014155 0.018978
0 0.482859 0.621874 0.014155 0.018978
0 0.537624 0.518620 0.014155 0.018978
0 0.592376 0.403833 0.014155 0.018978
0 0.647141 0.467666 0.014155 0.018978
0 0.701906 0.202794 0.014155 0.018978
0 0.756658 0.305843 0.014155 0.018978
0 0.811423 0.156440 0.014155 0.018978
0 0.866188 0.186440 0.014155 0.018978
0 0.920940 0.308501 0.014155 0.018978
0 0.975705 0.265690 0.014155 0.018978
2 0.099530 0.885077 0.014155 0.018978
2 0.162109 0.790801 0.014155 0.018978
2 0.224701 0.751738 0.014155 0.018978
2 0.287281 0.780971 0.014155 0.018978
2 0.349873 0.830375 0.014155 0.018978
2 0.412452 0.731738 0.014155 0.018978
2 0.475032 0.718092 0.014155 0.018978
2 0.537624 0.685724 0.014155 0.018978
2 0.600203 0.573407 0.014155 0.018978
2 0.662783 0.403271 0.014155 0.018978
2 0.725375 0.394549 0.014155 0.018978
2 0.787954 0.345247 0.014155 0.018978
2 0.850534 0.321244 0.014155 0.018978
2 0.913126 0.268143 0.014155 0.018978
2 0.975705 0.145622 0.014155 0.018978
4 0.099530 0.636951 0.014155 0.018978
4 0.151067 0.717138 0.014155 0.018978
4 0.202605 0.635026 0.014155 0.018978
4 0.254155 0.704055 0.014155 0.018978
4 0.305693 0.661874 0.014155 0.018978
4 0.357230 0.428620 0.014155 0.018978
4 0.408767 0.599625 0.014155 0.018978
4 0.460305 0.516048 0.014155 0.018978
4 0.511855 0.644566 0.014155 0.018978
4 0.563393 0.424583 0.014155 0.018978
4 0.614930 0.335315 0.014155 0.018978
4 0.666468 0.379319 0.014155 0.018978
4 0.718005 0.267002 0.014155 0.018978
4 0.769543 0.393867 0.014155 0.018978
4 0.821093 0.344242 0.014155 0.018978
4 0.872630 0.264770 0.014155 0.018978
4 0.924168 0.280698 0.014155 0.018978
4 0.975705 0.172504 0.014155 0.018978