2 0.095291 0.792051 0.015620 0.020915
2 0.184127 0.646220 0.015620 0.020915
2 0.272962 0.528492 0.015620 0.020915
2 0.361797 0.417424 0.015620 0.020915
2 0.450620 0.377729 0.015620 0.020915
2 0.539456 0.310254 0.015620 0.020915
2 0.628291 0.224085 0.015620 0.020915
2 0.717127 0.202085 0.015620 0.020915
2 0.805962 0.229712 0.015620 0.020915
2 0.894797 0.146085 0.015620 0.020915
2 0.983620 0.237220 0.015620 0.020915
0 0.095291 0.805508 0.015620 0.020915
0 0.272962 0.699153 0.015620 0.020915
0 0.450620 0.540169 0.015620 0.020915
0 0.628291 0.331203 0.015620 0.020915
0 0.805962 0.259017 0.015620 0.020915
0 0.983620 0.276186 0.015620 0.020915
1 0.095291 0.619729 0.015620 0.020915
1 0.272962 0.564203 0.015620 0.020915
1 0.450620 0.447831 0.015620 0.020915
1 0.628291 0.284576 0.015620 0.020915
1 0.805962 0.248678 0.015620 0.020915
1 0.983620 0.176237 0.015620 0.020915