2 0.100673 0.712164 0.015685 0.021056
2 0.174201 0.697564 0.015685 0.021056
2 0.247728 0.723578 0.015685 0.021056
2 0.321244 0.714174 0.015685 0.021056
2 0.394772 0.681891 0.015685 0.021056
2 0.468287 0.644020 0.015685 0.021056
2 0.541815 0.621567 0.015685 0.021056
2 0.615343 0.548245 0.015685 0.021056
2 0.688858 0.497819 0.015685 0.021056
2 0.762386 0.415179 0.015685 0.021056
2 0.835901 0.364957 0.015685 0.021056
2 0.909429 0.309796 0.015685 0.021056
2 0.982944 0.279881 0.015685 0.021056
6 0.100673 0.764037 0.015685 0.021056
6 0.226713 0.766899 0.015685 0.021056
6 0.352754 0.775417 0.015685 0.021056
6 0.478794 0.755179 0.015685 0.021056
6 0.604835 0.764991 0.015685 0.021056
6 0.730876 0.754446 0.015685 0.021056
6 0.856916 0.774668 0.015685 0.021056
6 0.982944 0.766167 0.015685 0.021056
1 0.100673 0.799267 0.015685 0.021056
1 0.226713 0.504719 0.015685 0.021056
1 0.352754 0.354003 0.015685 0.021056
1 0.478794 0.280187 0.015685 0.021056
1 0.604835 0.230017 0.015685 0.021056
1 0.730876 0.205997 0.015685 0.021056
1 0.856916 0.204055 0.015685 0.021056
1 0.982944 0.196934 0.015685 0.021056
7 0.100673 0.730664 0.015685 0.021056
7 0.226713 0.674685 0.015685 0.021056
7 0.352754 0.580341 0.015685 0.021056
7 0.478794 0.427564 0.015685 0.021056
7 0.604835 0.297428 0.015685 0.021056
7 0.730876 0.206031 0.015685 0.021056
7 0.856916 0.162283 0.015685 0.021056
7 0.982944 0.148279 0.015685 0.021056
5 0.100673 0.758927 0.015685 0.021056
5 0.168541 0.751397 0.015685 0.021056
5 0.236409 0.705980 0.015685 0.021056
5 0.304277 0.641278 0.015685 0.021056
5 0.372145 0.575026 0.015685 0.021056
5 0.440013 0.488228 0.015685 0.021056
5 0.507881 0.440017 0.015685 0.021056
5 0.575749 0.358825 0.015685 0.021056
5 0.643617 0.334566 0.015685 0.021056
5 0.711485 0.272675 0.015685 0.021056
5 0.779353 0.264480 0.015685 0.021056
5 0.847221 0.223339 0.015685 0.021056
5 0.915076 0.221601 0.015685 0.021056
5 0.982944 0.224872 0.015685 0.021056
4 0.100673 0.787513 0.015685 0.021056
4 0.168541 0.647308 0.015685 0.021056
4 0.236409 0.532249 0.015685 0.021056
4 0.304277 0.441397 0.015685 0.021056
4 0.372145 0.356525 0.015685 0.021056
4 0.440013 0.327428 0.015685 0.021056
4 0.507881 0.294003 0.015685 0.021056
4 0.575749 0.279302 0.015685 0.021056
4 0.643617 0.280051 0.015685 0.021056
4 0.711485 0.234583 0.015685 0.021056
4 0.779353 0.207802 0.015685 0.021056
4 0.847221 0.195843 0.015685 0.021056
4 0.915076 0.224020 0.015685 0.021056
4 0.982944 0.192794 0.015685 0.021056