1 0.087373 0.715839 0.012316 0.016492
1 0.150892 0.686686 0.012316 0.016492
1 0.214399 0.735602 0.012316 0.016492
1 0.277918 0.908754 0.012316 0.016492
1 0.341424 0.697110 0.012316 0.016492
1 0.404943 0.645076 0.012316 0.016492
1 0.468449 0.842500 0.012316 0.016492
1 0.531968 0.776771 0.012316 0.016492
1 0.595475 0.844653 0.012316 0.016492
1 0.658994 0.913771 0.012316 0.016492
1 0.722500 0.719110 0.012316 0.016492
1 0.786019 0.654381 0.012316 0.016492
1 0.849538 0.651805 0.012316 0.016492
1 0.913044 0.441432 0.012316 0.016492
1 0.976563 0.272059 0.012316 0.016492
3 0.087373 0.764941 0.012316 0.016492
3 0.139677 0.713788 0.012316 0.016492
3 0.191981 0.576483 0.012316 0.016492
3 0.244285 0.831297 0.012316 0.016492
3 0.296589 0.701144 0.012316 0.016492
3 0.348905 0.643839 0.012316 0.016492
3 0.401209 0.833856 0.012316 0.016492
3 0.453513 0.774195 0.012316 0.016492
3 0.505816 0.711636 0.012316 0.016492
3 0.558120 0.793517 0.012316 0.016492
3 0.610424 0.764144 0.012316 0.016492
3 0.662728 0.829331 0.012316 0.016492
3 0.715032 0.790669 0.012316 0.016492
3 0.767335 0.868839 0.012316 0.016492
3 0.819639 0.810331 0.012316 0.016492
3 0.871943 0.783042 0.012316 0.016492
3 0.924247 0.722483 0.012316 0.016492
3 0.976563 0.913771 0.012316 0.016492
4 0.087373 0.842703 0.012316 0.016492
4 0.186171 0.831059 0.012316 0.016492
4 0.284968 0.839381 0.012316 0.016492
4 0.383766 0.779263 0.012316 0.016492
4 0.482563 0.675686 0.012316 0.016492
4 0.581361 0.770669 0.012316 0.016492
4 0.680158 0.731076 0.012316 0.016492
4 0.778956 0.640161 0.012316 0.016492
4 0.877766 0.529449 0.012316 0.016492
4 0.976563 0.133025 0.012316 0.016492
5 0.087373 0.569415 0.012316 0.016492
5 0.176297 0.708246 0.012316 0.016492
5 0.265209 0.744415 0.012316 0.016492
5 0.354133 0.734144 0.012316 0.016492
5 0.443044 0.663229 0.012316 0.016492
5 0.531968 0.642703 0.012316 0.016492
5 0.620880 0.337161 0.012316 0.016492
5 0.709804 0.442347 0.012316 0.016492
5 0.798715 0.281703 0.012316 0.016492
5 0.887639 0.236110 0.012316 0.016492
5 0.976563 0.326466 0.012316 0.016492
7 0.087373 0.612127 0.012316 0.016492
7 0.235576 0.644686 0.012316 0.016492
7 0.383766 0.487517 0.012316 0.016492
7 0.531968 0.401398 0.012316 0.016492
7 0.680158 0.426517 0.012316 0.016492
7 0.828361 0.301992 0.012316 0.016492
7 0.976563 0.179907 0.012316 0.016492
6 0.087373 0.788042 0.012316 0.016492
6 0.214399 0.864364 0.012316 0.016492
6 0.341424 0.825331 0.012316 0.016492
6 0.468449 0.797788 0.012316 0.016492
6 0.595475 0.808415 0.012316 0.016492
6 0.722500 0.698636 0.012316 0.016492
6 0.849538 0.604008 0.012316 0.016492
6 0.976563 0.252314 0.012316 0.016492