4 0.106872 0.623274 0.016662 0.022330
4 0.179765 0.715604 0.016662 0.022330
4 0.252659 0.733767 0.016662 0.022330
4 0.325552 0.736505 0.016662 0.022330
4 0.398445 0.794141 0.016662 0.022330
4 0.471339 0.875315 0.016662 0.022330
4 0.544232 0.853104 0.016662 0.022330
4 0.617126 0.844022 0.016662 0.022330
4 0.690019 0.905893 0.016662 0.022330
4 0.762912 0.901471 0.016662 0.022330
4 0.835806 0.905553 0.016662 0.022330
4 0.908712 0.905893 0.016662 0.022330
4 0.981605 0.905893 0.016662 0.022330
1 0.106872 0.768631 0.016662 0.022330
1 0.179765 0.680060 0.016662 0.022330
1 0.252659 0.767474 0.016662 0.022330
1 0.325552 0.800604 0.016662 0.022330
1 0.398445 0.780230 0.016662 0.022330
1 0.471339 0.739906 0.016662 0.022330
1 0.544232 0.723189 0.016662 0.022330
1 0.617126 0.729940 0.016662 0.022330
1 0.690019 0.841369 0.016662 0.022330
1 0.762912 0.805451 0.016662 0.022330
1 0.835806 0.875247 0.016662 0.022330
1 0.908712 0.853614 0.016662 0.022330
1 0.981605 0.871930 0.016662 0.022330
6 0.106872 0.817985 0.016662 0.022330
6 0.204055 0.465825 0.016662 0.022330
6 0.301250 0.311556 0.016662 0.022330
6 0.398445 0.232594 0.016662 0.022330
6 0.495641 0.123155 0.016662 0.022330
6 0.592824 0.201131 0.016662 0.022330
6 0.690019 0.211335 0.016662 0.022330
6 0.787214 0.153036 0.016662 0.022330
6 0.884410 0.161471 0.016662 0.022330
6 0.981605 0.144464 0.016662 0.022330
5 0.106872 0.749124 0.016662 0.022330
5 0.281808 0.433886 0.016662 0.022330
5 0.456758 0.313257 0.016662 0.022330
5 0.631707 0.157338 0.016662 0.022330
5 0.806656 0.163325 0.016662 0.022330
5 0.981605 0.151964 0.016662 0.022330