2 0.108983 0.837598 0.011817 0.015843
2 0.180813 0.901022 0.011817 0.015843
2 0.252643 0.757802 0.011817 0.015843
2 0.324460 0.759029 0.011817 0.015843
2 0.396290 0.901022 0.011817 0.015843
2 0.468119 0.764497 0.011817 0.015843
2 0.539949 0.811516 0.011817 0.015843
2 0.611766 0.882726 0.011817 0.015843
2 0.683596 0.862879 0.011817 0.015843
2 0.755426 0.703680 0.011817 0.015843
2 0.827255 0.683083 0.011817 0.015843
2 0.899085 0.445009 0.011817 0.015843
2 0.970902 0.181005 0.011817 0.015843
6 0.108983 0.857359 0.011817 0.015843
6 0.195172 0.795639 0.011817 0.015843
6 0.281372 0.708688 0.011817 0.015843
6 0.367560 0.560903 0.011817 0.015843
6 0.453748 0.548807 0.011817 0.015843
6 0.539949 0.456457 0.011817 0.015843
6 0.626137 0.235826 0.011817 0.015843
6 0.712325 0.267087 0.011817 0.015843
6 0.798526 0.177308 0.011817 0.015843
6 0.884714 0.285605 0.011817 0.015843
6 0.970902 0.341312 0.011817 0.015843
0 0.108983 0.581601 0.011817 0.015843
0 0.187344 0.793918 0.011817 0.015843
0 0.265693 0.758382 0.011817 0.015843
0 0.344053 0.684634 0.011817 0.015843
0 0.422414 0.842896 0.011817 0.015843
0 0.500762 0.741942 0.011817 0.015843
0 0.579123 0.763952 0.011817 0.015843
0 0.657484 0.725060 0.011817 0.015843
0 0.735832 0.738603 0.011817 0.015843
0 0.814193 0.711635 0.011817 0.015843
0 0.892554 0.425554 0.011817 0.015843
0 0.970902 0.118330 0.011817 0.015843
4 0.108983 0.652095 0.011817 0.015843
4 0.232109 0.726882 0.011817 0.015843
4 0.355248 0.616082 0.011817 0.015843
4 0.478374 0.607206 0.011817 0.015843
4 0.601512 0.418859 0.011817 0.015843
4 0.724638 0.334668 0.011817 0.015843
4 0.847776 0.275809 0.011817 0.015843
4 0.970902 0.071550 0.011817 0.015843