0 0.094968 0.904585 0.011405 0.015271
0 0.272475 0.810432 0.011405 0.015271
0 0.449994 0.806975 0.011405 0.015271
0 0.627500 0.874924 0.011405 0.015271
0 0.805006 0.918178 0.011405 0.015271
0 0.982513 0.918178 0.011405 0.015271
5 0.094968 0.874585 0.011405 0.015271
5 0.221766 0.284754 0.011405 0.015271
5 0.348551 0.306703 0.011405 0.015271
5 0.475348 0.247585 0.011405 0.015271
5 0.602146 0.163534 0.011405 0.015271
5 0.728930 0.213008 0.011405 0.015271
5 0.855728 0.266195 0.011405 0.015271
5 0.982513 0.335398 0.011405 0.015271
4 0.094968 0.747110 0.011405 0.015271
4 0.221766 0.531398 0.011405 0.015271
4 0.348551 0.352669 0.011405 0.015271
4 0.475348 0.275653 0.011405 0.015271
4 0.602146 0.233619 0.011405 0.015271
4 0.728930 0.069263 0.011405 0.015271
4 0.855728 0.177805 0.011405 0.015271
4 0.982513 0.121890 0.011405 0.015271
6 0.094968 0.588314 0.011405 0.015271
6 0.272475 0.775059 0.011405 0.015271
6 0.449994 0.622754 0.011405 0.015271
6 0.627500 0.224720 0.011405 0.015271
6 0.805006 0.219398 0.011405 0.015271
6 0.982513 0.089907 0.011405 0.015271
1 0.094968 0.790517 0.011405 0.015271
1 0.221766 0.762314 0.011405 0.015271
1 0.348551 0.607958 0.011405 0.015271
1 0.475348 0.588364 0.011405 0.015271
1 0.602146 0.454449 0.011405 0.015271
1 0.728930 0.370025 0.011405 0.015271
1 0.855728 0.227788 0.011405 0.015271
1 0.982513 0.271297 0.011405 0.015271
2 0.094968 0.793042 0.011405 0.015271
2 0.221766 0.392398 0.011405 0.015271
2 0.348551 0.034737 0.011405 0.015271
2 0.475348 0.127195 0.011405 0.015271
2 0.602146 0.036025 0.011405 0.015271
2 0.728930 0.116297 0.011405 0.015271
2 0.855728 0.178924 0.011405 0.015271
2 0.982513 0.142856 0.011405 0.015271