5 0.110666 0.732342 0.012957 0.017394
5 0.205844 0.803126 0.012957 0.017394
5 0.301022 0.846448 0.012957 0.017394
5 0.396199 0.760468 0.012957 0.017394
5 0.491377 0.792479 0.012957 0.017394
5 0.586555 0.798322 0.012957 0.017394
5 0.681732 0.757419 0.012957 0.017394
5 0.776910 0.813501 0.012957 0.017394
5 0.872088 0.523484 0.012957 0.017394
5 0.967265 0.202087 0.012957 0.017394
3 0.110666 0.728407 0.012957 0.017394
3 0.171859 0.760162 0.012957 0.017394
3 0.233039 0.782666 0.012957 0.017394
3 0.294232 0.743518 0.012957 0.017394
3 0.355412 0.778305 0.012957 0.017394
3 0.416593 0.781559 0.012957 0.017394
3 0.477786 0.776550 0.012957 0.017394
3 0.538966 0.801678 0.012957 0.017394
3 0.600159 0.755187 0.012957 0.017394
3 0.661339 0.775392 0.012957 0.017394
3 0.722532 0.737436 0.012957 0.017394
3 0.783712 0.754813 0.012957 0.017394
3 0.844892 0.613024 0.012957 0.017394
3 0.906085 0.362121 0.012957 0.017394
3 0.967265 0.171865 0.012957 0.017394
6 0.110666 0.809651 0.012957 0.017394
6 0.164207 0.863024 0.012957 0.017394
6 0.217747 0.853927 0.012957 0.017394
6 0.271275 0.857521 0.012957 0.017394
6 0.324816 0.716499 0.012957 0.017394
6 0.378357 0.792274 0.012957 0.017394
6 0.431897 0.792274 0.012957 0.017394
6 0.485438 0.796635 0.012957 0.017394
6 0.538966 0.841882 0.012957 0.017394
6 0.592506 0.815085 0.012957 0.017394
6 0.646047 0.797641 0.012957 0.017394
6 0.699588 0.815681 0.012957 0.017394
6 0.753115 0.819923 0.012957 0.017394
6 0.806656 0.864693 0.012957 0.017394
6 0.860197 0.841405 0.012957 0.017394
6 0.913737 0.762257 0.012957 0.017394
6 0.967265 0.688032 0.012957 0.017394
2 0.110666 0.812359 0.012957 0.017394
2 0.161060 0.735920 0.012957 0.017394
2 0.211440 0.682990 0.012957 0.017394
2 0.261834 0.602479 0.012957 0.017394
2 0.312227 0.618850 0.012957 0.017394
2 0.362608 0.527402 0.012957 0.017394
2 0.413001 0.546942 0.012957 0.017394
2 0.463382 0.502359 0.012957 0.017394
2 0.513775 0.477538 0.012957 0.017394
2 0.564169 0.400503 0.012957 0.017394
2 0.614549 0.439617 0.012957 0.017394
2 0.664943 0.394710 0.012957 0.017394
2 0.715324 0.421099 0.012957 0.017394
2 0.765717 0.322053 0.012957 0.017394
2 0.816110 0.363024 0.012957 0.017394
2 0.866491 0.326993 0.012957 0.017394
2 0.916885 0.362394 0.012957 0.017394
2 0.967265 0.306244 0.012957 0.017394