2 0.106995 0.536295 0.017014 0.022811
2 0.164746 0.606652 0.017014 0.022811
2 0.222497 0.644608 0.017014 0.022811
2 0.280248 0.493671 0.017014 0.022811
2 0.337999 0.546772 0.017014 0.022811
2 0.395750 0.533518 0.017014 0.022811
2 0.453501 0.417743 0.017014 0.022811
2 0.511252 0.314336 0.017014 0.022811
2 0.569003 0.296414 0.017014 0.022811
2 0.626741 0.262547 0.017014 0.022811
2 0.684492 0.303756 0.017014 0.022811
2 0.742243 0.084949 0.017014 0.022811
2 0.799994 0.288986 0.017014 0.022811
2 0.857745 0.201184 0.017014 0.022811
2 0.915496 0.244779 0.017014 0.022811
2 0.973247 0.188356 0.017014 0.022811
4 0.106995 0.554012 0.017014 0.022811
4 0.185750 0.658441 0.017014 0.022811
4 0.264504 0.549872 0.017014 0.022811
4 0.343247 0.510077 0.017014 0.022811
4 0.422001 0.495681 0.017014 0.022811
4 0.500743 0.340383 0.017014 0.022811
4 0.579498 0.450230 0.017014 0.022811
4 0.658253 0.340980 0.017014 0.022811
4 0.736995 0.406465 0.017014 0.022811
4 0.815750 0.301917 0.017014 0.022811
4 0.894492 0.258288 0.017014 0.022811
4 0.973247 0.376942 0.017014 0.022811
1 0.106995 0.768901 0.017014 0.022811
1 0.168875 0.770639 0.017014 0.022811
1 0.230743 0.589566 0.017014 0.022811
1 0.292624 0.732274 0.017014 0.022811
1 0.354492 0.699634 0.017014 0.022811
1 0.416372 0.694182 0.017014 0.022811
1 0.478253 0.856193 0.017014 0.022811
1 0.540121 0.788118 0.017014 0.022811
1 0.602001 0.755596 0.017014 0.022811
1 0.663869 0.798032 0.017014 0.022811
1 0.725750 0.817709 0.017014 0.022811
1 0.787618 0.688049 0.017014 0.022811
1 0.849498 0.566516 0.017014 0.022811
1 0.911366 0.212717 0.017014 0.022811
1 0.973247 0.261746 0.017014 0.022811