1 0.122669 0.686128 0.019045 0.025556
1 0.187701 0.587923 0.019045 0.025556
1 0.252745 0.572812 0.019045 0.025556
1 0.317790 0.626231 0.019045 0.025556
1 0.382822 0.634744 0.019045 0.025556
1 0.447866 0.548009 0.019045 0.025556
1 0.512898 0.595274 0.019045 0.025556
1 0.577943 0.619274 0.019045 0.025556
1 0.642975 0.577274 0.019045 0.025556
1 0.708019 0.525427 0.019045 0.025556
1 0.773051 0.541701 0.019045 0.025556
1 0.838096 0.568162 0.019045 0.025556
1 0.903140 0.654162 0.019045 0.025556
1 0.968172 0.793444 0.019045 0.025556
2 0.122669 0.802179 0.019045 0.025556
2 0.183064 0.680880 0.019045 0.025556
2 0.243459 0.709051 0.019045 0.025556
2 0.303841 0.633085 0.019045 0.025556
2 0.364236 0.751274 0.019045 0.025556
2 0.424631 0.747068 0.019045 0.025556
2 0.485025 0.760624 0.019045 0.025556
2 0.545420 0.764026 0.019045 0.025556
2 0.605815 0.749923 0.019045 0.025556
2 0.666210 0.713222 0.019045 0.025556
2 0.726605 0.740932 0.019045 0.025556
2 0.787000 0.778333 0.019045 0.025556
2 0.847382 0.716573 0.019045 0.025556
2 0.907777 0.520761 0.019045 0.025556
2 0.968172 0.174915 0.019045 0.025556
5 0.122669 0.691513 0.019045 0.025556
5 0.183064 0.774094 0.019045 0.025556
5 0.243459 0.785581 0.019045 0.025556
5 0.303841 0.727376 0.019045 0.025556
5 0.364236 0.708538 0.019045 0.025556
5 0.424631 0.763256 0.019045 0.025556
5 0.485025 0.819598 0.019045 0.025556
5 0.545420 0.766487 0.019045 0.025556
5 0.605815 0.789991 0.019045 0.025556
5 0.666210 0.749701 0.019045 0.025556
5 0.726605 0.704726 0.019045 0.025556
5 0.787000 0.719974 0.019045 0.025556
5 0.847382 0.586846 0.019045 0.025556
5 0.907777 0.282949 0.019045 0.025556
5 0.968172 0.199872 0.019045 0.025556
6 0.122669 0.670709 0.019045 0.025556
6 0.199535 0.701479 0.019045 0.025556
6 0.276401 0.642624 0.019045 0.025556
6 0.353255 0.659239 0.019045 0.025556
6 0.430121 0.651735 0.019045 0.025556
6 0.506987 0.666368 0.019045 0.025556
6 0.583854 0.636350 0.019045 0.025556
6 0.660720 0.647000 0.019045 0.025556
6 0.737586 0.712983 0.019045 0.025556
6 0.814439 0.593803 0.019045 0.025556
6 0.891306 0.686573 0.019045 0.025556
6 0.968172 0.194504 0.019045 0.025556