2 0.107008 0.770978 0.014981 0.020051
2 0.173640 0.793971 0.014981 0.020051
2 0.240273 0.777457 0.014981 0.020051
2 0.306906 0.816862 0.014981 0.020051
2 0.373539 0.738835 0.014981 0.020051
2 0.440172 0.765723 0.014981 0.020051
2 0.506804 0.821437 0.014981 0.020051
2 0.573437 0.836879 0.014981 0.020051
2 0.640083 0.744583 0.014981 0.020051
2 0.706715 0.840298 0.014981 0.020051
2 0.773348 0.739056 0.014981 0.020051
2 0.839981 0.568189 0.014981 0.020051
2 0.906614 0.243716 0.014981 0.020051
2 0.973247 0.104923 0.014981 0.020051
4 0.107008 0.658937 0.014981 0.020051
4 0.215280 0.632560 0.014981 0.020051
4 0.323564 0.718835 0.014981 0.020051
4 0.431849 0.661454 0.014981 0.020051
4 0.540121 0.604532 0.014981 0.020051
4 0.648405 0.605944 0.014981 0.020051
4 0.756690 0.634566 0.014981 0.020051
4 0.864962 0.621318 0.014981 0.020051
4 0.973247 0.518546 0.014981 0.020051
6 0.107008 0.812457 0.014981 0.020051
6 0.203247 0.812270 0.014981 0.020051
6 0.299498 0.669294 0.014981 0.020051
6 0.395750 0.668206 0.014981 0.020051
6 0.492001 0.668682 0.014981 0.020051
6 0.588253 0.498665 0.014981 0.020051
6 0.684504 0.407560 0.014981 0.020051
6 0.780743 0.373954 0.014981 0.020051
6 0.876995 0.292168 0.014981 0.020051
6 0.973247 0.225774 0.014981 0.020051
0 0.107008 0.715910 0.014981 0.020051
0 0.185750 0.612679 0.014981 0.020051
0 0.264504 0.705213 0.014981 0.020051
0 0.343247 0.713121 0.014981 0.020051
0 0.422001 0.623716 0.014981 0.020051
0 0.500756 0.511692 0.014981 0.020051
0 0.579498 0.464566 0.014981 0.020051
0 0.658253 0.484889 0.014981 0.020051
0 0.736995 0.345655 0.014981 0.020051
0 0.815750 0.338818 0.014981 0.020051
0 0.894504 0.219005 0.014981 0.020051
0 0.973247 0.295825 0.014981 0.020051
1 0.107008 0.823189 0.014981 0.020051
1 0.193628 0.840791 0.014981 0.020051
1 0.280248 0.769855 0.014981 0.020051
1 0.366881 0.792951 0.014981 0.020051
1 0.453501 0.736998 0.014981 0.020051
1 0.540121 0.837151 0.014981 0.020051
1 0.626753 0.794039 0.014981 0.020051
1 0.713374 0.757168 0.014981 0.020051
1 0.799994 0.707594 0.014981 0.020051
1 0.886626 0.592440 0.014981 0.020051
1 0.973247 0.264668 0.014981 0.020051