2 0.144962 0.796385 0.020369 0.027333
2 0.192847 0.791188 0.020369 0.027333
2 0.240745 0.795991 0.020369 0.027333
2 0.288631 0.790658 0.020369 0.027333
2 0.336529 0.787821 0.020369 0.027333
2 0.384427 0.790829 0.020369 0.027333
2 0.432312 0.780436 0.020369 0.027333
2 0.480210 0.803376 0.020369 0.027333
2 0.528108 0.804538 0.020369 0.027333
2 0.575994 0.786111 0.020369 0.027333
2 0.623892 0.805000 0.020369 0.027333
2 0.671777 0.802436 0.020369 0.027333
2 0.719675 0.803120 0.020369 0.027333
2 0.767573 0.794915 0.020369 0.027333
2 0.815459 0.792624 0.020369 0.027333
2 0.863357 0.751855 0.020369 0.027333
2 0.911255 0.692932 0.020369 0.027333
2 0.959140 0.514504 0.020369 0.027333
3 0.144962 0.748521 0.020369 0.027333
3 0.203115 0.756983 0.020369 0.027333
3 0.261268 0.751701 0.020369 0.027333
3 0.319420 0.753650 0.020369 0.027333
3 0.377586 0.778761 0.020369 0.027333
3 0.435739 0.773291 0.020369 0.027333
3 0.493892 0.743103 0.020369 0.027333
3 0.552045 0.758726 0.020369 0.027333
3 0.610210 0.770538 0.020369 0.027333
3 0.668363 0.766350 0.020369 0.027333
3 0.726516 0.769667 0.020369 0.027333
3 0.784669 0.725256 0.020369 0.027333
3 0.842834 0.640983 0.020369 0.027333
3 0.900987 0.453342 0.020369 0.027333
3 0.959140 0.230248 0.020369 0.027333
1 0.144962 0.720658 0.020369 0.027333
1 0.235420 0.669752 0.020369 0.027333
1 0.325892 0.610333 0.020369 0.027333
1 0.416350 0.519462 0.020369 0.027333
1 0.506822 0.447479 0.020369 0.027333
1 0.597280 0.345598 0.020369 0.027333
1 0.687752 0.244624 0.020369 0.027333
1 0.778210 0.230419 0.020369 0.027333
1 0.868682 0.208026 0.020369 0.027333
1 0.959140 0.190966 0.020369 0.027333
0 0.144962 0.741855 0.020369 0.027333
0 0.212809 0.745308 0.020369 0.027333
0 0.280656 0.738026 0.020369 0.027333
0 0.348503 0.728761 0.020369 0.027333
0 0.416350 0.713359 0.020369 0.027333
0 0.484197 0.682504 0.020369 0.027333
0 0.552045 0.651650 0.020369 0.027333
0 0.619904 0.597838 0.020369 0.027333
0 0.687752 0.543803 0.020369 0.027333
0 0.755599 0.475632 0.020369 0.027333
0 0.823446 0.438145 0.020369 0.027333
0 0.891293 0.384094 0.020369 0.027333
0 0.959140 0.331923 0.020369 0.027333
6 0.144962 0.771137 0.020369 0.027333
6 0.207586 0.732897 0.020369 0.027333
6 0.270210 0.755051 0.020369 0.027333
6 0.332847 0.741496 0.020369 0.027333
6 0.395471 0.745615 0.020369 0.027333
6 0.458108 0.765068 0.020369 0.027333
6 0.520732 0.746573 0.020369 0.027333
6 0.583369 0.772573 0.020369 0.027333
6 0.645994 0.756470 0.020369 0.027333
6 0.708618 0.725376 0.020369 0.027333
6 0.771255 0.717564 0.020369 0.027333
6 0.833879 0.654949 0.020369 0.027333
6 0.896516 0.446419 0.020369 0.027333
6 0.959140 0.223974 0.020369 0.027333