5 0.087215 0.791678 0.014304 0.019153
5 0.139646 0.771525 0.014304 0.019153
5 0.192076 0.736932 0.014304 0.019153
5 0.244506 0.738017 0.014304 0.019153
5 0.296937 0.713644 0.014304 0.019153
5 0.349354 0.711831 0.014304 0.019153
5 0.401785 0.692169 0.014304 0.019153
5 0.454215 0.616763 0.014304 0.019153
5 0.506646 0.561169 0.014304 0.019153
5 0.559076 0.513424 0.014304 0.019153
5 0.611494 0.481881 0.014304 0.019153
5 0.663924 0.440186 0.014304 0.019153
5 0.716354 0.415746 0.014304 0.019153
5 0.768785 0.394932 0.014304 0.019153
5 0.821215 0.377932 0.014304 0.019153
5 0.873633 0.361966 0.014304 0.019153
5 0.926063 0.355966 0.014304 0.019153
5 0.978494 0.353186 0.014304 0.019153
2 0.087215 0.716847 0.014304 0.019153
2 0.139646 0.688102 0.014304 0.019153
2 0.192076 0.700864 0.014304 0.019153
2 0.244506 0.705068 0.014304 0.019153
2 0.296937 0.700576 0.014304 0.019153
2 0.349354 0.690542 0.014304 0.019153
2 0.401785 0.704492 0.014304 0.019153
2 0.454215 0.694746 0.014304 0.019153
2 0.506646 0.703949 0.014304 0.019153
2 0.559076 0.708932 0.014304 0.019153
2 0.611494 0.712288 0.014304 0.019153
2 0.663924 0.695017 0.014304 0.019153
2 0.716354 0.718610 0.014304 0.019153
2 0.768785 0.688441 0.014304 0.019153
2 0.821215 0.685051 0.014304 0.019153
2 0.873633 0.648831 0.014304 0.019153
2 0.926063 0.503763 0.014304 0.019153
2 0.978494 0.102542 0.014304 0.019153
3 0.087215 0.797102 0.014304 0.019153
3 0.161494 0.792915 0.014304 0.019153
3 0.235759 0.792034 0.014304 0.019153
3 0.310038 0.820068 0.014304 0.019153
3 0.384316 0.785746 0.014304 0.019153
3 0.458582 0.812373 0.014304 0.019153
3 0.532861 0.808627 0.014304 0.019153
3 0.607127 0.795153 0.014304 0.019153
3 0.681405 0.781492 0.014304 0.019153
3 0.755671 0.758831 0.014304 0.019153
3 0.829949 0.686102 0.014304 0.019153
3 0.904228 0.404661 0.014304 0.019153
3 0.978494 0.180932 0.014304 0.019153
7 0.087215 0.744746 0.014304 0.019153
7 0.214544 0.719373 0.014304 0.019153
7 0.341873 0.740898 0.014304 0.019153
7 0.469190 0.748729 0.014304 0.019153
7 0.596519 0.737576 0.014304 0.019153
7 0.723848 0.714949 0.014304 0.019153
7 0.851165 0.725220 0.014304 0.019153
7 0.978494 0.694881 0.014304 0.019153
6 0.087215 0.693559 0.014304 0.019153
6 0.168241 0.671814 0.014304 0.019153
6 0.249266 0.620000 0.014304 0.019153
6 0.330291 0.558119 0.014304 0.019153
6 0.411316 0.453051 0.014304 0.019153
6 0.492342 0.408932 0.014304 0.019153
6 0.573367 0.319881 0.014304 0.019153
6 0.654392 0.311017 0.014304 0.019153
6 0.735418 0.263169 0.014304 0.019153
6 0.816443 0.264898 0.014304 0.019153
6 0.897468 0.228610 0.014304 0.019153
6 0.978494 0.225814 0.014304 0.019153