6 0.087373 0.565653 0.010291 0.013780
6 0.140171 0.557076 0.010291 0.013780
6 0.192956 0.536619 0.010291 0.013780
6 0.245753 0.534822 0.010291 0.013780
6 0.298538 0.503263 0.010291 0.013780
6 0.351323 0.489856 0.010291 0.013780
6 0.404120 0.479975 0.010291 0.013780
6 0.456905 0.484754 0.010291 0.013780
6 0.509703 0.436703 0.010291 0.013780
6 0.562487 0.433398 0.010291 0.013780
6 0.615285 0.399229 0.010291 0.013780
6 0.668070 0.408822 0.010291 0.013780
6 0.720854 0.383873 0.010291 0.013780
6 0.773652 0.377483 0.010291 0.013780
6 0.826437 0.368788 0.010291 0.013780
6 0.879234 0.338568 0.010291 0.013780
6 0.932019 0.336686 0.010291 0.013780
6 0.984816 0.299534 0.010291 0.013780
0 0.087373 0.781534 0.010291 0.013780
0 0.156411 0.564856 0.010291 0.013780
0 0.225449 0.406161 0.010291 0.013780
0 0.294475 0.327381 0.010291 0.013780
0 0.363513 0.254280 0.010291 0.013780
0 0.432551 0.233703 0.010291 0.013780
0 0.501576 0.211042 0.010291 0.013780
0 0.570614 0.167381 0.010291 0.013780
0 0.639639 0.171398 0.010291 0.013780
0 0.708677 0.168856 0.010291 0.013780
0 0.777715 0.156008 0.010291 0.013780
0 0.846741 0.137873 0.010291 0.013780
0 0.915778 0.175890 0.010291 0.013780
0 0.984816 0.137263 0.010291 0.013780
4 0.087373 0.744720 0.010291 0.013780
4 0.143462 0.716720 0.010291 0.013780
4 0.199563 0.678483 0.010291 0.013780
4 0.255652 0.646347 0.010291 0.013780
4 0.311741 0.578144 0.010291 0.013780
4 0.367829 0.525093 0.010291 0.013780
4 0.423918 0.458144 0.010291 0.013780
4 0.480006 0.410178 0.010291 0.013780
4 0.536095 0.333364 0.010291 0.013780
4 0.592184 0.266720 0.010291 0.013780
4 0.648272 0.228788 0.010291 0.013780
4 0.704361 0.192161 0.010291 0.013780
4 0.760449 0.203093 0.010291 0.013780
4 0.816538 0.193042 0.010291 0.013780
4 0.872627 0.174059 0.010291 0.013780
4 0.928728 0.150449 0.010291 0.013780
4 0.984816 0.171856 0.010291 0.013780
2 0.087373 0.796856 0.010291 0.013780
2 0.140171 0.662229 0.010291 0.013780
2 0.192956 0.572788 0.010291 0.013780
2 0.245753 0.497178 0.010291 0.013780
2 0.298538 0.429347 0.010291 0.013780
2 0.351323 0.367195 0.010291 0.013780
2 0.404120 0.340822 0.010291 0.013780
2 0.456905 0.295737 0.010291 0.013780
2 0.509703 0.244195 0.010291 0.013780
2 0.562487 0.242110 0.010291 0.013780
2 0.615285 0.229653 0.010291 0.013780
2 0.668070 0.212466 0.010291 0.013780
2 0.720854 0.190686 0.010291 0.013780
2 0.773652 0.184839 0.010291 0.013780
2 0.826437 0.183025 0.010291 0.013780
2 0.879234 0.180636 0.010291 0.013780
2 0.932019 0.176229 0.010291 0.013780
2 0.984816 0.179669 0.010291 0.013780