4 0.095462 0.691941 0.009987 0.013373
4 0.205108 0.803500 0.009987 0.013373
4 0.314741 0.601076 0.009987 0.013373
4 0.424386 0.611025 0.009987 0.013373
4 0.534019 0.420856 0.009987 0.013373
4 0.643665 0.394907 0.009987 0.013373
4 0.753310 0.547076 0.009987 0.013373
4 0.862943 0.273703 0.009987 0.013373
4 0.972589 0.269195 0.009987 0.013373
5 0.095462 0.711059 0.009987 0.013373
5 0.153943 0.828941 0.009987 0.013373
5 0.212411 0.760737 0.009987 0.013373
5 0.270892 0.910364 0.009987 0.013373
5 0.329361 0.768144 0.009987 0.013373
5 0.387842 0.800110 0.009987 0.013373
5 0.446310 0.742347 0.009987 0.013373
5 0.504791 0.764449 0.009987 0.013373
5 0.563259 0.762161 0.009987 0.013373
5 0.621741 0.726669 0.009987 0.013373
5 0.680209 0.772686 0.009987 0.013373
5 0.738690 0.761703 0.009987 0.013373
5 0.797158 0.888907 0.009987 0.013373
5 0.855639 0.433364 0.009987 0.013373
5 0.914108 0.185110 0.009987 0.013373
5 0.972589 0.121585 0.009987 0.013373
1 0.095462 0.723636 0.009987 0.013373
1 0.168551 0.569941 0.009987 0.013373
1 0.241652 0.585653 0.009987 0.013373
1 0.314741 0.590229 0.009987 0.013373
1 0.387842 0.501076 0.009987 0.013373
1 0.460930 0.315602 0.009987 0.013373
1 0.534019 0.359958 0.009987 0.013373
1 0.607120 0.324432 0.009987 0.013373
1 0.680209 0.069534 0.009987 0.013373
1 0.753310 0.174771 0.009987 0.013373
1 0.826399 0.185568 0.009987 0.013373
1 0.899487 0.094703 0.009987 0.013373
1 0.972589 0.190703 0.009987 0.013373