5 0.087373 0.589076 0.011962 0.016017
5 0.162171 0.527381 0.011962 0.016017
5 0.236956 0.434958 0.011962 0.016017
5 0.311741 0.446432 0.011962 0.016017
5 0.386525 0.370856 0.011962 0.016017
5 0.461310 0.366212 0.011962 0.016017
5 0.536095 0.263754 0.011962 0.016017
5 0.610880 0.210958 0.011962 0.016017
5 0.685665 0.232178 0.011962 0.016017
5 0.760449 0.167415 0.011962 0.016017
5 0.835234 0.101788 0.011962 0.016017
5 0.910032 0.032212 0.011962 0.016017
5 0.984816 0.032212 0.011962 0.016017
7 0.087373 0.766720 0.011962 0.016017
7 0.177120 0.773568 0.011962 0.016017
7 0.266867 0.798076 0.011962 0.016017
7 0.356614 0.754008 0.011962 0.016017
7 0.446348 0.622331 0.011962 0.016017
7 0.536095 0.580212 0.011962 0.016017
7 0.625842 0.491619 0.011962 0.016017
7 0.715576 0.395093 0.011962 0.016017
7 0.805323 0.284195 0.011962 0.016017
7 0.895070 0.234178 0.011962 0.016017
7 0.984816 0.217771 0.011962 0.016017
4 0.087373 0.727686 0.011962 0.016017
4 0.168968 0.821636 0.011962 0.016017
4 0.250551 0.720890 0.011962 0.016017
4 0.332133 0.775127 0.011962 0.016017
4 0.413715 0.722924 0.011962 0.016017
4 0.495297 0.694771 0.011962 0.016017
4 0.576892 0.613703 0.011962 0.016017
4 0.658475 0.504246 0.011962 0.016017
4 0.740057 0.433602 0.011962 0.016017
4 0.821639 0.342246 0.011962 0.016017
4 0.903222 0.382737 0.011962 0.016017
4 0.984816 0.373314 0.011962 0.016017
0 0.087373 0.654737 0.011962 0.016017
0 0.156411 0.612042 0.011962 0.016017
0 0.225449 0.591212 0.011962 0.016017
0 0.294475 0.619025 0.011962 0.016017
0 0.363513 0.562364 0.011962 0.016017
0 0.432551 0.505585 0.011962 0.016017
0 0.501576 0.572110 0.011962 0.016017
0 0.570614 0.571161 0.011962 0.016017
0 0.639639 0.568212 0.011962 0.016017
0 0.708677 0.566347 0.011962 0.016017
0 0.777715 0.665059 0.011962 0.016017
0 0.846741 0.533568 0.011962 0.016017
0 0.915778 0.590059 0.011962 0.016017
0 0.984816 0.536958 0.011962 0.016017
6 0.087373 0.790958 0.011962 0.016017
6 0.187095 0.490873 0.011962 0.016017
6 0.286804 0.272924 0.011962 0.016017
6 0.386525 0.205958 0.011962 0.016017
6 0.486234 0.186992 0.011962 0.016017
6 0.585956 0.225907 0.011962 0.016017
6 0.685665 0.137195 0.011962 0.016017
6 0.785386 0.115178 0.011962 0.016017
6 0.885095 0.121432 0.011962 0.016017
6 0.984816 0.133873 0.011962 0.016017
1 0.087373 0.731839 0.011962 0.016017
1 0.266867 0.762161 0.011962 0.016017
1 0.446348 0.858059 0.011962 0.016017
1 0.625842 0.895093 0.011962 0.016017
1 0.805323 0.924958 0.011962 0.016017
1 0.984816 0.924958 0.011962 0.016017