0 0.106859 0.764328 0.013541 0.018146
0 0.179765 0.635485 0.013541 0.018146
0 0.252659 0.440383 0.013541 0.018146
0 0.325552 0.428121 0.013541 0.018146
0 0.398445 0.270060 0.013541 0.018146
0 0.471339 0.235706 0.013541 0.018146
0 0.544232 0.208019 0.013541 0.018146
0 0.617126 0.188342 0.013541 0.018146
0 0.690019 0.203614 0.013541 0.018146
0 0.762912 0.121964 0.013541 0.018146
0 0.835806 0.142543 0.013541 0.018146
0 0.908712 0.199940 0.013541 0.018146
0 0.981605 0.156267 0.013541 0.018146
4 0.106859 0.788240 0.013541 0.018146
4 0.179765 0.738954 0.013541 0.018146
4 0.252659 0.852594 0.013541 0.018146
4 0.325552 0.738563 0.013541 0.018146
4 0.398445 0.683019 0.013541 0.018146
4 0.471339 0.588291 0.013541 0.018146
4 0.544232 0.528121 0.013541 0.018146
4 0.617126 0.482560 0.013541 0.018146
4 0.690019 0.361335 0.013541 0.018146
4 0.762912 0.284413 0.013541 0.018146
4 0.835806 0.316539 0.013541 0.018146
4 0.908712 0.266522 0.013541 0.018146
4 0.981605 0.253733 0.013541 0.018146
5 0.106859 0.803852 0.013541 0.018146
5 0.186390 0.443767 0.013541 0.018146
5 0.265907 0.362645 0.013541 0.018146
5 0.345425 0.236522 0.013541 0.018146
5 0.424956 0.172474 0.013541 0.018146
5 0.504473 0.161301 0.013541 0.018146
5 0.583991 0.180893 0.013541 0.018146
5 0.663509 0.208682 0.013541 0.018146
5 0.743039 0.176964 0.013541 0.018146
5 0.822557 0.131199 0.013541 0.018146
5 0.902075 0.169957 0.013541 0.018146
5 0.981605 0.145077 0.013541 0.018146
7 0.106859 0.609702 0.013541 0.018146
7 0.204055 0.618121 0.013541 0.018146
7 0.301250 0.654396 0.013541 0.018146
7 0.398445 0.581879 0.013541 0.018146
7 0.495641 0.552645 0.013541 0.018146
7 0.592824 0.554277 0.013541 0.018146
7 0.690019 0.397389 0.013541 0.018146
7 0.787214 0.419583 0.013541 0.018146
7 0.884410 0.419821 0.013541 0.018146
7 0.981605 0.364209 0.013541 0.018146
3 0.106859 0.711658 0.013541 0.018146
3 0.179765 0.633954 0.013541 0.018146
3 0.252659 0.602662 0.013541 0.018146
3 0.325552 0.482815 0.013541 0.018146
3 0.398445 0.459719 0.013541 0.018146
3 0.471339 0.406471 0.013541 0.018146
3 0.544232 0.363223 0.013541 0.018146
3 0.617126 0.283461 0.013541 0.018146
3 0.690019 0.285536 0.013541 0.018146
3 0.762912 0.246403 0.013541 0.018146
3 0.835806 0.265842 0.013541 0.018146
3 0.908712 0.259056 0.013541 0.018146
3 0.981605 0.150281 0.013541 0.018146
6 0.106859 0.810298 0.013541 0.018146
6 0.216212 0.400366 0.013541 0.018146
6 0.325552 0.305485 0.013541 0.018146
6 0.434892 0.236573 0.013541 0.018146
6 0.544232 0.165689 0.013541 0.018146
6 0.653572 0.185604 0.013541 0.018146
6 0.762912 0.114532 0.013541 0.018146
6 0.872253 0.108852 0.013541 0.018146
6 0.981605 0.147270 0.013541 0.018146