6 0.114480 0.768112 0.015964 0.021395
6 0.221079 0.710867 0.015964 0.021395
6 0.327678 0.691701 0.015964 0.021395
6 0.434277 0.640289 0.015964 0.021395
6 0.540876 0.572517 0.015964 0.021395
6 0.647475 0.438741 0.015964 0.021395
6 0.754074 0.322381 0.015964 0.021395
6 0.860673 0.378639 0.015964 0.021395
6 0.967272 0.285680 0.015964 0.021395
4 0.114480 0.769422 0.015964 0.021395
4 0.221079 0.749235 0.015964 0.021395
4 0.327678 0.788214 0.015964 0.021395
4 0.434277 0.762738 0.015964 0.021395
4 0.540876 0.776990 0.015964 0.021395
4 0.647475 0.759014 0.015964 0.021395
4 0.754074 0.658963 0.015964 0.021395
4 0.860673 0.609762 0.015964 0.021395
4 0.967272 0.116105 0.015964 0.021395
7 0.114480 0.521378 0.015964 0.021395
7 0.209226 0.632738 0.015964 0.021395
7 0.303985 0.509609 0.015964 0.021395
7 0.398744 0.542993 0.015964 0.021395
7 0.493490 0.554915 0.015964 0.021395
7 0.588249 0.537245 0.015964 0.021395
7 0.683008 0.571207 0.015964 0.021395
7 0.777754 0.580221 0.015964 0.021395
7 0.872513 0.585136 0.015964 0.021395
7 0.967272 0.738520 0.015964 0.021395
2 0.114480 0.626071 0.015964 0.021395
2 0.180076 0.610697 0.015964 0.021395
2 0.245673 0.648469 0.015964 0.021395
2 0.311269 0.684473 0.015964 0.021395
2 0.376878 0.642024 0.015964 0.021395
2 0.442475 0.627959 0.015964 0.021395
2 0.508071 0.613554 0.015964 0.021395
2 0.573668 0.584303 0.015964 0.021395
2 0.639277 0.628622 0.015964 0.021395
2 0.704873 0.639779 0.015964 0.021395
2 0.770470 0.539473 0.015964 0.021395
2 0.836066 0.659694 0.015964 0.021395
2 0.901675 0.550680 0.015964 0.021395
2 0.967272 0.299847 0.015964 0.021395