7 0.087380 0.613746 0.013772 0.018441
7 0.187089 0.599034 0.013772 0.018441
7 0.286810 0.539678 0.013772 0.018441
7 0.386519 0.465610 0.013772 0.018441
7 0.486241 0.380610 0.013772 0.018441
7 0.585949 0.298237 0.013772 0.018441
7 0.685658 0.236729 0.013772 0.018441
7 0.785380 0.242051 0.013772 0.018441
7 0.885089 0.201644 0.013772 0.018441
7 0.984810 0.202881 0.013772 0.018441
1 0.087380 0.692644 0.013772 0.018441
1 0.236949 0.651831 0.013772 0.018441
1 0.386519 0.644983 0.013772 0.018441
1 0.536089 0.557508 0.013772 0.018441
1 0.685658 0.401271 0.013772 0.018441
1 0.835241 0.289153 0.013772 0.018441
1 0.984810 0.222746 0.013772 0.018441