7 0.103342 0.711295 0.014307 0.019182
7 0.190584 0.636218 0.014307 0.019182
7 0.277814 0.699336 0.014307 0.019182
7 0.365057 0.679898 0.014307 0.019182
7 0.452287 0.693799 0.014307 0.019182
7 0.539530 0.713731 0.014307 0.019182
7 0.626760 0.735690 0.014307 0.019182
7 0.714003 0.746934 0.014307 0.019182
7 0.801233 0.781874 0.014307 0.019182
7 0.888475 0.690256 0.014307 0.019182
7 0.975705 0.762743 0.014307 0.019182
3 0.103342 0.679421 0.014307 0.019182
3 0.157865 0.696184 0.014307 0.019182
3 0.212389 0.693629 0.014307 0.019182
3 0.266912 0.662044 0.014307 0.019182
3 0.321436 0.633220 0.014307 0.019182
3 0.375959 0.711380 0.014307 0.019182
3 0.430483 0.767836 0.014307 0.019182
3 0.485006 0.674991 0.014307 0.019182
3 0.539530 0.672845 0.014307 0.019182
3 0.594053 0.681755 0.014307 0.019182
3 0.648577 0.666985 0.014307 0.019182
3 0.703100 0.683254 0.014307 0.019182
3 0.757624 0.643032 0.014307 0.019182
3 0.812147 0.724310 0.014307 0.019182
3 0.866658 0.690698 0.014307 0.019182
3 0.921182 0.612044 0.014307 0.019182
3 0.975705 0.465298 0.014307 0.019182
5 0.103342 0.794514 0.014307 0.019182
5 0.182656 0.812232 0.014307 0.019182
5 0.261957 0.745400 0.014307 0.019182
5 0.341258 0.741840 0.014307 0.019182
5 0.420572 0.748041 0.014307 0.019182
5 0.499873 0.698756 0.014307 0.019182
5 0.579187 0.812300 0.014307 0.019182
5 0.658488 0.745980 0.014307 0.019182
5 0.737789 0.729966 0.014307 0.019182
5 0.817103 0.655230 0.014307 0.019182
5 0.896404 0.311738 0.014307 0.019182
5 0.975705 0.171158 0.014307 0.019182
0 0.103342 0.518279 0.014307 0.019182
0 0.157865 0.522743 0.014307 0.019182
0 0.212389 0.556712 0.014307 0.019182
0 0.266912 0.493765 0.014307 0.019182
0 0.321436 0.563066 0.014307 0.019182
0 0.375959 0.535673 0.014307 0.019182
0 0.430483 0.591329 0.014307 0.019182
0 0.485006 0.571516 0.014307 0.019182
0 0.539530 0.594480 0.014307 0.019182
0 0.594053 0.491874 0.014307 0.019182
0 0.648577 0.615605 0.014307 0.019182
0 0.703100 0.558893 0.014307 0.019182
0 0.757624 0.540187 0.014307 0.019182
0 0.812147 0.595792 0.014307 0.019182
0 0.866658 0.619847 0.014307 0.019182
0 0.921182 0.725332 0.014307 0.019182
0 0.975705 0.872095 0.014307 0.019182