1 0.094968 0.649076 0.015785 0.021136
1 0.149829 0.690856 0.015785 0.021136
1 0.204677 0.489280 0.015785 0.021136
1 0.259525 0.596432 0.015785 0.021136
1 0.314373 0.634669 0.015785 0.021136
1 0.369234 0.502551 0.015785 0.021136
1 0.424082 0.696398 0.015785 0.021136
1 0.478930 0.574958 0.015785 0.021136
1 0.533778 0.613754 0.015785 0.021136
1 0.588639 0.679619 0.015785 0.021136
1 0.643487 0.679534 0.015785 0.021136
1 0.698335 0.490195 0.015785 0.021136
1 0.753184 0.518432 0.015785 0.021136
1 0.808032 0.696195 0.015785 0.021136
1 0.862892 0.676669 0.015785 0.021136
1 0.917741 0.444466 0.015785 0.021136
1 0.972589 0.266025 0.015785 0.021136
5 0.094968 0.710653 0.015785 0.021136
5 0.192487 0.698347 0.015785 0.021136
5 0.289994 0.750975 0.015785 0.021136
5 0.387513 0.702754 0.015785 0.021136
5 0.485032 0.543551 0.015785 0.021136
5 0.582538 0.751568 0.015785 0.021136
5 0.680057 0.742280 0.015785 0.021136
5 0.777563 0.629161 0.015785 0.021136
5 0.875082 0.541941 0.015785 0.021136
5 0.972589 0.241975 0.015785 0.021136
2 0.094968 0.869212 0.015785 0.021136
2 0.204677 0.655788 0.015785 0.021136
2 0.314373 0.612042 0.015785 0.021136
2 0.424082 0.652602 0.015785 0.021136
2 0.533778 0.449432 0.015785 0.021136
2 0.643487 0.413415 0.015785 0.021136
2 0.753184 0.380280 0.015785 0.021136
2 0.862892 0.152619 0.015785 0.021136
2 0.972589 0.184890 0.015785 0.021136
4 0.094968 0.786246 0.015785 0.021136
4 0.149829 0.825534 0.015785 0.021136
4 0.204677 0.798602 0.015785 0.021136
4 0.259525 0.779059 0.015785 0.021136
4 0.314373 0.658754 0.015785 0.021136
4 0.369234 0.443822 0.015785 0.021136
4 0.424082 0.480432 0.015785 0.021136
4 0.478930 0.528517 0.015785 0.021136
4 0.533778 0.516873 0.015785 0.021136
4 0.588639 0.428720 0.015785 0.021136
4 0.643487 0.297025 0.015785 0.021136
4 0.698335 0.173178 0.015785 0.021136
4 0.753184 0.244822 0.015785 0.021136
4 0.808032 0.246398 0.015785 0.021136
4 0.862892 0.312958 0.015785 0.021136
4 0.917741 0.164314 0.015785 0.021136
4 0.972589 0.214500 0.015785 0.021136
3 0.094968 0.771737 0.015785 0.021136
3 0.157665 0.802076 0.015785 0.021136
3 0.220348 0.722805 0.015785 0.021136
3 0.283032 0.804144 0.015785 0.021136
3 0.345715 0.748212 0.015785 0.021136
3 0.408411 0.776568 0.015785 0.021136
3 0.471095 0.760449 0.015785 0.021136
3 0.533778 0.906127 0.015785 0.021136
3 0.596475 0.779805 0.015785 0.021136
3 0.659158 0.890195 0.015785 0.021136
3 0.721842 0.797331 0.015785 0.021136
3 0.784525 0.625381 0.015785 0.021136
3 0.847222 0.571297 0.015785 0.021136
3 0.909905 0.314788 0.015785 0.021136
3 0.972589 0.162822 0.015785 0.021136
7 0.094968 0.829212 0.015785 0.021136
7 0.157665 0.839398 0.015785 0.021136
7 0.220348 0.832788 0.015785 0.021136
7 0.283032 0.868331 0.015785 0.021136
7 0.345715 0.688686 0.015785 0.021136
7 0.408411 0.799076 0.015785 0.021136
7 0.471095 0.885568 0.015785 0.021136
7 0.533778 0.776212 0.015785 0.021136
7 0.596475 0.673822 0.015785 0.021136
7 0.659158 0.805246 0.015785 0.021136
7 0.721842 0.713212 0.015785 0.021136
7 0.784525 0.693924 0.015785 0.021136
7 0.847222 0.512415 0.015785 0.021136
7 0.909905 0.465195 0.015785 0.021136
7 0.972589 0.215093 0.015785 0.021136