0 0.108272 0.615111 0.011156 0.014957
0 0.231842 0.576559 0.011156 0.014957
0 0.355400 0.484429 0.011156 0.014957
0 0.478971 0.397155 0.011156 0.014957
0 0.602541 0.341721 0.011156 0.014957
0 0.726112 0.303015 0.011156 0.014957
0 0.849682 0.280954 0.011156 0.014957
0 0.973240 0.281363 0.011156 0.014957
6 0.108272 0.760477 0.011156 0.014957
6 0.216391 0.764174 0.011156 0.014957
6 0.324511 0.760034 0.011156 0.014957
6 0.432630 0.772112 0.011156 0.014957
6 0.540762 0.766048 0.011156 0.014957
6 0.648882 0.778007 0.011156 0.014957
6 0.757001 0.779574 0.011156 0.014957
6 0.865121 0.735537 0.011156 0.014957
6 0.973240 0.382164 0.011156 0.014957
4 0.108272 0.794055 0.011156 0.014957
4 0.216391 0.780034 0.011156 0.014957
4 0.324511 0.766218 0.011156 0.014957
4 0.432630 0.773509 0.011156 0.014957
4 0.540762 0.778160 0.011156 0.014957
4 0.648882 0.789676 0.011156 0.014957
4 0.757001 0.762845 0.011156 0.014957
4 0.865121 0.452828 0.011156 0.014957
4 0.973240 0.219847 0.011156 0.014957
1 0.108272 0.786951 0.011156 0.014957
1 0.231842 0.771959 0.011156 0.014957
1 0.355400 0.773969 0.011156 0.014957
1 0.478971 0.778637 0.011156 0.014957
1 0.602541 0.768842 0.011156 0.014957
1 0.726112 0.765588 0.011156 0.014957
1 0.849682 0.648807 0.011156 0.014957
1 0.973240 0.219813 0.011156 0.014957
2 0.108272 0.757019 0.011156 0.014957
2 0.231842 0.791738 0.011156 0.014957
2 0.355400 0.765111 0.011156 0.014957
2 0.478971 0.774225 0.011156 0.014957
2 0.602541 0.767513 0.011156 0.014957
2 0.726112 0.768688 0.011156 0.014957
2 0.849682 0.567547 0.011156 0.014957
2 0.973240 0.196968 0.011156 0.014957