0 0.134809 0.601034 0.015580 0.020906
0 0.227076 0.603735 0.015580 0.020906
0 0.319344 0.581239 0.015580 0.020906
0 0.411611 0.546333 0.015580 0.020906
0 0.503879 0.601205 0.015580 0.020906
0 0.596159 0.649359 0.015580 0.020906
0 0.688427 0.655786 0.015580 0.020906
0 0.780694 0.576453 0.015580 0.020906
0 0.872962 0.523991 0.015580 0.020906
0 0.965229 0.089667 0.015580 0.020906
4 0.134809 0.751530 0.015580 0.020906
4 0.217854 0.740231 0.015580 0.020906
4 0.300885 0.712846 0.015580 0.020906
4 0.383930 0.742795 0.015580 0.020906
4 0.466975 0.767650 0.015580 0.020906
4 0.550019 0.770487 0.015580 0.020906
4 0.633064 0.759274 0.015580 0.020906
4 0.716108 0.784179 0.015580 0.020906
4 0.799153 0.729188 0.015580 0.020906
4 0.882185 0.569496 0.015580 0.020906
4 0.965229 0.291068 0.015580 0.020906
1 0.134809 0.703940 0.015580 0.020906
1 0.227076 0.797821 0.015580 0.020906
1 0.319344 0.780744 0.015580 0.020906
1 0.411611 0.773684 0.015580 0.020906
1 0.503879 0.730949 0.015580 0.020906
1 0.596159 0.742863 0.015580 0.020906
1 0.688427 0.660949 0.015580 0.020906
1 0.780694 0.721393 0.015580 0.020906
1 0.872962 0.574915 0.015580 0.020906
1 0.965229 0.169342 0.015580 0.020906