5 0.087373 0.757415 0.015532 0.020797
5 0.168209 0.727720 0.015532 0.020797
5 0.249044 0.697381 0.015532 0.020797
5 0.329880 0.703297 0.015532 0.020797
5 0.410715 0.692110 0.015532 0.020797
5 0.491551 0.723992 0.015532 0.020797
5 0.572386 0.708297 0.015532 0.020797
5 0.653222 0.701669 0.015532 0.020797
5 0.734057 0.752364 0.015532 0.020797
5 0.814892 0.685127 0.015532 0.020797
5 0.895728 0.652653 0.015532 0.020797
5 0.976563 0.345534 0.015532 0.020797
0 0.087373 0.650297 0.015532 0.020797
0 0.161475 0.593551 0.015532 0.020797
0 0.235576 0.574280 0.015532 0.020797
0 0.309677 0.435449 0.015532 0.020797
0 0.383766 0.474534 0.015532 0.020797
0 0.457867 0.321144 0.015532 0.020797
0 0.531968 0.282364 0.015532 0.020797
0 0.606070 0.257076 0.015532 0.020797
0 0.680171 0.238686 0.015532 0.020797
0 0.754259 0.196500 0.015532 0.020797
0 0.828361 0.081263 0.015532 0.020797
0 0.902462 0.169466 0.015532 0.020797
0 0.976563 0.152398 0.015532 0.020797
3 0.087373 0.687703 0.015532 0.020797
3 0.168209 0.745110 0.015532 0.020797
3 0.249044 0.670873 0.015532 0.020797
3 0.329880 0.689076 0.015532 0.020797
3 0.410715 0.644839 0.015532 0.020797
3 0.491551 0.611822 0.015532 0.020797
3 0.572386 0.531568 0.015532 0.020797
3 0.653222 0.531924 0.015532 0.020797
3 0.734057 0.396602 0.015532 0.020797
3 0.814892 0.402534 0.015532 0.020797
3 0.895728 0.340263 0.015532 0.020797
3 0.976563 0.401246 0.015532 0.020797
6 0.087373 0.753771 0.015532 0.020797
6 0.161475 0.732297 0.015532 0.020797
6 0.235576 0.747856 0.015532 0.020797
6 0.309677 0.727890 0.015532 0.020797
6 0.383766 0.773636 0.015532 0.020797
6 0.457867 0.793008 0.015532 0.020797
6 0.531968 0.834263 0.015532 0.020797
6 0.606070 0.851398 0.015532 0.020797
6 0.680171 0.790076 0.015532 0.020797
6 0.754259 0.788093 0.015532 0.020797
6 0.828361 0.752737 0.015532 0.020797
6 0.902462 0.442517 0.015532 0.020797
6 0.976563 0.199042 0.015532 0.020797