1 0.130312 0.760983 0.018127 0.024325
1 0.189943 0.785188 0.018127 0.024325
1 0.249586 0.775496 0.018127 0.024325
1 0.309217 0.760282 0.018127 0.024325
1 0.368860 0.777684 0.018127 0.024325
1 0.428490 0.751308 0.018127 0.024325
1 0.488134 0.755923 0.018127 0.024325
1 0.547777 0.768521 0.018127 0.024325
1 0.607408 0.778556 0.018127 0.024325
1 0.667051 0.757872 0.018127 0.024325
1 0.726682 0.743308 0.018127 0.024325
1 0.786325 0.696590 0.018127 0.024325
1 0.845955 0.546795 0.018127 0.024325
1 0.905599 0.256350 0.018127 0.024325
1 0.965229 0.170145 0.018127 0.024325
4 0.130312 0.746094 0.018127 0.024325
4 0.185968 0.731291 0.018127 0.024325
4 0.241637 0.735632 0.018127 0.024325
4 0.297293 0.750128 0.018127 0.024325
4 0.352949 0.766436 0.018127 0.024325
4 0.408618 0.760880 0.018127 0.024325
4 0.464274 0.772162 0.018127 0.024325
4 0.519943 0.755410 0.018127 0.024325
4 0.575599 0.763291 0.018127 0.024325
4 0.631268 0.753615 0.018127 0.024325
4 0.686924 0.785342 0.018127 0.024325
4 0.742592 0.729051 0.018127 0.024325
4 0.798248 0.701598 0.018127 0.024325
4 0.853917 0.621786 0.018127 0.024325
4 0.909573 0.449291 0.018127 0.024325
4 0.965229 0.195205 0.018127 0.024325
7 0.130312 0.583735 0.018127 0.024325
7 0.199879 0.590043 0.018127 0.024325
7 0.269459 0.573769 0.018127 0.024325
7 0.339038 0.594043 0.018127 0.024325
7 0.408618 0.589940 0.018127 0.024325
7 0.478197 0.589923 0.018127 0.024325
7 0.547777 0.576897 0.018127 0.024325
7 0.617344 0.582778 0.018127 0.024325
7 0.686924 0.567376 0.018127 0.024325
7 0.756503 0.572983 0.018127 0.024325
7 0.826083 0.571547 0.018127 0.024325
7 0.895662 0.658726 0.018127 0.024325
7 0.965229 0.879462 0.018127 0.024325
5 0.130312 0.742812 0.018127 0.024325
5 0.199879 0.774299 0.018127 0.024325
5 0.269459 0.751256 0.018127 0.024325
5 0.339038 0.760812 0.018127 0.024325
5 0.408618 0.775564 0.018127 0.024325
5 0.478197 0.753479 0.018127 0.024325
5 0.547777 0.760419 0.018127 0.024325
5 0.617344 0.762197 0.018127 0.024325
5 0.686924 0.759410 0.018127 0.024325
5 0.756503 0.769632 0.018127 0.024325
5 0.826083 0.670949 0.018127 0.024325
5 0.895662 0.430402 0.018127 0.024325
5 0.965229 0.186214 0.018127 0.024325