3 0.095291 0.724017 0.013544 0.018136
3 0.168392 0.774932 0.013544 0.018136
3 0.241506 0.570203 0.013544 0.018136
3 0.314608 0.826966 0.013544 0.018136
3 0.387722 0.629153 0.013544 0.018136
3 0.460823 0.775593 0.013544 0.018136
3 0.533937 0.830390 0.013544 0.018136
3 0.607051 0.827915 0.013544 0.018136
3 0.680152 0.802508 0.013544 0.018136
3 0.753266 0.684492 0.013544 0.018136
3 0.826367 0.713983 0.013544 0.018136
3 0.899481 0.905983 0.013544 0.018136
3 0.972582 0.910373 0.013544 0.018136
0 0.095291 0.591441 0.013544 0.018136
0 0.162772 0.608441 0.013544 0.018136
0 0.230253 0.534119 0.013544 0.018136
0 0.297734 0.627729 0.013544 0.018136
0 0.365228 0.701424 0.013544 0.018136
0 0.432709 0.449898 0.013544 0.018136
0 0.500190 0.632695 0.013544 0.018136
0 0.567684 0.603356 0.013544 0.018136
0 0.635165 0.617576 0.013544 0.018136
0 0.702646 0.474017 0.013544 0.018136
0 0.770139 0.596051 0.013544 0.018136
0 0.837620 0.494576 0.013544 0.018136
0 0.905101 0.679034 0.013544 0.018136
0 0.972582 0.718051 0.013544 0.018136