3 0.134809 0.673051 0.013490 0.018103
3 0.219025 0.638350 0.013490 0.018103
3 0.303242 0.719684 0.013490 0.018103
3 0.387459 0.676350 0.013490 0.018103
3 0.471675 0.717291 0.013490 0.018103
3 0.555904 0.652573 0.013490 0.018103
3 0.640121 0.657376 0.013490 0.018103
3 0.724338 0.645889 0.013490 0.018103
3 0.808554 0.701462 0.013490 0.018103
3 0.892771 0.656333 0.013490 0.018103
3 0.976987 0.646880 0.013490 0.018103
7 0.134809 0.721803 0.013490 0.018103
7 0.187446 0.740197 0.013490 0.018103
7 0.240083 0.769718 0.013490 0.018103
7 0.292720 0.767239 0.013490 0.018103
7 0.345357 0.676214 0.013490 0.018103
7 0.397994 0.765872 0.013490 0.018103
7 0.450631 0.673427 0.013490 0.018103
7 0.503268 0.697786 0.013490 0.018103
7 0.555904 0.621718 0.013490 0.018103
7 0.608541 0.631855 0.013490 0.018103
7 0.661178 0.497786 0.013490 0.018103
7 0.713815 0.448897 0.013490 0.018103
7 0.766439 0.416761 0.013490 0.018103
7 0.819076 0.338863 0.013490 0.018103
7 0.871713 0.296179 0.013490 0.018103
7 0.924350 0.273222 0.013490 0.018103
7 0.976987 0.218983 0.013490 0.018103