3 0.093703 0.825619 0.014671 0.019644
3 0.161310 0.806093 0.014671 0.019644
3 0.228918 0.819178 0.014671 0.019644
3 0.296525 0.755788 0.014671 0.019644
3 0.364133 0.896941 0.014671 0.019644
3 0.431741 0.801263 0.014671 0.019644
3 0.499348 0.794331 0.014671 0.019644
3 0.566956 0.819686 0.014671 0.019644
3 0.634563 0.808703 0.014671 0.019644
3 0.702171 0.769178 0.014671 0.019644
3 0.769766 0.762059 0.014671 0.019644
3 0.837373 0.574161 0.014671 0.019644
3 0.904981 0.297619 0.014671 0.019644
3 0.972589 0.263381 0.014671 0.019644
1 0.093703 0.863432 0.014671 0.019644
1 0.269487 0.814042 0.014671 0.019644
1 0.445259 0.750890 0.014671 0.019644
1 0.621032 0.787212 0.014671 0.019644
1 0.796816 0.707619 0.014671 0.019644
1 0.972589 0.270127 0.014671 0.019644
6 0.093703 0.628466 0.014671 0.019644
6 0.181601 0.547297 0.014671 0.019644
6 0.269487 0.599551 0.014671 0.019644
6 0.357373 0.502178 0.014671 0.019644
6 0.445259 0.527517 0.014671 0.019644
6 0.533146 0.578500 0.014671 0.019644
6 0.621032 0.561076 0.014671 0.019644
6 0.708930 0.557517 0.014671 0.019644
6 0.796816 0.587686 0.014671 0.019644
6 0.884703 0.431669 0.014671 0.019644
6 0.972589 0.079144 0.014671 0.019644
2 0.093703 0.847720 0.014671 0.019644
2 0.219259 0.766059 0.014671 0.019644
2 0.344816 0.768466 0.014671 0.019644
2 0.470373 0.758890 0.014671 0.019644
2 0.595930 0.724771 0.014671 0.019644
2 0.721475 0.808669 0.014671 0.019644
2 0.847032 0.561958 0.014671 0.019644
2 0.972589 0.201415 0.014671 0.019644
5 0.093703 0.704890 0.014671 0.019644
5 0.191361 0.708551 0.014671 0.019644
5 0.289019 0.694059 0.014671 0.019644
5 0.386665 0.715025 0.014671 0.019644
5 0.484323 0.561941 0.014671 0.019644
5 0.581981 0.606551 0.014671 0.019644
5 0.679627 0.494059 0.014671 0.019644
5 0.777285 0.428653 0.014671 0.019644
5 0.874943 0.412161 0.014671 0.019644
5 0.972589 0.382941 0.014671 0.019644