7 0.130299 0.779547 0.016369 0.021966
7 0.223076 0.766675 0.016369 0.021966
7 0.315841 0.722470 0.016369 0.021966
7 0.408618 0.623017 0.016369 0.021966
7 0.501382 0.539991 0.016369 0.021966
7 0.594159 0.544521 0.016369 0.021966
7 0.686924 0.399308 0.016369 0.021966
7 0.779688 0.333256 0.016369 0.021966
7 0.872465 0.322897 0.016369 0.021966
7 0.965229 0.301838 0.016369 0.021966
2 0.130299 0.649085 0.016369 0.021966
2 0.223076 0.675513 0.016369 0.021966
2 0.315841 0.637940 0.016369 0.021966
2 0.408618 0.544026 0.016369 0.021966
2 0.501382 0.558487 0.016369 0.021966
2 0.594159 0.470812 0.016369 0.021966
2 0.686924 0.385564 0.016369 0.021966
2 0.779688 0.359479 0.016369 0.021966
2 0.872465 0.167239 0.016369 0.021966
2 0.965229 0.162897 0.016369 0.021966
0 0.130299 0.757291 0.016369 0.021966
0 0.249586 0.695752 0.016369 0.021966
0 0.368860 0.741855 0.016369 0.021966
0 0.488134 0.773889 0.016369 0.021966
0 0.607408 0.725256 0.016369 0.021966
0 0.726682 0.745718 0.016369 0.021966
0 0.845955 0.735376 0.016369 0.021966
0 0.965229 0.694590 0.016369 0.021966