3 0.130306 0.740479 0.015822 0.021231
3 0.224382 0.501658 0.015822 0.021231
3 0.318459 0.340752 0.015822 0.021231
3 0.412535 0.257897 0.015822 0.021231
3 0.506611 0.196838 0.015822 0.021231
3 0.600688 0.206821 0.015822 0.021231
3 0.694764 0.186786 0.015822 0.021231
3 0.788841 0.173043 0.015822 0.021231
3 0.882917 0.172325 0.015822 0.021231
3 0.976994 0.162872 0.015822 0.021231
4 0.130306 0.594308 0.015822 0.021231
4 0.224382 0.570462 0.015822 0.021231
4 0.318459 0.575026 0.015822 0.021231
4 0.412535 0.589453 0.015822 0.021231
4 0.506611 0.586000 0.015822 0.021231
4 0.600688 0.595419 0.015822 0.021231
4 0.694764 0.628940 0.015822 0.021231
4 0.788841 0.628051 0.015822 0.021231
4 0.882917 0.651265 0.015822 0.021231
4 0.976994 0.662376 0.015822 0.021231
5 0.130306 0.794667 0.015822 0.021231
5 0.224382 0.788239 0.015822 0.021231
5 0.318459 0.790359 0.015822 0.021231
5 0.412535 0.749368 0.015822 0.021231
5 0.506611 0.731778 0.015822 0.021231
5 0.600688 0.655077 0.015822 0.021231
5 0.694764 0.551128 0.015822 0.021231
5 0.788841 0.462171 0.015822 0.021231
5 0.882917 0.394530 0.015822 0.021231
5 0.976994 0.323607 0.015822 0.021231
2 0.130306 0.788718 0.015822 0.021231
2 0.214981 0.613282 0.015822 0.021231
2 0.299643 0.510239 0.015822 0.021231
2 0.384318 0.390803 0.015822 0.021231
2 0.468981 0.352872 0.015822 0.021231
2 0.553656 0.301675 0.015822 0.021231
2 0.638318 0.257282 0.015822 0.021231
2 0.722981 0.251846 0.015822 0.021231
2 0.807656 0.235590 0.015822 0.021231
2 0.892318 0.202855 0.015822 0.021231
2 0.976994 0.202342 0.015822 0.021231
1 0.130306 0.756154 0.015822 0.021231
1 0.224382 0.468393 0.015822 0.021231
1 0.318459 0.309966 0.015822 0.021231
1 0.412535 0.205915 0.015822 0.021231
1 0.506611 0.198103 0.015822 0.021231
1 0.600688 0.179179 0.015822 0.021231
1 0.694764 0.163333 0.015822 0.021231
1 0.788841 0.185214 0.015822 0.021231
1 0.882917 0.186530 0.015822 0.021231
1 0.976994 0.170786 0.015822 0.021231