5 0.091177 0.689051 0.015873 0.021254
5 0.201848 0.610525 0.015873 0.021254
5 0.312519 0.643356 0.015873 0.021254
5 0.423190 0.511407 0.015873 0.021254
5 0.533873 0.382254 0.015873 0.021254
5 0.644544 0.240288 0.015873 0.021254
5 0.755215 0.202559 0.015873 0.021254
5 0.865886 0.147695 0.015873 0.021254
5 0.976557 0.168356 0.015873 0.021254
3 0.091177 0.735254 0.015873 0.021254
3 0.171671 0.711407 0.015873 0.021254
3 0.252152 0.692831 0.015873 0.021254
3 0.332646 0.732847 0.015873 0.021254
3 0.413139 0.692746 0.015873 0.021254
3 0.493620 0.737186 0.015873 0.021254
3 0.574114 0.680508 0.015873 0.021254
3 0.654608 0.743983 0.015873 0.021254
3 0.735089 0.648525 0.015873 0.021254
3 0.815582 0.722695 0.015873 0.021254
3 0.896076 0.631424 0.015873 0.021254
3 0.976557 0.396881 0.015873 0.021254
2 0.091177 0.752119 0.015873 0.021254
2 0.171671 0.711932 0.015873 0.021254
2 0.252152 0.674932 0.015873 0.021254
2 0.332646 0.649220 0.015873 0.021254
2 0.413139 0.637068 0.015873 0.021254
2 0.493620 0.674322 0.015873 0.021254
2 0.574114 0.664881 0.015873 0.021254
2 0.654608 0.702102 0.015873 0.021254
2 0.735089 0.612898 0.015873 0.021254
2 0.815582 0.674576 0.015873 0.021254
2 0.896076 0.768017 0.015873 0.021254
2 0.976557 0.908678 0.015873 0.021254