1 0.127879 0.503752 0.022688 0.030444
1 0.222401 0.596966 0.022688 0.030444
1 0.316924 0.598111 0.022688 0.030444
1 0.411446 0.591923 0.022688 0.030444
1 0.505968 0.689274 0.022688 0.030444
1 0.600490 0.646214 0.022688 0.030444
1 0.695013 0.642949 0.022688 0.030444
1 0.789535 0.772453 0.022688 0.030444
1 0.884057 0.729359 0.022688 0.030444
1 0.978580 0.832179 0.022688 0.030444
6 0.127879 0.799701 0.022688 0.030444
6 0.212949 0.516333 0.022688 0.030444
6 0.298019 0.383085 0.022688 0.030444
6 0.383089 0.299752 0.022688 0.030444
6 0.468159 0.250778 0.022688 0.030444
6 0.553229 0.231256 0.022688 0.030444
6 0.638299 0.145821 0.022688 0.030444
6 0.723369 0.225974 0.022688 0.030444
6 0.808439 0.155444 0.022688 0.030444
6 0.893510 0.155444 0.022688 0.030444
6 0.978580 0.185786 0.022688 0.030444
4 0.127879 0.710624 0.022688 0.030444
4 0.205217 0.660590 0.022688 0.030444
4 0.282554 0.599991 0.022688 0.030444
4 0.359892 0.573410 0.022688 0.030444
4 0.437229 0.351803 0.022688 0.030444
4 0.514567 0.391752 0.022688 0.030444
4 0.591904 0.230231 0.022688 0.030444
4 0.669242 0.213120 0.022688 0.030444
4 0.746567 0.179308 0.022688 0.030444
4 0.823904 0.166111 0.022688 0.030444
4 0.901242 0.097342 0.022688 0.030444
4 0.978580 0.117701 0.022688 0.030444
0 0.127879 0.744675 0.022688 0.030444
0 0.188643 0.647838 0.022688 0.030444
0 0.249408 0.570658 0.022688 0.030444
0 0.310172 0.518350 0.022688 0.030444
0 0.370936 0.429872 0.022688 0.030444
0 0.431701 0.391906 0.022688 0.030444
0 0.492465 0.372778 0.022688 0.030444
0 0.553229 0.323598 0.022688 0.030444
0 0.613994 0.407085 0.022688 0.030444
0 0.674758 0.349239 0.022688 0.030444
0 0.735522 0.246829 0.022688 0.030444
0 0.796287 0.219017 0.022688 0.030444
0 0.857051 0.219154 0.022688 0.030444
0 0.917815 0.198778 0.022688 0.030444
0 0.978580 0.208607 0.022688 0.030444