7 0.096872 0.807010 0.017576 0.023595
7 0.223458 0.409446 0.017576 0.023595
7 0.350032 0.274012 0.017576 0.023595
7 0.476618 0.217760 0.017576 0.023595
7 0.603204 0.191814 0.017576 0.023595
7 0.729778 0.173450 0.017576 0.023595
7 0.856364 0.111814 0.017576 0.023595
7 0.982951 0.158646 0.017576 0.023595
3 0.096872 0.769310 0.017576 0.023595
3 0.244549 0.455307 0.017576 0.023595
3 0.392227 0.284744 0.017576 0.023595
3 0.539905 0.196465 0.017576 0.023595
3 0.687595 0.243450 0.017576 0.023595
3 0.835273 0.223382 0.017576 0.023595
3 0.982951 0.225647 0.017576 0.023595
4 0.096872 0.803825 0.017576 0.023595
4 0.185476 0.435017 0.017576 0.023595
4 0.274093 0.292836 0.017576 0.023595
4 0.362697 0.249770 0.017576 0.023595
4 0.451301 0.195801 0.017576 0.023595
4 0.539905 0.206840 0.017576 0.023595
4 0.628522 0.184506 0.017576 0.023595
4 0.717126 0.133058 0.017576 0.023595
4 0.805730 0.216704 0.017576 0.023595
4 0.894346 0.080043 0.017576 0.023595
4 0.982951 0.200997 0.017576 0.023595
2 0.096872 0.813586 0.017576 0.023595
2 0.185476 0.750043 0.017576 0.023595
2 0.274093 0.843739 0.017576 0.023595
2 0.362697 0.914250 0.017576 0.023595
2 0.451301 0.893211 0.017576 0.023595
2 0.539905 0.914250 0.017576 0.023595
2 0.628522 0.902138 0.017576 0.023595
2 0.717126 0.914250 0.017576 0.023595
2 0.805730 0.914250 0.017576 0.023595
2 0.894346 0.914250 0.017576 0.023595
2 0.982951 0.914250 0.017576 0.023595
5 0.096872 0.896141 0.017576 0.023595
5 0.223458 0.569429 0.017576 0.023595
5 0.350032 0.503484 0.017576 0.023595
5 0.476618 0.412973 0.017576 0.023595
5 0.603204 0.393995 0.017576 0.023595
5 0.729778 0.303041 0.017576 0.023595
5 0.856364 0.293671 0.017576 0.023595
5 0.982951 0.256278 0.017576 0.023595
0 0.096872 0.802376 0.017576 0.023595
0 0.207633 0.813552 0.017576 0.023595
0 0.318395 0.765153 0.017576 0.023595
0 0.429156 0.747283 0.017576 0.023595
0 0.539905 0.705937 0.017576 0.023595
0 0.650666 0.620520 0.017576 0.023595
0 0.761428 0.649037 0.017576 0.023595
0 0.872189 0.563535 0.017576 0.023595
0 0.982951 0.606925 0.017576 0.023595