6 0.086141 0.743263 0.010431 0.013949
6 0.198764 0.685551 0.010431 0.013949
6 0.311401 0.662415 0.010431 0.013949
6 0.424024 0.583398 0.010431 0.013949
6 0.536648 0.635314 0.010431 0.013949
6 0.649284 0.602822 0.010431 0.013949
6 0.761907 0.424076 0.010431 0.013949
6 0.874544 0.595246 0.010431 0.013949
6 0.987167 0.581551 0.010431 0.013949
3 0.086141 0.841686 0.010431 0.013949
3 0.198764 0.578500 0.010431 0.013949
3 0.311401 0.475992 0.010431 0.013949
3 0.424024 0.380381 0.010431 0.013949
3 0.536648 0.281008 0.010431 0.013949
3 0.649284 0.278992 0.010431 0.013949
3 0.761907 0.236568 0.010431 0.013949
3 0.874544 0.218669 0.010431 0.013949
3 0.987167 0.204398 0.010431 0.013949
7 0.086141 0.652839 0.010431 0.013949
7 0.176242 0.670364 0.010431 0.013949
7 0.266343 0.684686 0.010431 0.013949
7 0.356445 0.747890 0.010431 0.013949
7 0.446546 0.716754 0.010431 0.013949
7 0.536648 0.722415 0.010431 0.013949
7 0.626762 0.750992 0.010431 0.013949
7 0.716863 0.728229 0.010431 0.013949
7 0.806965 0.763873 0.010431 0.013949
7 0.897066 0.778839 0.010431 0.013949
7 0.987167 0.822059 0.010431 0.013949