1 0.110673 0.649080 0.017030 0.022862
1 0.217741 0.668177 0.017030 0.022862
1 0.324822 0.584276 0.017030 0.022862
1 0.431891 0.537888 0.017030 0.022862
1 0.538972 0.490034 0.017030 0.022862
1 0.646041 0.308637 0.017030 0.022862
1 0.753122 0.242760 0.017030 0.022862
1 0.860190 0.207700 0.017030 0.022862
1 0.967272 0.252658 0.017030 0.022862
3 0.110673 0.768245 0.017030 0.022862
3 0.205850 0.747445 0.017030 0.022862
3 0.301028 0.811601 0.017030 0.022862
3 0.396206 0.739659 0.017030 0.022862
3 0.491383 0.777768 0.017030 0.022862
3 0.586561 0.778739 0.017030 0.022862
3 0.681739 0.805400 0.017030 0.022862
3 0.776916 0.708348 0.017030 0.022862
3 0.872094 0.445928 0.017030 0.022862
3 0.967272 0.175860 0.017030 0.022862