0 0.087380 0.800627 0.010380 0.013898
0 0.146658 0.841644 0.010380 0.013898
0 0.205937 0.821119 0.010380 0.013898
0 0.265215 0.816831 0.010380 0.013898
0 0.324494 0.820932 0.010380 0.013898
0 0.383772 0.809102 0.010380 0.013898
0 0.443051 0.815424 0.010380 0.013898
0 0.502329 0.837475 0.010380 0.013898
0 0.561608 0.780119 0.010380 0.013898
0 0.620886 0.812000 0.010380 0.013898
0 0.680165 0.817508 0.010380 0.013898
0 0.739443 0.809051 0.010380 0.013898
0 0.798722 0.816729 0.010380 0.013898
0 0.858000 0.847746 0.010380 0.013898
0 0.917278 0.899881 0.010380 0.013898
0 0.976557 0.913763 0.010380 0.013898
1 0.087380 0.629305 0.010380 0.013898
1 0.176304 0.626881 0.010380 0.013898
1 0.265215 0.652119 0.010380 0.013898
1 0.354139 0.629831 0.010380 0.013898
1 0.443051 0.658220 0.010380 0.013898
1 0.531975 0.639254 0.010380 0.013898
1 0.620886 0.634864 0.010380 0.013898
1 0.709810 0.618356 0.010380 0.013898
1 0.798722 0.657797 0.010380 0.013898
1 0.887646 0.704186 0.010380 0.013898
1 0.976557 0.913763 0.010380 0.013898
5 0.087380 0.795000 0.010380 0.013898
5 0.168215 0.767576 0.010380 0.013898
5 0.249051 0.759729 0.010380 0.013898
5 0.329886 0.725424 0.010380 0.013898
5 0.410722 0.657220 0.010380 0.013898
5 0.491557 0.630627 0.010380 0.013898
5 0.572392 0.548780 0.010380 0.013898
5 0.653228 0.459458 0.010380 0.013898
5 0.734063 0.398254 0.010380 0.013898
5 0.814899 0.355678 0.010380 0.013898
5 0.895722 0.308864 0.010380 0.013898
5 0.976557 0.264712 0.010380 0.013898