4 0.106865 0.681956 0.018680 0.025034
4 0.252652 0.657143 0.018680 0.025034
4 0.398439 0.649728 0.018680 0.025034
4 0.544226 0.698299 0.018680 0.025034
4 0.690025 0.693707 0.018680 0.025034
4 0.835812 0.760952 0.018680 0.025034
4 0.981599 0.824949 0.018680 0.025034
6 0.106865 0.667636 0.018680 0.025034
6 0.165178 0.619337 0.018680 0.025034
6 0.223490 0.675459 0.018680 0.025034
6 0.281815 0.604626 0.018680 0.025034
6 0.340127 0.695680 0.018680 0.025034
6 0.398439 0.682517 0.018680 0.025034
6 0.456764 0.679898 0.018680 0.025034
6 0.515076 0.588810 0.018680 0.025034
6 0.573388 0.625561 0.018680 0.025034
6 0.631701 0.562364 0.018680 0.025034
6 0.690025 0.489626 0.018680 0.025034
6 0.748338 0.390952 0.018680 0.025034
6 0.806650 0.465051 0.018680 0.025034
6 0.864975 0.365374 0.018680 0.025034
6 0.923287 0.397364 0.018680 0.025034
6 0.981599 0.311293 0.018680 0.025034
3 0.106865 0.695646 0.018680 0.025034
3 0.216206 0.545017 0.018680 0.025034
3 0.325546 0.456616 0.018680 0.025034
3 0.434886 0.481854 0.018680 0.025034
3 0.544226 0.286361 0.018680 0.025034
3 0.653579 0.237194 0.018680 0.025034
3 0.762919 0.210493 0.018680 0.025034
3 0.872259 0.199354 0.018680 0.025034
3 0.981599 0.130697 0.018680 0.025034
5 0.106865 0.597874 0.018680 0.025034
5 0.252652 0.628997 0.018680 0.025034
5 0.398439 0.541871 0.018680 0.025034
5 0.544226 0.480697 0.018680 0.025034
5 0.690025 0.334507 0.018680 0.025034
5 0.835812 0.328146 0.018680 0.025034
5 0.981599 0.287568 0.018680 0.025034