4 0.112713 0.617726 0.015820 0.021210
4 0.190731 0.615835 0.015820 0.021210
4 0.268748 0.645494 0.015820 0.021210
4 0.346766 0.515051 0.015820 0.021210
4 0.424784 0.629855 0.015820 0.021210
4 0.502802 0.623416 0.015820 0.021210
4 0.580820 0.741269 0.015820 0.021210
4 0.658837 0.620451 0.015820 0.021210
4 0.736855 0.592462 0.015820 0.021210
4 0.814873 0.687453 0.015820 0.021210
4 0.892891 0.753194 0.015820 0.021210
4 0.970909 0.855613 0.015820 0.021210
5 0.112713 0.640724 0.015820 0.021210
5 0.190731 0.508697 0.015820 0.021210
5 0.268748 0.652138 0.015820 0.021210
5 0.346766 0.644830 0.015820 0.021210
5 0.424784 0.604046 0.015820 0.021210
5 0.502802 0.597044 0.015820 0.021210
5 0.580820 0.619719 0.015820 0.021210
5 0.658837 0.565988 0.015820 0.021210
5 0.736855 0.533348 0.015820 0.021210
5 0.814873 0.611797 0.015820 0.021210
5 0.892891 0.604693 0.015820 0.021210
5 0.970909 0.211661 0.015820 0.021210
7 0.112713 0.634932 0.015820 0.021210
7 0.198532 0.799514 0.015820 0.021210
7 0.284352 0.769821 0.015820 0.021210
7 0.370172 0.803075 0.015820 0.021210
7 0.455991 0.896022 0.015820 0.021210
7 0.541811 0.771917 0.015820 0.021210
7 0.627630 0.782070 0.015820 0.021210
7 0.713450 0.774080 0.015820 0.021210
7 0.799269 0.712888 0.015820 0.021210
7 0.885089 0.424284 0.015820 0.021210
7 0.970909 0.162240 0.015820 0.021210
0 0.112713 0.680468 0.015820 0.021210
0 0.198532 0.599259 0.015820 0.021210
0 0.284352 0.557181 0.015820 0.021210
0 0.370172 0.602666 0.015820 0.021210
0 0.455991 0.585256 0.015820 0.021210
0 0.541811 0.475068 0.015820 0.021210
0 0.627630 0.375409 0.015820 0.021210
0 0.713450 0.407164 0.015820 0.021210
0 0.799269 0.413961 0.015820 0.021210
0 0.885089 0.207112 0.015820 0.021210
0 0.970909 0.386278 0.015820 0.021210