1 0.097500 0.783737 0.015608 0.020898
1 0.164816 0.788941 0.015608 0.020898
1 0.232133 0.793415 0.015608 0.020898
1 0.299449 0.778720 0.015608 0.020898
1 0.366753 0.772195 0.015608 0.020898
1 0.434070 0.770585 0.015608 0.020898
1 0.501386 0.781992 0.015608 0.020898
1 0.568703 0.806958 0.015608 0.020898
1 0.636019 0.785025 0.015608 0.020898
1 0.703335 0.768890 0.015608 0.020898
1 0.770639 0.770059 0.015608 0.020898
1 0.837956 0.711619 0.015608 0.020898
1 0.905272 0.490568 0.015608 0.020898
1 0.972589 0.180907 0.015608 0.020898
4 0.097500 0.797924 0.015608 0.020898
4 0.164816 0.772059 0.015608 0.020898
4 0.232133 0.763619 0.015608 0.020898
4 0.299449 0.791754 0.015608 0.020898
4 0.366753 0.790381 0.015608 0.020898
4 0.434070 0.778076 0.015608 0.020898
4 0.501386 0.805585 0.015608 0.020898
4 0.568703 0.791975 0.015608 0.020898
4 0.636019 0.801076 0.015608 0.020898
4 0.703335 0.764161 0.015608 0.020898
4 0.770639 0.756839 0.015608 0.020898
4 0.837956 0.694347 0.015608 0.020898
4 0.905272 0.525212 0.015608 0.020898
4 0.972589 0.237958 0.015608 0.020898
7 0.097500 0.789449 0.015608 0.020898
7 0.185006 0.778093 0.015608 0.020898
7 0.272513 0.785636 0.015608 0.020898
7 0.360032 0.765686 0.015608 0.020898
7 0.447538 0.749754 0.015608 0.020898
7 0.535044 0.788720 0.015608 0.020898
7 0.622551 0.789076 0.015608 0.020898
7 0.710057 0.775585 0.015608 0.020898
7 0.797576 0.700737 0.015608 0.020898
7 0.885082 0.464703 0.015608 0.020898
7 0.972589 0.181229 0.015608 0.020898
2 0.097500 0.770686 0.015608 0.020898
2 0.160006 0.780331 0.015608 0.020898
2 0.222513 0.780127 0.015608 0.020898
2 0.285019 0.787958 0.015608 0.020898
2 0.347525 0.775975 0.015608 0.020898
2 0.410032 0.772483 0.015608 0.020898
2 0.472538 0.789246 0.015608 0.020898
2 0.535044 0.790941 0.015608 0.020898
2 0.597551 0.770924 0.015608 0.020898
2 0.660057 0.753449 0.015608 0.020898
2 0.722563 0.743551 0.015608 0.020898
2 0.785070 0.691602 0.015608 0.020898
2 0.847576 0.516602 0.015608 0.020898
2 0.910082 0.270025 0.015608 0.020898
2 0.972589 0.143415 0.015608 0.020898