6 0.107001 0.779284 0.014206 0.019046
6 0.215286 0.817666 0.014206 0.019046
6 0.323558 0.881227 0.014206 0.019046
6 0.431842 0.706388 0.014206 0.019046
6 0.540127 0.543101 0.014206 0.019046
6 0.648399 0.485792 0.014206 0.019046
6 0.756684 0.395775 0.014206 0.019046
6 0.864968 0.347189 0.014206 0.019046
6 0.973253 0.318552 0.014206 0.019046
3 0.107001 0.712129 0.014206 0.019046
3 0.193621 0.705196 0.014206 0.019046
3 0.280254 0.595417 0.014206 0.019046
3 0.366874 0.722351 0.014206 0.019046
3 0.453494 0.740630 0.014206 0.019046
3 0.540127 0.848756 0.014206 0.019046
3 0.626747 0.671550 0.014206 0.019046
3 0.713367 0.694753 0.014206 0.019046
3 0.800000 0.683032 0.014206 0.019046
3 0.886620 0.751908 0.014206 0.019046
3 0.973253 0.459131 0.014206 0.019046
7 0.107001 0.757445 0.014206 0.019046
7 0.193621 0.763697 0.014206 0.019046
7 0.280254 0.797172 0.014206 0.019046
7 0.366874 0.669949 0.014206 0.019046
7 0.453494 0.675860 0.014206 0.019046
7 0.540127 0.878654 0.014206 0.019046
7 0.626747 0.786542 0.014206 0.019046
7 0.713367 0.801840 0.014206 0.019046
7 0.800000 0.734855 0.014206 0.019046
7 0.886620 0.539148 0.014206 0.019046
7 0.973253 0.167308 0.014206 0.019046
4 0.107001 0.800170 0.014206 0.019046
4 0.215286 0.713492 0.014206 0.019046
4 0.323558 0.769404 0.014206 0.019046
4 0.431842 0.807172 0.014206 0.019046
4 0.540127 0.836661 0.014206 0.019046
4 0.648399 0.873901 0.014206 0.019046
4 0.756684 0.755383 0.014206 0.019046
4 0.864968 0.586491 0.014206 0.019046
4 0.973253 0.159796 0.014206 0.019046