2 0.094968 0.751025 0.016291 0.021814
2 0.193589 0.829246 0.016291 0.021814
2 0.292196 0.793517 0.016291 0.021814
2 0.390816 0.861110 0.016291 0.021814
2 0.489437 0.918178 0.016291 0.021814
2 0.588044 0.918178 0.016291 0.021814
2 0.686665 0.918178 0.016291 0.021814
2 0.785285 0.918178 0.016291 0.021814
2 0.883892 0.918178 0.016291 0.021814
2 0.982513 0.918178 0.016291 0.021814
1 0.094968 0.776178 0.016291 0.021814
1 0.205918 0.661364 0.016291 0.021814
1 0.316854 0.435924 0.016291 0.021814
1 0.427804 0.325924 0.016291 0.021814
1 0.538741 0.389602 0.016291 0.021814
1 0.649690 0.197822 0.016291 0.021814
1 0.760627 0.324280 0.016291 0.021814
1 0.871576 0.210619 0.016291 0.021814
1 0.982513 0.259500 0.016291 0.021814
0 0.094968 0.675754 0.016291 0.021814
0 0.183728 0.706754 0.016291 0.021814
0 0.272475 0.631059 0.016291 0.021814
0 0.361234 0.664178 0.016291 0.021814
0 0.449994 0.654381 0.016291 0.021814
0 0.538741 0.590364 0.016291 0.021814
0 0.627500 0.485415 0.016291 0.021814
0 0.716247 0.446093 0.016291 0.021814
0 0.805006 0.396619 0.016291 0.021814
0 0.893766 0.336551 0.016291 0.021814
0 0.982513 0.369585 0.016291 0.021814
5 0.094968 0.799873 0.016291 0.021814
5 0.183728 0.673924 0.016291 0.021814
5 0.272475 0.501822 0.016291 0.021814
5 0.361234 0.462669 0.016291 0.021814
5 0.449994 0.380669 0.016291 0.021814
5 0.538741 0.393669 0.016291 0.021814
5 0.627500 0.356585 0.016291 0.021814
5 0.716247 0.291212 0.016291 0.021814
5 0.805006 0.247737 0.016291 0.021814
5 0.893766 0.268127 0.016291 0.021814
5 0.982513 0.265568 0.016291 0.021814
6 0.094968 0.781602 0.016291 0.021814
6 0.183728 0.571568 0.016291 0.021814
6 0.272475 0.424822 0.016291 0.021814
6 0.361234 0.353941 0.016291 0.021814
6 0.449994 0.249331 0.016291 0.021814
6 0.538741 0.233347 0.016291 0.021814
6 0.627500 0.206958 0.016291 0.021814
6 0.716247 0.147924 0.016291 0.021814
6 0.805006 0.205161 0.016291 0.021814
6 0.893766 0.138364 0.016291 0.021814
6 0.982513 0.182534 0.016291 0.021814