2 0.110178 0.899438 0.015604 0.020920
2 0.196252 0.899438 0.015604 0.020920
2 0.282325 0.851175 0.015604 0.020920
2 0.368399 0.742112 0.015604 0.020920
2 0.454473 0.764736 0.015604 0.020920
2 0.540546 0.749131 0.015604 0.020920
2 0.626620 0.525997 0.015604 0.020920
2 0.712694 0.359353 0.015604 0.020920
2 0.798767 0.372589 0.015604 0.020920
2 0.884841 0.511789 0.015604 0.020920
2 0.970915 0.210647 0.015604 0.020920
4 0.110178 0.662828 0.015604 0.020920
4 0.167560 0.638876 0.015604 0.020920
4 0.224943 0.641448 0.015604 0.020920
4 0.282325 0.666951 0.015604 0.020920
4 0.339708 0.596797 0.015604 0.020920
4 0.397090 0.663305 0.015604 0.020920
4 0.454473 0.594378 0.015604 0.020920
4 0.511855 0.688024 0.015604 0.020920
4 0.569238 0.602419 0.015604 0.020920
4 0.626620 0.420187 0.015604 0.020920
4 0.684003 0.434736 0.015604 0.020920
4 0.741385 0.418756 0.015604 0.020920
4 0.798767 0.567922 0.015604 0.020920
4 0.856150 0.395980 0.015604 0.020920
4 0.913532 0.309779 0.015604 0.020920
4 0.970915 0.340290 0.015604 0.020920
3 0.110178 0.804702 0.015604 0.020920
3 0.188424 0.886882 0.015604 0.020920
3 0.266671 0.841772 0.015604 0.020920
3 0.344917 0.737598 0.015604 0.020920
3 0.423177 0.679267 0.015604 0.020920
3 0.501423 0.717530 0.015604 0.020920
3 0.579670 0.636116 0.015604 0.020920
3 0.657916 0.725503 0.015604 0.020920
3 0.736163 0.828654 0.015604 0.020920
3 0.814409 0.844923 0.015604 0.020920
3 0.892656 0.863049 0.015604 0.020920
3 0.970915 0.700239 0.015604 0.020920
6 0.110178 0.793475 0.015604 0.020920
6 0.171665 0.729148 0.015604 0.020920
6 0.233139 0.723697 0.015604 0.020920
6 0.294625 0.802300 0.015604 0.020920
6 0.356099 0.701738 0.015604 0.020920
6 0.417586 0.625571 0.015604 0.020920
6 0.479060 0.830358 0.015604 0.020920
6 0.540546 0.899438 0.015604 0.020920
6 0.602020 0.783526 0.015604 0.020920
6 0.663507 0.850767 0.015604 0.020920
6 0.724981 0.722470 0.015604 0.020920
6 0.786468 0.702095 0.015604 0.020920
6 0.847954 0.560886 0.015604 0.020920
6 0.909428 0.319284 0.015604 0.020920
6 0.970915 0.246269 0.015604 0.020920