3 0.087386 0.799992 0.014114 0.018898
3 0.186184 0.791161 0.014114 0.018898
3 0.284981 0.790822 0.014114 0.018898
3 0.383778 0.786941 0.014114 0.018898
3 0.482576 0.790042 0.014114 0.018898
3 0.581373 0.776432 0.014114 0.018898
3 0.680171 0.795263 0.014114 0.018898
3 0.778968 0.689551 0.014114 0.018898
3 0.877766 0.418297 0.014114 0.018898
3 0.976563 0.154517 0.014114 0.018898
2 0.087386 0.693754 0.014114 0.018898
2 0.186184 0.677364 0.014114 0.018898
2 0.284981 0.603161 0.014114 0.018898
2 0.383778 0.579331 0.014114 0.018898
2 0.482576 0.459737 0.014114 0.018898
2 0.581373 0.372381 0.014114 0.018898
2 0.680171 0.272483 0.014114 0.018898
2 0.778968 0.234839 0.014114 0.018898
2 0.877766 0.199754 0.014114 0.018898
2 0.976563 0.179093 0.014114 0.018898