4 0.092443 0.793610 0.011165 0.014949
4 0.151772 0.637559 0.011165 0.014949
4 0.211114 0.489271 0.011165 0.014949
4 0.270456 0.375661 0.011165 0.014949
4 0.329797 0.347508 0.011165 0.014949
4 0.389127 0.205000 0.011165 0.014949
4 0.448468 0.215373 0.011165 0.014949
4 0.507810 0.124220 0.011165 0.014949
4 0.567152 0.227559 0.011165 0.014949
4 0.626481 0.166780 0.011165 0.014949
4 0.685823 0.250305 0.011165 0.014949
4 0.745165 0.167644 0.011165 0.014949
4 0.804494 0.187559 0.011165 0.014949
4 0.863835 0.138610 0.011165 0.014949
4 0.923177 0.140983 0.011165 0.014949
4 0.982519 0.152000 0.011165 0.014949
0 0.092443 0.703356 0.011165 0.014949
0 0.181443 0.591763 0.011165 0.014949
0 0.270456 0.686695 0.011165 0.014949
0 0.359456 0.549407 0.011165 0.014949
0 0.448468 0.517542 0.011165 0.014949
0 0.537481 0.470847 0.011165 0.014949
0 0.626481 0.342746 0.011165 0.014949
0 0.715494 0.262780 0.011165 0.014949
0 0.804494 0.253119 0.011165 0.014949
0 0.893506 0.321288 0.011165 0.014949
0 0.982519 0.204390 0.011165 0.014949
3 0.092443 0.685898 0.011165 0.014949
3 0.181443 0.783034 0.011165 0.014949
3 0.270456 0.721068 0.011165 0.014949
3 0.359456 0.732898 0.011165 0.014949
3 0.448468 0.868254 0.011165 0.014949
3 0.537481 0.822169 0.011165 0.014949
3 0.626481 0.833983 0.011165 0.014949
3 0.715494 0.882644 0.011165 0.014949
3 0.804494 0.921559 0.011165 0.014949
3 0.893506 0.918559 0.011165 0.014949
3 0.982519 0.921559 0.011165 0.014949
6 0.092443 0.664475 0.011165 0.014949
6 0.173354 0.632492 0.011165 0.014949
6 0.254266 0.617610 0.011165 0.014949
6 0.335190 0.494763 0.011165 0.014949
6 0.416101 0.387610 0.011165 0.014949
6 0.497025 0.400390 0.011165 0.014949
6 0.577937 0.341864 0.011165 0.014949
6 0.658848 0.337593 0.011165 0.014949
6 0.739772 0.269068 0.011165 0.014949
6 0.820684 0.172542 0.011165 0.014949
6 0.901595 0.147000 0.011165 0.014949
6 0.982519 0.066492 0.011165 0.014949
7 0.092443 0.798254 0.011165 0.014949
7 0.191342 0.720305 0.011165 0.014949
7 0.290228 0.692390 0.011165 0.014949
7 0.389127 0.565441 0.011165 0.014949
7 0.488025 0.430051 0.011165 0.014949
7 0.586924 0.403220 0.011165 0.014949
7 0.685823 0.449932 0.011165 0.014949
7 0.784722 0.334847 0.011165 0.014949
7 0.883620 0.340915 0.011165 0.014949
7 0.982519 0.294983 0.011165 0.014949