2 0.101796 0.635723 0.016510 0.022126
2 0.188813 0.873971 0.016510 0.022126
2 0.275831 0.842560 0.016510 0.022126
2 0.362862 0.814651 0.016510 0.022126
2 0.449879 0.763138 0.016510 0.022126
2 0.536897 0.832985 0.016510 0.022126
2 0.623928 0.662151 0.016510 0.022126
2 0.710945 0.829005 0.016510 0.022126
2 0.797963 0.887474 0.016510 0.022126
2 0.884994 0.654889 0.016510 0.022126
2 0.972011 0.340876 0.016510 0.022126
6 0.101796 0.824447 0.016510 0.022126
6 0.180907 0.747713 0.016510 0.022126
6 0.260006 0.730825 0.016510 0.022126
6 0.339118 0.898206 0.016510 0.022126
6 0.418230 0.801981 0.016510 0.022126
6 0.497341 0.741131 0.016510 0.022126
6 0.576453 0.891097 0.016510 0.022126
6 0.655565 0.620077 0.016510 0.022126
6 0.734676 0.803529 0.016510 0.022126
6 0.813788 0.780757 0.016510 0.022126
6 0.892900 0.273393 0.016510 0.022126
6 0.972011 0.265434 0.016510 0.022126
7 0.101796 0.602389 0.016510 0.022126
7 0.188813 0.693223 0.016510 0.022126
7 0.275831 0.632645 0.016510 0.022126
7 0.362862 0.632628 0.016510 0.022126
7 0.449879 0.612474 0.016510 0.022126
7 0.536897 0.722577 0.016510 0.022126
7 0.623928 0.762236 0.016510 0.022126
7 0.710945 0.627543 0.016510 0.022126
7 0.797963 0.549039 0.016510 0.022126
7 0.884994 0.446947 0.016510 0.022126
7 0.972011 0.039124 0.016510 0.022126