4 0.095291 0.823661 0.015316 0.020508
4 0.222190 0.603542 0.015316 0.020508
4 0.349101 0.416678 0.015316 0.020508
4 0.476000 0.391373 0.015316 0.020508
4 0.602911 0.344356 0.015316 0.020508
4 0.729810 0.243220 0.015316 0.020508
4 0.856722 0.234797 0.015316 0.020508
4 0.983620 0.178915 0.015316 0.020508
6 0.095291 0.800000 0.015316 0.020508
6 0.206329 0.659915 0.015316 0.020508
6 0.317367 0.429085 0.015316 0.020508
6 0.428418 0.430881 0.015316 0.020508
6 0.539456 0.318949 0.015316 0.020508
6 0.650494 0.344542 0.015316 0.020508
6 0.761544 0.193017 0.015316 0.020508
6 0.872582 0.258169 0.015316 0.020508
6 0.983620 0.292237 0.015316 0.020508
3 0.095291 0.588542 0.015316 0.020508
3 0.222190 0.686593 0.015316 0.020508
3 0.349101 0.752915 0.015316 0.020508
3 0.476000 0.807831 0.015316 0.020508
3 0.602911 0.769051 0.015316 0.020508
3 0.729810 0.914780 0.015316 0.020508
3 0.856722 0.891576 0.015316 0.020508
3 0.983620 0.914780 0.015316 0.020508
7 0.095291 0.752136 0.015316 0.020508
7 0.176051 0.502508 0.015316 0.020508
7 0.256810 0.367678 0.015316 0.020508
7 0.337557 0.252085 0.015316 0.020508
7 0.418316 0.197254 0.015316 0.020508
7 0.499076 0.174034 0.015316 0.020508
7 0.579835 0.146390 0.015316 0.020508
7 0.660595 0.201831 0.015316 0.020508
7 0.741354 0.163831 0.015316 0.020508
7 0.822114 0.132932 0.015316 0.020508
7 0.902861 0.090678 0.015316 0.020508
7 0.983620 0.172220 0.015316 0.020508