7 0.108266 0.637998 0.016760 0.022470
7 0.231836 0.607675 0.016760 0.022470
7 0.355407 0.580468 0.016760 0.022470
7 0.478977 0.586107 0.016760 0.022470
7 0.602535 0.658901 0.016760 0.022470
7 0.726105 0.642325 0.016760 0.022470
7 0.849676 0.627061 0.016760 0.022470
7 0.973247 0.867164 0.016760 0.022470
0 0.108266 0.747470 0.016760 0.022470
0 0.231836 0.622240 0.016760 0.022470
0 0.355407 0.661422 0.016760 0.022470
0 0.478977 0.581508 0.016760 0.022470
0 0.602535 0.462632 0.016760 0.022470
0 0.726105 0.385647 0.016760 0.022470
0 0.849676 0.323637 0.016760 0.022470
0 0.973247 0.241917 0.016760 0.022470
2 0.108266 0.801474 0.016760 0.022470
2 0.186906 0.815698 0.016760 0.022470
2 0.265534 0.815545 0.016760 0.022470
2 0.344174 0.767675 0.016760 0.022470
2 0.422802 0.776158 0.016760 0.022470
2 0.501442 0.759702 0.016760 0.022470
2 0.580070 0.826261 0.016760 0.022470
2 0.658710 0.781917 0.016760 0.022470
2 0.737338 0.713313 0.016760 0.022470
2 0.815978 0.691457 0.016760 0.022470
2 0.894606 0.553944 0.016760 0.022470
2 0.973247 0.218816 0.016760 0.022470
1 0.108266 0.733211 0.016760 0.022470
1 0.204377 0.745170 0.016760 0.022470
1 0.300489 0.795954 0.016760 0.022470
1 0.396588 0.714250 0.016760 0.022470
1 0.492700 0.591882 0.016760 0.022470
1 0.588812 0.592087 0.016760 0.022470
1 0.684924 0.489600 0.016760 0.022470
1 0.781023 0.320656 0.016760 0.022470
1 0.877135 0.228237 0.016760 0.022470
1 0.973247 0.194864 0.016760 0.022470
4 0.108266 0.726431 0.016760 0.022470
4 0.216385 0.674421 0.016760 0.022470
4 0.324517 0.550860 0.016760 0.022470
4 0.432637 0.541746 0.016760 0.022470
4 0.540756 0.389974 0.016760 0.022470
4 0.648875 0.324540 0.016760 0.022470
4 0.756995 0.259838 0.016760 0.022470
4 0.865127 0.187998 0.016760 0.022470
4 0.973247 0.148646 0.016760 0.022470
3 0.108266 0.765920 0.016760 0.022470
3 0.194771 0.878765 0.016760 0.022470
3 0.281264 0.787198 0.016760 0.022470
3 0.367757 0.734557 0.016760 0.022470
3 0.454263 0.741388 0.016760 0.022470
3 0.540756 0.794830 0.016760 0.022470
3 0.627249 0.762973 0.016760 0.022470
3 0.713755 0.782836 0.016760 0.022470
3 0.800248 0.726533 0.016760 0.022470
3 0.886753 0.324830 0.016760 0.022470
3 0.973247 0.151014 0.016760 0.022470