7 0.135089 0.851906 0.015325 0.020564
7 0.228439 0.425872 0.015325 0.020564
7 0.321803 0.290966 0.015325 0.020564
7 0.415166 0.208590 0.015325 0.020564
7 0.508529 0.176795 0.015325 0.020564
7 0.601879 0.170026 0.015325 0.020564
7 0.695242 0.154624 0.015325 0.020564
7 0.788605 0.169615 0.015325 0.020564
7 0.881955 0.136350 0.015325 0.020564
7 0.975318 0.131427 0.015325 0.020564
0 0.135089 0.815325 0.015325 0.020564
0 0.219115 0.764658 0.015325 0.020564
0 0.303127 0.622778 0.015325 0.020564
0 0.387153 0.659530 0.015325 0.020564
0 0.471178 0.496556 0.015325 0.020564
0 0.555204 0.553838 0.015325 0.020564
0 0.639229 0.493274 0.015325 0.020564
0 0.723255 0.452111 0.015325 0.020564
0 0.807268 0.356299 0.015325 0.020564
0 0.891293 0.403051 0.015325 0.020564
0 0.975318 0.314949 0.015325 0.020564
6 0.135089 0.699684 0.015325 0.020564
6 0.219115 0.614453 0.015325 0.020564
6 0.303127 0.615479 0.015325 0.020564
6 0.387153 0.565718 0.015325 0.020564
6 0.471178 0.473462 0.015325 0.020564
6 0.555204 0.443838 0.015325 0.020564
6 0.639229 0.413137 0.015325 0.020564
6 0.723255 0.270385 0.015325 0.020564
6 0.807268 0.219444 0.015325 0.020564
6 0.891293 0.253000 0.015325 0.020564
6 0.975318 0.297222 0.015325 0.020564
1 0.135089 0.813974 0.015325 0.020564
1 0.219115 0.471855 0.015325 0.020564
1 0.303127 0.303256 0.015325 0.020564
1 0.387153 0.251906 0.015325 0.020564
1 0.471178 0.205103 0.015325 0.020564
1 0.555204 0.195769 0.015325 0.020564
1 0.639229 0.246179 0.015325 0.020564
1 0.723255 0.217205 0.015325 0.020564
1 0.807268 0.147803 0.015325 0.020564
1 0.891293 0.140897 0.015325 0.020564
1 0.975318 0.194761 0.015325 0.020564
3 0.135089 0.523974 0.015325 0.020564
3 0.228439 0.589667 0.015325 0.020564
3 0.321803 0.524709 0.015325 0.020564
3 0.415166 0.424179 0.015325 0.020564
3 0.508529 0.321462 0.015325 0.020564
3 0.601879 0.231769 0.015325 0.020564
3 0.695242 0.242077 0.015325 0.020564
3 0.788605 0.114043 0.015325 0.020564
3 0.881955 0.051291 0.015325 0.020564
3 0.975318 0.051291 0.015325 0.020564