6 0.130306 0.707231 0.014191 0.019043
6 0.234675 0.709231 0.014191 0.019043
6 0.339045 0.670427 0.014191 0.019043
6 0.443414 0.672342 0.014191 0.019043
6 0.547771 0.654991 0.014191 0.019043
6 0.652140 0.599060 0.014191 0.019043
6 0.756510 0.502957 0.014191 0.019043
6 0.860866 0.415026 0.014191 0.019043
6 0.965236 0.475009 0.014191 0.019043
0 0.130306 0.731026 0.014191 0.019043
0 0.249580 0.744513 0.014191 0.019043
0 0.368866 0.728325 0.014191 0.019043
0 0.488140 0.658650 0.014191 0.019043
0 0.607414 0.555829 0.014191 0.019043
0 0.726688 0.509487 0.014191 0.019043
0 0.845962 0.464239 0.014191 0.019043
0 0.965236 0.338068 0.014191 0.019043
1 0.130306 0.603641 0.014191 0.019043
1 0.269465 0.612598 0.014191 0.019043
1 0.408624 0.566291 0.014191 0.019043
1 0.547771 0.560222 0.014191 0.019043
1 0.686930 0.575094 0.014191 0.019043
1 0.826076 0.505060 0.014191 0.019043
1 0.965236 0.092308 0.014191 0.019043
3 0.130306 0.612889 0.014191 0.019043
3 0.213809 0.623077 0.014191 0.019043
3 0.297299 0.616701 0.014191 0.019043
3 0.380790 0.581060 0.014191 0.019043
3 0.464280 0.630137 0.014191 0.019043
3 0.547771 0.609368 0.014191 0.019043
3 0.631261 0.595419 0.014191 0.019043
3 0.714764 0.606906 0.014191 0.019043
3 0.798255 0.641077 0.014191 0.019043
3 0.881745 0.583504 0.014191 0.019043
3 0.965236 0.616923 0.014191 0.019043