7 0.140854 0.597368 0.021019 0.028205
7 0.204038 0.521761 0.021019 0.028205
7 0.267223 0.525863 0.021019 0.028205
7 0.330408 0.572547 0.021019 0.028205
7 0.393592 0.562547 0.021019 0.028205
7 0.456777 0.495863 0.021019 0.028205
7 0.519949 0.600205 0.021019 0.028205
7 0.583134 0.487419 0.021019 0.028205
7 0.646318 0.531350 0.021019 0.028205
7 0.709503 0.538444 0.021019 0.028205
7 0.772688 0.649829 0.021019 0.028205
7 0.835873 0.577675 0.021019 0.028205
7 0.899045 0.515607 0.021019 0.028205
7 0.962229 0.642308 0.021019 0.028205
3 0.140854 0.772034 0.021019 0.028205
3 0.277758 0.673932 0.021019 0.028205
3 0.414650 0.599128 0.021019 0.028205
3 0.551541 0.492718 0.021019 0.028205
3 0.688446 0.441778 0.021019 0.028205
3 0.825338 0.366991 0.021019 0.028205
3 0.962229 0.305521 0.021019 0.028205
5 0.140854 0.793248 0.021019 0.028205
5 0.258191 0.739778 0.021019 0.028205
5 0.375541 0.753863 0.021019 0.028205
5 0.492879 0.731385 0.021019 0.028205
5 0.610217 0.706803 0.021019 0.028205
5 0.727554 0.763350 0.021019 0.028205
5 0.844892 0.555624 0.021019 0.028205
5 0.962229 0.161128 0.021019 0.028205
2 0.140854 0.721197 0.021019 0.028205
2 0.209312 0.717726 0.021019 0.028205
2 0.277758 0.775949 0.021019 0.028205
2 0.346204 0.742410 0.021019 0.028205
2 0.414650 0.724376 0.021019 0.028205
2 0.483096 0.751333 0.021019 0.028205
2 0.551541 0.733897 0.021019 0.028205
2 0.619987 0.732085 0.021019 0.028205
2 0.688446 0.737094 0.021019 0.028205
2 0.756892 0.713026 0.021019 0.028205
2 0.825338 0.757402 0.021019 0.028205
2 0.893783 0.600274 0.021019 0.028205
2 0.962229 0.182120 0.021019 0.028205
6 0.140854 0.596513 0.021019 0.028205
6 0.195618 0.633880 0.021019 0.028205
6 0.250369 0.616393 0.021019 0.028205
6 0.305134 0.566496 0.021019 0.028205
6 0.359885 0.506872 0.021019 0.028205
6 0.414650 0.498786 0.021019 0.028205
6 0.469401 0.404325 0.021019 0.028205
6 0.524166 0.363556 0.021019 0.028205
6 0.578930 0.322308 0.021019 0.028205
6 0.633682 0.278650 0.021019 0.028205
6 0.688446 0.256188 0.021019 0.028205
6 0.743197 0.285915 0.021019 0.028205
6 0.797962 0.244803 0.021019 0.028205
6 0.852713 0.193316 0.021019 0.028205
6 0.907478 0.182957 0.021019 0.028205
6 0.962229 0.258940 0.021019 0.028205