0 0.090025 0.836881 0.015361 0.020542
0 0.146033 0.744356 0.015361 0.020542
0 0.202028 0.701305 0.015361 0.020542
0 0.258035 0.836271 0.015361 0.020542
0 0.314030 0.651441 0.015361 0.020542
0 0.370038 0.610542 0.015361 0.020542
0 0.426033 0.561119 0.015361 0.020542
0 0.482041 0.505576 0.015361 0.020542
0 0.538048 0.506695 0.015361 0.020542
0 0.594043 0.411627 0.015361 0.020542
0 0.650051 0.404254 0.015361 0.020542
0 0.706046 0.392085 0.015361 0.020542
0 0.762053 0.364254 0.015361 0.020542
0 0.818048 0.296305 0.015361 0.020542
0 0.874056 0.315915 0.015361 0.020542
0 0.930063 0.252932 0.015361 0.020542
0 0.986058 0.220203 0.015361 0.020542
2 0.090025 0.636254 0.015361 0.020542
2 0.218035 0.534458 0.015361 0.020542
2 0.346033 0.430424 0.015361 0.020542
2 0.474043 0.362797 0.015361 0.020542
2 0.602041 0.230695 0.015361 0.020542
2 0.730051 0.175610 0.015361 0.020542
2 0.858061 0.161102 0.015361 0.020542
2 0.986058 0.061593 0.015361 0.020542
6 0.090025 0.792559 0.015361 0.020542
6 0.189582 0.512407 0.015361 0.020542
6 0.289138 0.360237 0.015361 0.020542
6 0.388707 0.343508 0.015361 0.020542
6 0.488264 0.265610 0.015361 0.020542
6 0.587820 0.212356 0.015361 0.020542
6 0.687376 0.151678 0.015361 0.020542
6 0.786946 0.180814 0.015361 0.020542
6 0.886502 0.130136 0.015361 0.020542
6 0.986058 0.160559 0.015361 0.020542
4 0.090025 0.843881 0.015361 0.020542
4 0.189582 0.775356 0.015361 0.020542
4 0.289138 0.713525 0.015361 0.020542
4 0.388707 0.733458 0.015361 0.020542
4 0.488264 0.732017 0.015361 0.020542
4 0.587820 0.651610 0.015361 0.020542
4 0.687376 0.526220 0.015361 0.020542
4 0.786946 0.454034 0.015361 0.020542
4 0.886502 0.392780 0.015361 0.020542
4 0.986058 0.366729 0.015361 0.020542
1 0.090025 0.793068 0.015361 0.020542
1 0.239366 0.833119 0.015361 0.020542
1 0.388707 0.727339 0.015361 0.020542
1 0.538048 0.709966 0.015361 0.020542
1 0.687376 0.625864 0.015361 0.020542
1 0.836717 0.567610 0.015361 0.020542
1 0.986058 0.479186 0.015361 0.020542
3 0.090025 0.782407 0.015361 0.020542
3 0.146033 0.680136 0.015361 0.020542
3 0.202028 0.584780 0.015361 0.020542
3 0.258035 0.479034 0.015361 0.020542
3 0.314030 0.347203 0.015361 0.020542
3 0.370038 0.390627 0.015361 0.020542
3 0.426033 0.346559 0.015361 0.020542
3 0.482041 0.372288 0.015361 0.020542
3 0.538048 0.259424 0.015361 0.020542
3 0.594043 0.235390 0.015361 0.020542
3 0.650051 0.309169 0.015361 0.020542
3 0.706046 0.241576 0.015361 0.020542
3 0.762053 0.264136 0.015361 0.020542
3 0.818048 0.174102 0.015361 0.020542
3 0.874056 0.126017 0.015361 0.020542
3 0.930063 0.216153 0.015361 0.020542
3 0.986058 0.261746 0.015361 0.020542