7 0.087380 0.803814 0.014810 0.019831
7 0.187089 0.448966 0.014810 0.019831
7 0.286810 0.357915 0.014810 0.019831
7 0.386519 0.290102 0.014810 0.019831
7 0.486241 0.221542 0.014810 0.019831
7 0.585949 0.113898 0.014810 0.019831
7 0.685671 0.141763 0.014810 0.019831
7 0.785380 0.220492 0.014810 0.019831
7 0.885101 0.210220 0.014810 0.019831
7 0.984810 0.180847 0.014810 0.019831
3 0.087380 0.745898 0.014810 0.019831
3 0.147203 0.560356 0.014810 0.019831
3 0.207038 0.683763 0.014810 0.019831
3 0.266861 0.552322 0.014810 0.019831
3 0.326696 0.558068 0.014810 0.019831
3 0.386519 0.633915 0.014810 0.019831
3 0.446354 0.774508 0.014810 0.019831
3 0.506177 0.667593 0.014810 0.019831
3 0.566013 0.441831 0.014810 0.019831
3 0.625835 0.486661 0.014810 0.019831
3 0.685671 0.305983 0.014810 0.019831
3 0.745494 0.290322 0.014810 0.019831
3 0.805329 0.382542 0.014810 0.019831
3 0.865152 0.173508 0.014810 0.019831
3 0.924987 0.039034 0.014810 0.019831
3 0.984810 0.113068 0.014810 0.019831
5 0.087380 0.837831 0.014810 0.019831
5 0.215582 0.811763 0.014810 0.019831
5 0.343785 0.660034 0.014810 0.019831
5 0.471987 0.392593 0.014810 0.019831
5 0.600203 0.205339 0.014810 0.019831
5 0.728405 0.148576 0.014810 0.019831
5 0.856608 0.092017 0.014810 0.019831
5 0.984810 0.032203 0.014810 0.019831
6 0.087380 0.739712 0.014810 0.019831
6 0.177127 0.560322 0.014810 0.019831
6 0.266861 0.436847 0.014810 0.019831
6 0.356608 0.183881 0.014810 0.019831
6 0.446354 0.145271 0.014810 0.019831
6 0.536089 0.176525 0.014810 0.019831
6 0.625835 0.295610 0.014810 0.019831
6 0.715582 0.141915 0.014810 0.019831
6 0.805329 0.274271 0.014810 0.019831
6 0.895063 0.199508 0.014810 0.019831
6 0.984810 0.157508 0.014810 0.019831
0 0.087380 0.742203 0.014810 0.019831
0 0.177127 0.659492 0.014810 0.019831
0 0.266861 0.704915 0.014810 0.019831
0 0.356608 0.683051 0.014810 0.019831
0 0.446354 0.684373 0.014810 0.019831
0 0.536089 0.787051 0.014810 0.019831
0 0.625835 0.811932 0.014810 0.019831
0 0.715582 0.717831 0.014810 0.019831
0 0.805329 0.696271 0.014810 0.019831
0 0.895063 0.809237 0.014810 0.019831
0 0.984810 0.736254 0.014810 0.019831