4 0.087373 0.820907 0.013608 0.018220
4 0.186171 0.786025 0.013608 0.018220
4 0.284968 0.794924 0.013608 0.018220
4 0.383766 0.802076 0.013608 0.018220
4 0.482563 0.804297 0.013608 0.018220
4 0.581361 0.823110 0.013608 0.018220
4 0.680158 0.796449 0.013608 0.018220
4 0.778956 0.813771 0.013608 0.018220
4 0.877753 0.804364 0.013608 0.018220
4 0.976551 0.772398 0.013608 0.018220
5 0.087373 0.714941 0.013608 0.018220
5 0.198525 0.750551 0.013608 0.018220
5 0.309665 0.733720 0.013608 0.018220
5 0.420816 0.748331 0.013608 0.018220
5 0.531968 0.717788 0.013608 0.018220
5 0.643108 0.746466 0.013608 0.018220
5 0.754259 0.741890 0.013608 0.018220
5 0.865411 0.773449 0.013608 0.018220
5 0.976551 0.913093 0.013608 0.018220