4 0.106995 0.787696 0.014727 0.019711
4 0.185750 0.801454 0.014727 0.019711
4 0.264504 0.758971 0.014727 0.019711
4 0.343247 0.744005 0.014727 0.019711
4 0.422001 0.552236 0.014727 0.019711
4 0.500743 0.797117 0.014727 0.019711
4 0.579498 0.706233 0.014727 0.019711
4 0.658253 0.761539 0.014727 0.019711
4 0.736995 0.887832 0.014727 0.019711
4 0.815750 0.663070 0.014727 0.019711
4 0.894492 0.288716 0.014727 0.019711
4 0.973247 0.232628 0.014727 0.019711
6 0.106995 0.869328 0.014727 0.019711
6 0.203247 0.693801 0.014727 0.019711
6 0.299498 0.835655 0.014727 0.019711
6 0.395750 0.812679 0.014727 0.019711
6 0.492001 0.864770 0.014727 0.019711
6 0.588253 0.751012 0.014727 0.019711
6 0.684492 0.822781 0.014727 0.019711
6 0.780743 0.787066 0.014727 0.019711
6 0.876995 0.468903 0.014727 0.019711
6 0.973247 0.211233 0.014727 0.019711
3 0.106995 0.736114 0.014727 0.019711
3 0.179180 0.723155 0.014727 0.019711
3 0.251379 0.770281 0.014727 0.019711
3 0.323564 0.702440 0.014727 0.019711
3 0.395750 0.891352 0.014727 0.019711
3 0.467935 0.758648 0.014727 0.019711
3 0.540121 0.832849 0.014727 0.019711
3 0.612306 0.837798 0.014727 0.019711
3 0.684492 0.840536 0.014727 0.019711
3 0.756690 0.725638 0.014727 0.019711
3 0.828875 0.789481 0.014727 0.019711
3 0.901061 0.383920 0.014727 0.019711
3 0.973247 0.243240 0.014727 0.019711
1 0.106995 0.791777 0.014727 0.019711
1 0.193628 0.753257 0.014727 0.019711
1 0.280248 0.831743 0.014727 0.019711
1 0.366868 0.899770 0.014727 0.019711
1 0.453501 0.875366 0.014727 0.019711
1 0.540121 0.778427 0.014727 0.019711
1 0.626741 0.682526 0.014727 0.019711
1 0.713374 0.765179 0.014727 0.019711
1 0.799994 0.627491 0.014727 0.019711
1 0.886626 0.478393 0.014727 0.019711
1 0.973247 0.231624 0.014727 0.019711