0 0.087373 0.792212 0.014392 0.019271
0 0.187095 0.744568 0.014392 0.019271
0 0.286804 0.762500 0.014392 0.019271
0 0.386525 0.762483 0.014392 0.019271
0 0.486234 0.679212 0.014392 0.019271
0 0.585956 0.626025 0.014392 0.019271
0 0.685665 0.714686 0.014392 0.019271
0 0.785386 0.650873 0.014392 0.019271
0 0.885095 0.660381 0.014392 0.019271
0 0.984816 0.646415 0.014392 0.019271
7 0.087373 0.759212 0.014392 0.019271
7 0.147209 0.677924 0.014392 0.019271
7 0.207032 0.743907 0.014392 0.019271
7 0.266867 0.681263 0.014392 0.019271
7 0.326690 0.649669 0.014392 0.019271
7 0.386525 0.500890 0.014392 0.019271
7 0.446348 0.558551 0.014392 0.019271
7 0.506184 0.518415 0.014392 0.019271
7 0.566006 0.416110 0.014392 0.019271
7 0.625842 0.330449 0.014392 0.019271
7 0.685665 0.360161 0.014392 0.019271
7 0.745500 0.294347 0.014392 0.019271
7 0.805323 0.187754 0.014392 0.019271
7 0.865158 0.139025 0.014392 0.019271
7 0.924981 0.228551 0.014392 0.019271
7 0.984816 0.198042 0.014392 0.019271
5 0.087373 0.787042 0.014392 0.019271
5 0.177120 0.587483 0.014392 0.019271
5 0.266867 0.391415 0.014392 0.019271
5 0.356614 0.267686 0.014392 0.019271
5 0.446348 0.238127 0.014392 0.019271
5 0.536095 0.168805 0.014392 0.019271
5 0.625842 0.218737 0.014392 0.019271
5 0.715576 0.183110 0.014392 0.019271
5 0.805323 0.262500 0.014392 0.019271
5 0.895070 0.207551 0.014392 0.019271
5 0.984816 0.138737 0.014392 0.019271