5 0.082158 0.871873 0.010114 0.013542
5 0.261424 0.786398 0.010114 0.013542
5 0.440690 0.584551 0.010114 0.013542
5 0.619956 0.814483 0.010114 0.013542
5 0.799222 0.639686 0.010114 0.013542
5 0.978487 0.650195 0.010114 0.013542
3 0.082158 0.833025 0.010114 0.013542
3 0.171791 0.693975 0.010114 0.013542
3 0.261424 0.606771 0.010114 0.013542
3 0.351057 0.764805 0.010114 0.013542
3 0.440690 0.715703 0.010114 0.013542
3 0.530323 0.869907 0.010114 0.013542
3 0.619956 0.849568 0.010114 0.013542
3 0.709589 0.897127 0.010114 0.013542
3 0.799222 0.829331 0.010114 0.013542
3 0.888854 0.484517 0.010114 0.013542
3 0.978487 0.184415 0.010114 0.013542
4 0.082158 0.843466 0.010114 0.013542
4 0.171791 0.728263 0.010114 0.013542
4 0.261424 0.768415 0.010114 0.013542
4 0.351057 0.837314 0.010114 0.013542
4 0.440690 0.883737 0.010114 0.013542
4 0.530323 0.747229 0.010114 0.013542
4 0.619956 0.909025 0.010114 0.013542
4 0.709589 0.804229 0.010114 0.013542
4 0.799222 0.644839 0.010114 0.013542
4 0.888854 0.512110 0.010114 0.013542
4 0.978487 0.049127 0.010114 0.013542
1 0.082158 0.604347 0.010114 0.013542
1 0.171791 0.614381 0.010114 0.013542
1 0.261424 0.556263 0.010114 0.013542
1 0.351057 0.540754 0.010114 0.013542
1 0.440690 0.545415 0.010114 0.013542
1 0.530323 0.511534 0.010114 0.013542
1 0.619956 0.462178 0.010114 0.013542
1 0.709589 0.363297 0.010114 0.013542
1 0.799222 0.314314 0.010114 0.013542
1 0.888854 0.362127 0.010114 0.013542
1 0.978487 0.265144 0.010114 0.013542