0 0.130306 0.809658 0.023516 0.031556
0 0.213796 0.785641 0.023516 0.031556
0 0.297299 0.704667 0.023516 0.031556
0 0.380790 0.630034 0.023516 0.031556
0 0.464280 0.493658 0.023516 0.031556
0 0.547771 0.377282 0.023516 0.031556
0 0.631261 0.433846 0.023516 0.031556
0 0.714752 0.335179 0.023516 0.031556
0 0.798255 0.269487 0.023516 0.031556
0 0.881745 0.268171 0.023516 0.031556
0 0.965236 0.256803 0.023516 0.031556
7 0.130306 0.775487 0.023516 0.031556
7 0.223083 0.757624 0.023516 0.031556
7 0.315847 0.748051 0.023516 0.031556
7 0.408611 0.791709 0.023516 0.031556
7 0.501389 0.739624 0.023516 0.031556
7 0.594153 0.740256 0.023516 0.031556
7 0.686930 0.774872 0.023516 0.031556
7 0.779694 0.732393 0.023516 0.031556
7 0.872471 0.520872 0.023516 0.031556
7 0.965236 0.200342 0.023516 0.031556
6 0.130306 0.778786 0.023516 0.031556
6 0.213796 0.788410 0.023516 0.031556
6 0.297299 0.863641 0.023516 0.031556
6 0.380790 0.813966 0.023516 0.031556
6 0.464280 0.830957 0.023516 0.031556
6 0.547771 0.812017 0.023516 0.031556
6 0.631261 0.842239 0.023516 0.031556
6 0.714752 0.861556 0.023516 0.031556
6 0.798255 0.805538 0.023516 0.031556
6 0.881745 0.868120 0.023516 0.031556
6 0.965236 0.879453 0.023516 0.031556
4 0.130306 0.622410 0.023516 0.031556
4 0.213796 0.636615 0.023516 0.031556
4 0.297299 0.631299 0.023516 0.031556
4 0.380790 0.615607 0.023516 0.031556
4 0.464280 0.623795 0.023516 0.031556
4 0.547771 0.658786 0.023516 0.031556
4 0.631261 0.642256 0.023516 0.031556
4 0.714752 0.609675 0.023516 0.031556
4 0.798255 0.649692 0.023516 0.031556
4 0.881745 0.581692 0.023516 0.031556
4 0.965236 0.445026 0.023516 0.031556