2 0.107001 0.765503 0.013443 0.018024
2 0.179187 0.862504 0.013443 0.018024
2 0.251372 0.744412 0.013443 0.018024
2 0.323558 0.866797 0.013443 0.018024
2 0.395756 0.763032 0.013443 0.018024
2 0.467942 0.802334 0.013443 0.018024
2 0.540127 0.733884 0.013443 0.018024
2 0.612313 0.686934 0.013443 0.018024
2 0.684498 0.780187 0.013443 0.018024
2 0.756684 0.848467 0.013443 0.018024
2 0.828869 0.690733 0.013443 0.018024
2 0.901055 0.480630 0.013443 0.018024
2 0.973253 0.147581 0.013443 0.018024
5 0.107001 0.770767 0.013443 0.018024
5 0.215286 0.705145 0.013443 0.018024
5 0.323558 0.695281 0.013443 0.018024
5 0.431842 0.711380 0.013443 0.018024
5 0.540127 0.476899 0.013443 0.018024
5 0.648412 0.709029 0.013443 0.018024
5 0.756684 0.623339 0.013443 0.018024
5 0.864968 0.577564 0.013443 0.018024
5 0.973253 0.585298 0.013443 0.018024
0 0.107001 0.901312 0.013443 0.018024
0 0.179187 0.773799 0.013443 0.018024
0 0.251372 0.818296 0.013443 0.018024
0 0.323558 0.794600 0.013443 0.018024
0 0.395756 0.853526 0.013443 0.018024
0 0.467942 0.842402 0.013443 0.018024
0 0.540127 0.872981 0.013443 0.018024
0 0.612313 0.765537 0.013443 0.018024
0 0.684498 0.812606 0.013443 0.018024
0 0.756684 0.841482 0.013443 0.018024
0 0.828869 0.861635 0.013443 0.018024
0 0.901055 0.712572 0.013443 0.018024
0 0.973253 0.282555 0.013443 0.018024
6 0.107001 0.600221 0.013443 0.018024
6 0.203253 0.624872 0.013443 0.018024
6 0.299504 0.514532 0.013443 0.018024
6 0.395756 0.603714 0.013443 0.018024
6 0.491995 0.529642 0.013443 0.018024
6 0.588247 0.627274 0.013443 0.018024
6 0.684498 0.599131 0.013443 0.018024
6 0.780750 0.489114 0.013443 0.018024
6 0.877001 0.585486 0.013443 0.018024
6 0.973253 0.313322 0.013443 0.018024