1 0.083418 0.622763 0.012987 0.017390
1 0.232608 0.756305 0.012987 0.017390
1 0.381785 0.787797 0.012987 0.017390
1 0.530962 0.514288 0.012987 0.017390
1 0.680139 0.460797 0.012987 0.017390
1 0.829316 0.429763 0.012987 0.017390
1 0.978494 0.274542 0.012987 0.017390
5 0.083418 0.694000 0.012987 0.017390
5 0.182873 0.631712 0.012987 0.017390
5 0.282329 0.650983 0.012987 0.017390
5 0.381785 0.571847 0.012987 0.017390
5 0.481228 0.363017 0.012987 0.017390
5 0.580684 0.395136 0.012987 0.017390
5 0.680139 0.252729 0.012987 0.017390
5 0.779595 0.293831 0.012987 0.017390
5 0.879038 0.316508 0.012987 0.017390
5 0.978494 0.203000 0.012987 0.017390
2 0.083418 0.918508 0.012987 0.017390
2 0.195304 0.679186 0.012987 0.017390
2 0.307190 0.893153 0.012987 0.017390
2 0.419076 0.844729 0.012987 0.017390
2 0.530962 0.812237 0.012987 0.017390
2 0.642848 0.790797 0.012987 0.017390
2 0.754722 0.916492 0.012987 0.017390
2 0.866608 0.792407 0.012987 0.017390
2 0.978494 0.918508 0.012987 0.017390
4 0.083418 0.790288 0.012987 0.017390
4 0.195304 0.622237 0.012987 0.017390
4 0.307190 0.624847 0.012987 0.017390
4 0.419076 0.588678 0.012987 0.017390
4 0.530962 0.576169 0.012987 0.017390
4 0.642848 0.391542 0.012987 0.017390
4 0.754722 0.376881 0.012987 0.017390
4 0.866608 0.165254 0.012987 0.017390
4 0.978494 0.310559 0.012987 0.017390
0 0.083418 0.772424 0.012987 0.017390
0 0.172937 0.801678 0.012987 0.017390
0 0.262443 0.792966 0.012987 0.017390
0 0.351949 0.678169 0.012987 0.017390
0 0.441456 0.665797 0.012987 0.017390
0 0.530962 0.630864 0.012987 0.017390
0 0.620468 0.594559 0.012987 0.017390
0 0.709975 0.437203 0.012987 0.017390
0 0.799481 0.313949 0.012987 0.017390
0 0.888987 0.351186 0.012987 0.017390
0 0.978494 0.329153 0.012987 0.017390
6 0.083418 0.796220 0.012987 0.017390
6 0.195304 0.747559 0.012987 0.017390
6 0.307190 0.648542 0.012987 0.017390
6 0.419076 0.705983 0.012987 0.017390
6 0.530962 0.472220 0.012987 0.017390
6 0.642848 0.482356 0.012987 0.017390
6 0.754722 0.350051 0.012987 0.017390
6 0.866608 0.284814 0.012987 0.017390
6 0.978494 0.310339 0.012987 0.017390