2 0.095468 0.705288 0.009975 0.013356
2 0.192924 0.702136 0.009975 0.013356
2 0.290380 0.667424 0.009975 0.013356
2 0.387848 0.654441 0.009975 0.013356
2 0.485304 0.636034 0.009975 0.013356
2 0.582759 0.556847 0.009975 0.013356
2 0.680215 0.493661 0.009975 0.013356
2 0.777671 0.436542 0.009975 0.013356
2 0.875139 0.358831 0.009975 0.013356
2 0.972595 0.327864 0.009975 0.013356
0 0.095468 0.777034 0.009975 0.013356
0 0.192924 0.811458 0.009975 0.013356
0 0.290380 0.787746 0.009975 0.013356
0 0.387848 0.803475 0.009975 0.013356
0 0.485304 0.769780 0.009975 0.013356
0 0.582759 0.790237 0.009975 0.013356
0 0.680215 0.785678 0.009975 0.013356
0 0.777671 0.727814 0.009975 0.013356
0 0.875139 0.509390 0.009975 0.013356
0 0.972595 0.188542 0.009975 0.013356
5 0.095468 0.783153 0.009975 0.013356
5 0.183177 0.782322 0.009975 0.013356
5 0.270899 0.794576 0.009975 0.013356
5 0.358608 0.779475 0.009975 0.013356
5 0.446316 0.813186 0.009975 0.013356
5 0.534025 0.771051 0.009975 0.013356
5 0.621747 0.784712 0.009975 0.013356
5 0.709456 0.774898 0.009975 0.013356
5 0.797165 0.751525 0.009975 0.013356
5 0.884873 0.560017 0.009975 0.013356
5 0.972595 0.219864 0.009975 0.013356
7 0.095468 0.756763 0.009975 0.013356
7 0.162937 0.700593 0.009975 0.013356
7 0.230405 0.730186 0.009975 0.013356
7 0.297886 0.688288 0.009975 0.013356
7 0.365354 0.654915 0.009975 0.013356
7 0.432823 0.632627 0.009975 0.013356
7 0.500291 0.578068 0.009975 0.013356
7 0.567759 0.524593 0.009975 0.013356
7 0.635241 0.458678 0.009975 0.013356
7 0.702709 0.381983 0.009975 0.013356
7 0.770177 0.308322 0.009975 0.013356
7 0.837646 0.250068 0.009975 0.013356
7 0.905127 0.238068 0.009975 0.013356
7 0.972595 0.217780 0.009975 0.013356