2 0.091603 0.722246 0.015425 0.020627
2 0.143619 0.714839 0.015425 0.020627
2 0.195634 0.667110 0.015425 0.020627
2 0.247636 0.658398 0.015425 0.020627
2 0.299651 0.648669 0.015425 0.020627
2 0.351654 0.570246 0.015425 0.020627
2 0.403669 0.626398 0.015425 0.020627
2 0.455672 0.460822 0.015425 0.020627
2 0.507687 0.404229 0.015425 0.020627
2 0.559689 0.421331 0.015425 0.020627
2 0.611705 0.398229 0.015425 0.020627
2 0.663720 0.451924 0.015425 0.020627
2 0.715722 0.299924 0.015425 0.020627
2 0.767738 0.333924 0.015425 0.020627
2 0.819740 0.289381 0.015425 0.020627
2 0.871755 0.318127 0.015425 0.020627
2 0.923758 0.291229 0.015425 0.020627
2 0.975773 0.358246 0.015425 0.020627
0 0.091603 0.628839 0.015425 0.020627
0 0.165292 0.621890 0.015425 0.020627
0 0.238967 0.595805 0.015425 0.020627
0 0.312655 0.515907 0.015425 0.020627
0 0.386331 0.511195 0.015425 0.020627
0 0.460006 0.504483 0.015425 0.020627
0 0.533695 0.409500 0.015425 0.020627
0 0.607370 0.310042 0.015425 0.020627
0 0.681046 0.378280 0.015425 0.020627
0 0.754734 0.275534 0.015425 0.020627
0 0.828409 0.260686 0.015425 0.020627
0 0.902098 0.306653 0.015425 0.020627
0 0.975773 0.306568 0.015425 0.020627
1 0.091603 0.729449 0.015425 0.020627
1 0.150551 0.666364 0.015425 0.020627
1 0.209499 0.654754 0.015425 0.020627
1 0.268447 0.652856 0.015425 0.020627
1 0.327383 0.607653 0.015425 0.020627
1 0.386331 0.649703 0.015425 0.020627
1 0.445279 0.604585 0.015425 0.020627
1 0.504214 0.553805 0.015425 0.020627
1 0.563162 0.498314 0.015425 0.020627
1 0.622110 0.453127 0.015425 0.020627
1 0.681046 0.519008 0.015425 0.020627
1 0.739994 0.417703 0.015425 0.020627
1 0.798942 0.381246 0.015425 0.020627
1 0.857890 0.316669 0.015425 0.020627
1 0.916825 0.370432 0.015425 0.020627
1 0.975773 0.281805 0.015425 0.020627
3 0.091603 0.667144 0.015425 0.020627
3 0.146863 0.639280 0.015425 0.020627
3 0.202123 0.660720 0.015425 0.020627
3 0.257395 0.648331 0.015425 0.020627
3 0.312655 0.537636 0.015425 0.020627
3 0.367915 0.556585 0.015425 0.020627
3 0.423175 0.434551 0.015425 0.020627
3 0.478435 0.369907 0.015425 0.020627
3 0.533695 0.312280 0.015425 0.020627
3 0.588954 0.291398 0.015425 0.020627
3 0.644214 0.153449 0.015425 0.020627
3 0.699474 0.255585 0.015425 0.020627
3 0.754734 0.245059 0.015425 0.020627
3 0.809994 0.203212 0.015425 0.020627
3 0.865253 0.189653 0.015425 0.020627
3 0.920513 0.141958 0.015425 0.020627
3 0.975773 0.143500 0.015425 0.020627