4 0.087380 0.807898 0.009747 0.013051
4 0.265215 0.800593 0.009747 0.013051
4 0.443051 0.749000 0.009747 0.013051
4 0.620886 0.804458 0.009747 0.013051
4 0.798722 0.733898 0.009747 0.013051
4 0.976557 0.142492 0.009747 0.013051
7 0.087380 0.526898 0.009747 0.013051
7 0.235582 0.610712 0.009747 0.013051
7 0.383772 0.548475 0.009747 0.013051
7 0.531975 0.563610 0.009747 0.013051
7 0.680165 0.560424 0.009747 0.013051
7 0.828367 0.521898 0.009747 0.013051
7 0.976557 0.174017 0.009747 0.013051
0 0.087380 0.766831 0.009747 0.013051
0 0.186177 0.727627 0.009747 0.013051
0 0.284975 0.662339 0.009747 0.013051
0 0.383772 0.651712 0.009747 0.013051
0 0.482570 0.504169 0.009747 0.013051
0 0.581367 0.473017 0.009747 0.013051
0 0.680165 0.375475 0.009747 0.013051
0 0.778962 0.415492 0.009747 0.013051
0 0.877759 0.236797 0.009747 0.013051
0 0.976557 0.282000 0.009747 0.013051
2 0.087380 0.656661 0.009747 0.013051
2 0.176304 0.687508 0.009747 0.013051
2 0.265215 0.646542 0.009747 0.013051
2 0.354139 0.705627 0.009747 0.013051
2 0.443051 0.661373 0.009747 0.013051
2 0.531975 0.623288 0.009747 0.013051
2 0.620886 0.690576 0.009747 0.013051
2 0.709810 0.703695 0.009747 0.013051
2 0.798722 0.674390 0.009747 0.013051
2 0.887646 0.616322 0.009747 0.013051
2 0.976557 0.293559 0.009747 0.013051
6 0.087380 0.652339 0.009747 0.013051
6 0.155772 0.734508 0.009747 0.013051
6 0.224177 0.800610 0.009747 0.013051
6 0.292570 0.696898 0.009747 0.013051
6 0.360975 0.727542 0.009747 0.013051
6 0.429367 0.762797 0.009747 0.013051
6 0.497772 0.700966 0.009747 0.013051
6 0.566165 0.702220 0.009747 0.013051
6 0.634570 0.760356 0.009747 0.013051
6 0.702962 0.805492 0.009747 0.013051
6 0.771367 0.721475 0.009747 0.013051
6 0.839759 0.708983 0.009747 0.013051
6 0.908165 0.822763 0.009747 0.013051
6 0.976557 0.913763 0.009747 0.013051
3 0.087380 0.796525 0.009747 0.013051
3 0.198532 0.815559 0.009747 0.013051
3 0.309671 0.762593 0.009747 0.013051
3 0.420823 0.788610 0.009747 0.013051
3 0.531975 0.766576 0.009747 0.013051
3 0.643114 0.786441 0.009747 0.013051
3 0.754266 0.806475 0.009747 0.013051
3 0.865418 0.381356 0.009747 0.013051
3 0.976557 0.085746 0.009747 0.013051