0 0.106995 0.823869 0.017243 0.023078
0 0.179180 0.808699 0.017243 0.023078
0 0.251379 0.808393 0.017243 0.023078
0 0.323564 0.806964 0.017243 0.023078
0 0.395750 0.779651 0.017243 0.023078
0 0.467935 0.753886 0.017243 0.023078
0 0.540121 0.700944 0.017243 0.023078
0 0.612306 0.824379 0.017243 0.023078
0 0.684492 0.768495 0.017243 0.023078
0 0.756677 0.756046 0.017243 0.023078
0 0.828875 0.626114 0.017243 0.023078
0 0.901061 0.402560 0.017243 0.023078
0 0.973247 0.172083 0.017243 0.023078
2 0.106995 0.778852 0.017243 0.023078
2 0.193628 0.821607 0.017243 0.023078
2 0.280248 0.767185 0.017243 0.023078
2 0.366868 0.749175 0.017243 0.023078
2 0.453501 0.800162 0.017243 0.023078
2 0.540121 0.788036 0.017243 0.023078
2 0.626741 0.801131 0.017243 0.023078
2 0.713374 0.746216 0.017243 0.023078
2 0.799994 0.763818 0.017243 0.023078
2 0.886626 0.526029 0.017243 0.023078
2 0.973247 0.158240 0.017243 0.023078
5 0.106995 0.776522 0.017243 0.023078
5 0.185750 0.756029 0.017243 0.023078
5 0.264492 0.763886 0.017243 0.023078
5 0.343247 0.780196 0.017243 0.023078
5 0.422001 0.679056 0.017243 0.023078
5 0.500743 0.602951 0.017243 0.023078
5 0.579498 0.564175 0.017243 0.023078
5 0.658240 0.395179 0.017243 0.023078
5 0.736995 0.343512 0.017243 0.023078
5 0.815750 0.298954 0.017243 0.023078
5 0.894492 0.258019 0.017243 0.023078
5 0.973247 0.293223 0.017243 0.023078
6 0.106995 0.828580 0.017243 0.023078
6 0.215280 0.800587 0.017243 0.023078
6 0.323564 0.827645 0.017243 0.023078
6 0.431836 0.821131 0.017243 0.023078
6 0.540121 0.833121 0.017243 0.023078
6 0.648405 0.869787 0.017243 0.023078
6 0.756677 0.793002 0.017243 0.023078
6 0.864962 0.844617 0.017243 0.023078
6 0.973247 0.899770 0.017243 0.023078