1 0.087373 0.653551 0.012544 0.016797
1 0.162158 0.798042 0.012544 0.016797
1 0.236943 0.729585 0.012544 0.016797
1 0.311728 0.673059 0.012544 0.016797
1 0.386525 0.737551 0.012544 0.016797
1 0.461310 0.784280 0.012544 0.016797
1 0.536095 0.788754 0.012544 0.016797
1 0.610880 0.865127 0.012544 0.016797
1 0.685665 0.855585 0.012544 0.016797
1 0.760449 0.824127 0.012544 0.016797
1 0.835234 0.919364 0.012544 0.016797
1 0.910019 0.924958 0.012544 0.016797
1 0.984804 0.924958 0.012544 0.016797
4 0.087373 0.804703 0.012544 0.016797
4 0.162158 0.686212 0.012544 0.016797
4 0.236943 0.624703 0.012544 0.016797
4 0.311728 0.583686 0.012544 0.016797
4 0.386525 0.542636 0.012544 0.016797
4 0.461310 0.429212 0.012544 0.016797
4 0.536095 0.350229 0.012544 0.016797
4 0.610880 0.332686 0.012544 0.016797
4 0.685665 0.247280 0.012544 0.016797
4 0.760449 0.237788 0.012544 0.016797
4 0.835234 0.247178 0.012544 0.016797
4 0.910019 0.225754 0.012544 0.016797
4 0.984804 0.240788 0.012544 0.016797
0 0.087373 0.819788 0.012544 0.016797
0 0.177120 0.536347 0.012544 0.016797
0 0.266867 0.373042 0.012544 0.016797
0 0.356601 0.261839 0.012544 0.016797
0 0.446348 0.273347 0.012544 0.016797
0 0.536095 0.215653 0.012544 0.016797
0 0.625842 0.175110 0.012544 0.016797
0 0.715576 0.244297 0.012544 0.016797
0 0.805323 0.216432 0.012544 0.016797
0 0.895070 0.154890 0.012544 0.016797
0 0.984804 0.192144 0.012544 0.016797
3 0.087373 0.727483 0.012544 0.016797
3 0.177120 0.698381 0.012544 0.016797
3 0.266867 0.617331 0.012544 0.016797
3 0.356601 0.675347 0.012544 0.016797
3 0.446348 0.644720 0.012544 0.016797
3 0.536095 0.609263 0.012544 0.016797
3 0.625842 0.579483 0.012544 0.016797
3 0.715576 0.549432 0.012544 0.016797
3 0.805323 0.529364 0.012544 0.016797
3 0.895070 0.543093 0.012544 0.016797
3 0.984804 0.491653 0.012544 0.016797