2 0.114480 0.574116 0.014442 0.019354
2 0.180076 0.553554 0.014442 0.019354
2 0.245673 0.569286 0.014442 0.019354
2 0.311282 0.552908 0.014442 0.019354
2 0.376878 0.553146 0.014442 0.019354
2 0.442475 0.561497 0.014442 0.019354
2 0.508071 0.557755 0.014442 0.019354
2 0.573680 0.553690 0.014442 0.019354
2 0.639277 0.575459 0.014442 0.019354
2 0.704873 0.565374 0.014442 0.019354
2 0.770470 0.549371 0.014442 0.019354
2 0.836079 0.525527 0.014442 0.019354
2 0.901675 0.459813 0.014442 0.019354
2 0.967272 0.197092 0.014442 0.019354
3 0.114480 0.777840 0.014442 0.019354
3 0.221079 0.726531 0.014442 0.019354
3 0.327678 0.673759 0.014442 0.019354
3 0.434277 0.549065 0.014442 0.019354
3 0.540876 0.417211 0.014442 0.019354
3 0.647475 0.303469 0.014442 0.019354
3 0.754074 0.178503 0.014442 0.019354
3 0.860673 0.144065 0.014442 0.019354
3 0.967272 0.111956 0.014442 0.019354
4 0.114480 0.775646 0.014442 0.019354
4 0.185546 0.768469 0.014442 0.019354
4 0.256612 0.778844 0.014442 0.019354
4 0.327678 0.769422 0.014442 0.019354
4 0.398744 0.761990 0.014442 0.019354
4 0.469810 0.771446 0.014442 0.019354
4 0.540876 0.779167 0.014442 0.019354
4 0.611942 0.795238 0.014442 0.019354
4 0.683008 0.784779 0.014442 0.019354
4 0.754074 0.756446 0.014442 0.019354
4 0.825140 0.668095 0.014442 0.019354
4 0.896206 0.407993 0.014442 0.019354
4 0.967272 0.162058 0.014442 0.019354
6 0.114480 0.690323 0.014442 0.019354
6 0.221079 0.693554 0.014442 0.019354
6 0.327678 0.657993 0.014442 0.019354
6 0.434277 0.677857 0.014442 0.019354
6 0.540876 0.672398 0.014442 0.019354
6 0.647475 0.679558 0.014442 0.019354
6 0.754074 0.667126 0.014442 0.019354
6 0.860673 0.708112 0.014442 0.019354
6 0.967272 0.830017 0.014442 0.019354