3 0.087373 0.788263 0.012646 0.016932
3 0.186171 0.798534 0.012646 0.016932
3 0.284981 0.830008 0.012646 0.016932
3 0.383778 0.870076 0.012646 0.016932
3 0.482576 0.744483 0.012646 0.016932
3 0.581373 0.696788 0.012646 0.016932
3 0.680171 0.784449 0.012646 0.016932
3 0.778968 0.782483 0.012646 0.016932
3 0.877766 0.537314 0.012646 0.016932
3 0.976563 0.196212 0.012646 0.016932
6 0.087373 0.504720 0.012646 0.016932
6 0.186171 0.481941 0.012646 0.016932
6 0.284981 0.499195 0.012646 0.016932
6 0.383778 0.591703 0.012646 0.016932
6 0.482576 0.511822 0.012646 0.016932
6 0.581373 0.559229 0.012646 0.016932
6 0.680171 0.547551 0.012646 0.016932
6 0.778968 0.552263 0.012646 0.016932
6 0.877766 0.503229 0.012646 0.016932
6 0.976563 0.083551 0.012646 0.016932
0 0.087373 0.698839 0.012646 0.016932
0 0.198525 0.696059 0.012646 0.016932
0 0.309677 0.611737 0.012646 0.016932
0 0.420816 0.528975 0.012646 0.016932
0 0.531968 0.421263 0.012646 0.016932
0 0.643120 0.304449 0.012646 0.016932
0 0.754259 0.422907 0.012646 0.016932
0 0.865411 0.337144 0.012646 0.016932
0 0.976563 0.217500 0.012646 0.016932
7 0.087373 0.698788 0.012646 0.016932
7 0.186171 0.731381 0.012646 0.016932
7 0.284981 0.613280 0.012646 0.016932
7 0.383778 0.549788 0.012646 0.016932
7 0.482576 0.423737 0.012646 0.016932
7 0.581373 0.293754 0.012646 0.016932
7 0.680171 0.268263 0.012646 0.016932
7 0.778968 0.200686 0.012646 0.016932
7 0.877766 0.213737 0.012646 0.016932
7 0.976563 0.219127 0.012646 0.016932