0 0.132860 0.798197 0.020013 0.026855
0 0.196885 0.821598 0.020013 0.026855
0 0.260911 0.812128 0.020013 0.026855
0 0.324936 0.749957 0.020013 0.026855
0 0.388975 0.734316 0.020013 0.026855
0 0.453000 0.782009 0.020013 0.026855
0 0.517025 0.791188 0.020013 0.026855
0 0.581064 0.715462 0.020013 0.026855
0 0.645089 0.753120 0.020013 0.026855
0 0.709115 0.761342 0.020013 0.026855
0 0.773140 0.733444 0.020013 0.026855
0 0.837178 0.542282 0.020013 0.026855
0 0.901204 0.393359 0.020013 0.026855
0 0.965229 0.211154 0.020013 0.026855
6 0.132860 0.614436 0.020013 0.026855
6 0.188350 0.615308 0.020013 0.026855
6 0.243841 0.628641 0.020013 0.026855
6 0.299331 0.593667 0.020013 0.026855
6 0.354822 0.606385 0.020013 0.026855
6 0.410312 0.604744 0.020013 0.026855
6 0.465803 0.590419 0.020013 0.026855
6 0.521293 0.568607 0.020013 0.026855
6 0.576796 0.554333 0.020013 0.026855
6 0.632287 0.633513 0.020013 0.026855
6 0.687777 0.602915 0.020013 0.026855
6 0.743268 0.577564 0.020013 0.026855
6 0.798758 0.583786 0.020013 0.026855
6 0.854248 0.576573 0.020013 0.026855
6 0.909739 0.558111 0.020013 0.026855
6 0.965229 0.574932 0.020013 0.026855
5 0.132860 0.752231 0.020013 0.026855
5 0.188350 0.734043 0.020013 0.026855
5 0.243841 0.851769 0.020013 0.026855
5 0.299331 0.765137 0.020013 0.026855
5 0.354822 0.766333 0.020013 0.026855
5 0.410312 0.752402 0.020013 0.026855
5 0.465803 0.758949 0.020013 0.026855
5 0.521293 0.779462 0.020013 0.026855
5 0.576796 0.809906 0.020013 0.026855
5 0.632287 0.766145 0.020013 0.026855
5 0.687777 0.726077 0.020013 0.026855
5 0.743268 0.780453 0.020013 0.026855
5 0.798758 0.706658 0.020013 0.026855
5 0.854248 0.487479 0.020013 0.026855
5 0.909739 0.284966 0.020013 0.026855
5 0.965229 0.143650 0.020013 0.026855
1 0.132860 0.793034 0.020013 0.026855
1 0.208529 0.760915 0.020013 0.026855
1 0.284197 0.739103 0.020013 0.026855
1 0.359866 0.729017 0.020013 0.026855
1 0.435535 0.769718 0.020013 0.026855
1 0.511204 0.742983 0.020013 0.026855
1 0.586885 0.721735 0.020013 0.026855
1 0.662554 0.770932 0.020013 0.026855
1 0.738223 0.780197 0.020013 0.026855
1 0.813892 0.666983 0.020013 0.026855
1 0.889561 0.362128 0.020013 0.026855
1 0.965229 0.182624 0.020013 0.026855
3 0.132860 0.803274 0.020013 0.026855
3 0.188350 0.743838 0.020013 0.026855
3 0.243841 0.852248 0.020013 0.026855
3 0.299331 0.810453 0.020013 0.026855
3 0.354822 0.753513 0.020013 0.026855
3 0.410312 0.737051 0.020013 0.026855
3 0.465803 0.671564 0.020013 0.026855
3 0.521293 0.714231 0.020013 0.026855
3 0.576796 0.692368 0.020013 0.026855
3 0.632287 0.617376 0.020013 0.026855
3 0.687777 0.512607 0.020013 0.026855
3 0.743268 0.494436 0.020013 0.026855
3 0.798758 0.461410 0.020013 0.026855
3 0.854248 0.362778 0.020013 0.026855
3 0.909739 0.396128 0.020013 0.026855
3 0.965229 0.287120 0.020013 0.026855
4 0.132860 0.695496 0.020013 0.026855
4 0.196885 0.653325 0.020013 0.026855
4 0.260911 0.608829 0.020013 0.026855
4 0.324936 0.611427 0.020013 0.026855
4 0.388975 0.677974 0.020013 0.026855
4 0.453000 0.549017 0.020013 0.026855
4 0.517025 0.496915 0.020013 0.026855
4 0.581064 0.447598 0.020013 0.026855
4 0.645089 0.386641 0.020013 0.026855
4 0.709115 0.361256 0.020013 0.026855
4 0.773140 0.322521 0.020013 0.026855
4 0.837178 0.260333 0.020013 0.026855
4 0.901204 0.227855 0.020013 0.026855
4 0.965229 0.241974 0.020013 0.026855