5 0.087373 0.735076 0.016266 0.021780
5 0.186171 0.699958 0.016266 0.021780
5 0.284981 0.676686 0.016266 0.021780
5 0.383778 0.524195 0.016266 0.021780
5 0.482576 0.380161 0.016266 0.021780
5 0.581373 0.380686 0.016266 0.021780
5 0.680171 0.217686 0.016266 0.021780
5 0.778968 0.220720 0.016266 0.021780
5 0.877766 0.183839 0.016266 0.021780
5 0.976563 0.119314 0.016266 0.021780
7 0.087373 0.666822 0.016266 0.021780
7 0.139690 0.594619 0.016266 0.021780
7 0.191994 0.569263 0.016266 0.021780
7 0.244297 0.622331 0.016266 0.021780
7 0.296601 0.552280 0.016266 0.021780
7 0.348905 0.580178 0.016266 0.021780
7 0.401209 0.572415 0.016266 0.021780
7 0.453513 0.508720 0.016266 0.021780
7 0.505816 0.472585 0.016266 0.021780
7 0.558120 0.323941 0.016266 0.021780
7 0.610424 0.347161 0.016266 0.021780
7 0.662728 0.285297 0.016266 0.021780
7 0.715032 0.220263 0.016266 0.021780
7 0.767348 0.232958 0.016266 0.021780
7 0.819652 0.144602 0.016266 0.021780
7 0.871956 0.174161 0.016266 0.021780
7 0.924259 0.151381 0.016266 0.021780
7 0.976563 0.244941 0.016266 0.021780
2 0.087373 0.733127 0.016266 0.021780
2 0.146652 0.762686 0.016266 0.021780
2 0.205930 0.703669 0.016266 0.021780
2 0.265222 0.720873 0.016266 0.021780
2 0.324500 0.735890 0.016266 0.021780
2 0.383778 0.746432 0.016266 0.021780
2 0.443057 0.760805 0.016266 0.021780
2 0.502335 0.704534 0.016266 0.021780
2 0.561614 0.733076 0.016266 0.021780
2 0.620892 0.792873 0.016266 0.021780
2 0.680171 0.746551 0.016266 0.021780
2 0.739449 0.739093 0.016266 0.021780
2 0.798728 0.704449 0.016266 0.021780
2 0.858006 0.730975 0.016266 0.021780
2 0.917285 0.869636 0.016266 0.021780
2 0.976563 0.913771 0.016266 0.021780
0 0.087373 0.798839 0.016266 0.021780
0 0.150892 0.751432 0.016266 0.021780
0 0.214399 0.789856 0.016266 0.021780
0 0.277918 0.734347 0.016266 0.021780
0 0.341437 0.712924 0.016266 0.021780
0 0.404943 0.764839 0.016266 0.021780
0 0.468462 0.713975 0.016266 0.021780
0 0.531968 0.786466 0.016266 0.021780
0 0.595487 0.790636 0.016266 0.021780
0 0.658994 0.827737 0.016266 0.021780
0 0.722513 0.753263 0.016266 0.021780
0 0.786019 0.764568 0.016266 0.021780
0 0.849538 0.712025 0.016266 0.021780
0 0.913044 0.538263 0.016266 0.021780
0 0.976563 0.197890 0.016266 0.021780