7 0.087222 0.751585 0.009835 0.013169
7 0.198627 0.707347 0.009835 0.013169
7 0.310044 0.776331 0.009835 0.013169
7 0.421449 0.782669 0.009835 0.013169
7 0.532854 0.764466 0.009835 0.013169
7 0.644272 0.797178 0.009835 0.013169
7 0.755677 0.816958 0.009835 0.013169
7 0.867082 0.752025 0.009835 0.013169
7 0.978500 0.604127 0.009835 0.013169
6 0.087222 0.784873 0.009835 0.013169
6 0.168247 0.885754 0.009835 0.013169
6 0.249272 0.793331 0.009835 0.013169
6 0.330297 0.798720 0.009835 0.013169
6 0.411323 0.825534 0.009835 0.013169
6 0.492348 0.761432 0.009835 0.013169
6 0.573373 0.863839 0.009835 0.013169
6 0.654399 0.665381 0.009835 0.013169
6 0.735424 0.771873 0.009835 0.013169
6 0.816449 0.640161 0.009835 0.013169
6 0.897475 0.228754 0.009835 0.013169
6 0.978500 0.193025 0.009835 0.013169
0 0.087222 0.691229 0.009835 0.013169
0 0.161487 0.699568 0.009835 0.013169
0 0.235766 0.611144 0.009835 0.013169
0 0.310044 0.555568 0.009835 0.013169
0 0.384310 0.546449 0.009835 0.013169
0 0.458589 0.430619 0.009835 0.013169
0 0.532854 0.402653 0.009835 0.013169
0 0.607133 0.288381 0.009835 0.013169
0 0.681399 0.234788 0.009835 0.013169
0 0.755677 0.201025 0.009835 0.013169
0 0.829943 0.182178 0.009835 0.013169
0 0.904222 0.185839 0.009835 0.013169
0 0.978500 0.140720 0.009835 0.013169