2 0.094975 0.587898 0.009823 0.013153
2 0.174759 0.499169 0.009823 0.013153
2 0.254544 0.592814 0.009823 0.013153
2 0.334329 0.646102 0.009823 0.013153
2 0.414114 0.671492 0.009823 0.013153
2 0.493886 0.527932 0.009823 0.013153
2 0.573671 0.565797 0.009823 0.013153
2 0.653456 0.474424 0.009823 0.013153
2 0.733241 0.542068 0.009823 0.013153
2 0.813025 0.645542 0.009823 0.013153
2 0.892810 0.681085 0.009823 0.013153
2 0.972595 0.888051 0.009823 0.013153
7 0.094975 0.639797 0.009823 0.013153
7 0.192481 0.694169 0.009823 0.013153
7 0.290000 0.682915 0.009823 0.013153
7 0.387519 0.677966 0.009823 0.013153
7 0.485025 0.699983 0.009823 0.013153
7 0.582544 0.741102 0.009823 0.013153
7 0.680051 0.616305 0.009823 0.013153
7 0.777570 0.691814 0.009823 0.013153
7 0.875076 0.628661 0.009823 0.013153
7 0.972595 0.331695 0.009823 0.013153
0 0.094975 0.622881 0.009823 0.013153
0 0.204671 0.774712 0.009823 0.013153
0 0.314380 0.597966 0.009823 0.013153
0 0.424076 0.601085 0.009823 0.013153
0 0.533785 0.374254 0.009823 0.013153
0 0.643481 0.387695 0.009823 0.013153
0 0.753190 0.289169 0.009823 0.013153
0 0.862886 0.307932 0.009823 0.013153
0 0.972595 0.168525 0.009823 0.013153
1 0.094975 0.547949 0.009823 0.013153
1 0.204671 0.562864 0.009823 0.013153
1 0.314380 0.474627 0.009823 0.013153
1 0.424076 0.537644 0.009823 0.013153
1 0.533785 0.460390 0.009823 0.013153
1 0.643481 0.502169 0.009823 0.013153
1 0.753190 0.539559 0.009823 0.013153
1 0.862886 0.750186 0.009823 0.013153
1 0.972595 0.231847 0.009823 0.013153
6 0.094975 0.808475 0.009823 0.013153
6 0.182734 0.687305 0.009823 0.013153
6 0.270494 0.738576 0.009823 0.013153
6 0.358266 0.763559 0.009823 0.013153
6 0.446025 0.891814 0.009823 0.013153
6 0.533785 0.810610 0.009823 0.013153
6 0.621544 0.857034 0.009823 0.013153
6 0.709304 0.852797 0.009823 0.013153
6 0.797063 0.687169 0.009823 0.013153
6 0.884835 0.413169 0.009823 0.013153
6 0.972595 0.034746 0.009823 0.013153