3 0.098772 0.819525 0.014937 0.020000
3 0.166747 0.843271 0.014937 0.020000
3 0.234734 0.911271 0.014937 0.020000
3 0.302709 0.876339 0.014937 0.020000
3 0.370696 0.913085 0.014937 0.020000
3 0.438671 0.884576 0.014937 0.020000
3 0.506658 0.913085 0.014937 0.020000
3 0.574633 0.913085 0.014937 0.020000
3 0.642620 0.913085 0.014937 0.020000
3 0.710595 0.913085 0.014937 0.020000
3 0.778570 0.913085 0.014937 0.020000
3 0.846557 0.913085 0.014937 0.020000
3 0.914532 0.913085 0.014937 0.020000
3 0.982519 0.913085 0.014937 0.020000
2 0.098772 0.832153 0.014937 0.020000
2 0.154000 0.880220 0.014937 0.020000
2 0.209241 0.803525 0.014937 0.020000
2 0.264468 0.822458 0.014937 0.020000
2 0.319709 0.799627 0.014937 0.020000
2 0.374937 0.762373 0.014937 0.020000
2 0.430177 0.652678 0.014937 0.020000
2 0.485405 0.718542 0.014937 0.020000
2 0.540646 0.714627 0.014937 0.020000
2 0.595873 0.658356 0.014937 0.020000
2 0.651114 0.557119 0.014937 0.020000
2 0.706342 0.477898 0.014937 0.020000
2 0.761582 0.446881 0.014937 0.020000
2 0.816810 0.474542 0.014937 0.020000
2 0.872051 0.362034 0.014937 0.020000
2 0.927278 0.424119 0.014937 0.020000
2 0.982519 0.395017 0.014937 0.020000
5 0.098772 0.862661 0.014937 0.020000
5 0.154000 0.651339 0.014937 0.020000
5 0.209241 0.508712 0.014937 0.020000
5 0.264468 0.473949 0.014937 0.020000
5 0.319709 0.308559 0.014937 0.020000
5 0.374937 0.327712 0.014937 0.020000
5 0.430177 0.232169 0.014937 0.020000
5 0.485405 0.235508 0.014937 0.020000
5 0.540646 0.260186 0.014937 0.020000
5 0.595873 0.222966 0.014937 0.020000
5 0.651114 0.187407 0.014937 0.020000
5 0.706342 0.189068 0.014937 0.020000
5 0.761582 0.182390 0.014937 0.020000
5 0.816810 0.216271 0.014937 0.020000
5 0.872051 0.196424 0.014937 0.020000
5 0.927278 0.131881 0.014937 0.020000
5 0.982519 0.229610 0.014937 0.020000
0 0.098772 0.886169 0.014937 0.020000
0 0.154000 0.856814 0.014937 0.020000
0 0.209241 0.874695 0.014937 0.020000
0 0.264468 0.845390 0.014937 0.020000
0 0.319709 0.805271 0.014937 0.020000
0 0.374937 0.759068 0.014937 0.020000
0 0.430177 0.801492 0.014937 0.020000
0 0.485405 0.729542 0.014937 0.020000
0 0.540646 0.773712 0.014937 0.020000
0 0.595873 0.814034 0.014937 0.020000
0 0.651114 0.796508 0.014937 0.020000
0 0.706342 0.775000 0.014937 0.020000
0 0.761582 0.773085 0.014937 0.020000
0 0.816810 0.802271 0.014937 0.020000
0 0.872051 0.786407 0.014937 0.020000
0 0.927278 0.773763 0.014937 0.020000
0 0.982519 0.731254 0.014937 0.020000