0 0.107001 0.771088 0.019314 0.025850
0 0.203253 0.785068 0.019314 0.025850
0 0.299504 0.818639 0.019314 0.025850
0 0.395743 0.793588 0.019314 0.025850
0 0.491995 0.788895 0.019314 0.025850
0 0.588247 0.805459 0.019314 0.025850
0 0.684498 0.790816 0.019314 0.025850
0 0.780750 0.799847 0.019314 0.025850
0 0.877001 0.733350 0.019314 0.025850
0 0.973253 0.899779 0.019314 0.025850
6 0.107001 0.722619 0.019314 0.025850
6 0.193621 0.778912 0.019314 0.025850
6 0.280254 0.807857 0.019314 0.025850
6 0.366874 0.791837 0.019314 0.025850
6 0.453494 0.725935 0.019314 0.025850
6 0.540127 0.737194 0.019314 0.025850
6 0.626747 0.777925 0.019314 0.025850
6 0.713367 0.741735 0.019314 0.025850
6 0.800000 0.734694 0.019314 0.025850
6 0.886620 0.584320 0.019314 0.025850
6 0.973253 0.163741 0.019314 0.025850
1 0.107001 0.732840 0.019314 0.025850
1 0.230750 0.801259 0.019314 0.025850
1 0.354498 0.789048 0.019314 0.025850
1 0.478247 0.870663 0.019314 0.025850
1 0.601995 0.821769 0.019314 0.025850
1 0.725743 0.775476 0.019314 0.025850
1 0.849492 0.899779 0.019314 0.025850
1 0.973253 0.899779 0.019314 0.025850
5 0.107001 0.741071 0.019314 0.025850
5 0.230750 0.798401 0.019314 0.025850
5 0.354498 0.833299 0.019314 0.025850
5 0.478247 0.761122 0.019314 0.025850
5 0.601995 0.754932 0.019314 0.025850
5 0.725743 0.803401 0.019314 0.025850
5 0.849492 0.545952 0.019314 0.025850
5 0.973253 0.223673 0.019314 0.025850