1 0.134134 0.704111 0.022586 0.030308
1 0.203395 0.770744 0.022586 0.030308
1 0.272656 0.737735 0.022586 0.030308
1 0.341904 0.717615 0.022586 0.030308
1 0.411166 0.741786 0.022586 0.030308
1 0.480427 0.756453 0.022586 0.030308
1 0.549688 0.701137 0.022586 0.030308
1 0.618949 0.766573 0.022586 0.030308
1 0.688197 0.683222 0.022586 0.030308
1 0.757459 0.790026 0.022586 0.030308
1 0.826720 0.621410 0.022586 0.030308
1 0.895981 0.456162 0.022586 0.030308
1 0.965242 0.153581 0.022586 0.030308
4 0.134134 0.686641 0.022586 0.030308
4 0.252860 0.624573 0.022586 0.030308
4 0.371586 0.634709 0.022586 0.030308
4 0.490325 0.575769 0.022586 0.030308
4 0.609051 0.497906 0.022586 0.030308
4 0.727777 0.292299 0.022586 0.030308
4 0.846503 0.262709 0.022586 0.030308
4 0.965242 0.194709 0.022586 0.030308
0 0.134134 0.804641 0.022586 0.030308
0 0.209688 0.724709 0.022586 0.030308
0 0.285242 0.717752 0.022586 0.030308
0 0.360796 0.764487 0.022586 0.030308
0 0.436350 0.798333 0.022586 0.030308
0 0.511904 0.774812 0.022586 0.030308
0 0.587459 0.761188 0.022586 0.030308
0 0.663013 0.790504 0.022586 0.030308
0 0.738567 0.726026 0.022586 0.030308
0 0.814134 0.583718 0.022586 0.030308
0 0.889688 0.318607 0.022586 0.030308
0 0.965242 0.188966 0.022586 0.030308
3 0.134134 0.657120 0.022586 0.030308
3 0.198070 0.586179 0.022586 0.030308
3 0.261994 0.699188 0.022586 0.030308
3 0.325930 0.613444 0.022586 0.030308
3 0.389854 0.520624 0.022586 0.030308
3 0.453790 0.484897 0.022586 0.030308
3 0.517726 0.445684 0.022586 0.030308
3 0.581650 0.400402 0.022586 0.030308
3 0.645586 0.395769 0.022586 0.030308
3 0.709510 0.391718 0.022586 0.030308
3 0.773446 0.344949 0.022586 0.030308
3 0.837382 0.336350 0.022586 0.030308
3 0.901306 0.310470 0.022586 0.030308
3 0.965242 0.300162 0.022586 0.030308
2 0.134134 0.833085 0.022586 0.030308
2 0.203395 0.716248 0.022586 0.030308
2 0.272656 0.711188 0.022586 0.030308
2 0.341904 0.753325 0.022586 0.030308
2 0.411166 0.758197 0.022586 0.030308
2 0.480427 0.723496 0.022586 0.030308
2 0.549688 0.740128 0.022586 0.030308
2 0.618949 0.833444 0.022586 0.030308
2 0.688197 0.767650 0.022586 0.030308
2 0.757459 0.718197 0.022586 0.030308
2 0.826720 0.672761 0.022586 0.030308
2 0.895981 0.550675 0.022586 0.030308
2 0.965242 0.270026 0.022586 0.030308
5 0.134134 0.589650 0.022586 0.030308
5 0.252860 0.608795 0.022586 0.030308
5 0.371586 0.619667 0.022586 0.030308
5 0.490325 0.626060 0.022586 0.030308
5 0.609051 0.618145 0.022586 0.030308
5 0.727777 0.664282 0.022586 0.030308
5 0.846503 0.660915 0.022586 0.030308
5 0.965242 0.635684 0.022586 0.030308