1 0.091177 0.611254 0.009696 0.012983
1 0.164962 0.675864 0.009696 0.012983
1 0.238734 0.770542 0.009696 0.012983
1 0.312519 0.658644 0.009696 0.012983
1 0.386304 0.672424 0.009696 0.012983
1 0.460089 0.704288 0.009696 0.012983
1 0.533873 0.752712 0.009696 0.012983
1 0.607646 0.697119 0.009696 0.012983
1 0.681430 0.683390 0.009696 0.012983
1 0.755215 0.674814 0.009696 0.012983
1 0.829000 0.686712 0.009696 0.012983
1 0.902785 0.720983 0.009696 0.012983
1 0.976557 0.831610 0.009696 0.012983
0 0.091177 0.702254 0.009696 0.012983
0 0.201848 0.671305 0.009696 0.012983
0 0.312519 0.604915 0.009696 0.012983
0 0.423190 0.673678 0.009696 0.012983
0 0.533873 0.638000 0.009696 0.012983
0 0.644544 0.527746 0.009696 0.012983
0 0.755215 0.425356 0.009696 0.012983
0 0.865886 0.305932 0.009696 0.012983
0 0.976557 0.232000 0.009696 0.012983
3 0.091177 0.753983 0.009696 0.012983
3 0.159278 0.799661 0.009696 0.012983
3 0.227392 0.825220 0.009696 0.012983
3 0.295494 0.776407 0.009696 0.012983
3 0.363608 0.765085 0.009696 0.012983
3 0.431709 0.737644 0.009696 0.012983
3 0.499810 0.795593 0.009696 0.012983
3 0.567924 0.799966 0.009696 0.012983
3 0.636025 0.706034 0.009696 0.012983
3 0.704139 0.786983 0.009696 0.012983
3 0.772241 0.727254 0.009696 0.012983
3 0.840342 0.579492 0.009696 0.012983
3 0.908456 0.244237 0.009696 0.012983
3 0.976557 0.166475 0.009696 0.012983