7 0.087380 0.732525 0.010734 0.014373
7 0.155772 0.835102 0.010734 0.014373
7 0.224177 0.698356 0.010734 0.014373
7 0.292570 0.871322 0.010734 0.014373
7 0.360975 0.767983 0.010734 0.014373
7 0.429367 0.693119 0.010734 0.014373
7 0.497772 0.619966 0.010734 0.014373
7 0.566165 0.779424 0.010734 0.014373
7 0.634570 0.816373 0.010734 0.014373
7 0.702962 0.729881 0.010734 0.014373
7 0.771367 0.746576 0.010734 0.014373
7 0.839759 0.634492 0.010734 0.014373
7 0.908165 0.213186 0.010734 0.014373
7 0.976557 0.067102 0.010734 0.014373
6 0.087380 0.720051 0.010734 0.014373
6 0.161481 0.705153 0.010734 0.014373
6 0.235570 0.807559 0.010734 0.014373
6 0.309671 0.698271 0.010734 0.014373
6 0.383772 0.718153 0.010734 0.014373
6 0.457873 0.807186 0.010734 0.014373
6 0.531962 0.814949 0.010734 0.014373
6 0.606063 0.796678 0.010734 0.014373
6 0.680165 0.913763 0.010734 0.014373
6 0.754266 0.700424 0.010734 0.014373
6 0.828367 0.815864 0.010734 0.014373
6 0.902456 0.753322 0.010734 0.014373
6 0.976557 0.322000 0.010734 0.014373
1 0.087380 0.701017 0.010734 0.014373
1 0.186177 0.629644 0.010734 0.014373
1 0.284975 0.678881 0.010734 0.014373
1 0.383772 0.557915 0.010734 0.014373
1 0.482570 0.581441 0.010734 0.014373
1 0.581367 0.448576 0.010734 0.014373
1 0.680165 0.338220 0.010734 0.014373
1 0.778962 0.298305 0.010734 0.014373
1 0.877759 0.359763 0.010734 0.014373
1 0.976557 0.397051 0.010734 0.014373
5 0.087380 0.734119 0.010734 0.014373
5 0.186177 0.840508 0.010734 0.014373
5 0.284975 0.839458 0.010734 0.014373
5 0.383772 0.704322 0.010734 0.014373
5 0.482570 0.907254 0.010734 0.014373
5 0.581367 0.883610 0.010734 0.014373
5 0.680165 0.762814 0.010734 0.014373
5 0.778962 0.598627 0.010734 0.014373
5 0.877759 0.377593 0.010734 0.014373
5 0.976557 0.176475 0.010734 0.014373
3 0.087380 0.485593 0.010734 0.014373
3 0.168215 0.493475 0.010734 0.014373
3 0.249051 0.458898 0.010734 0.014373
3 0.329886 0.589814 0.010734 0.014373
3 0.410722 0.563847 0.010734 0.014373
3 0.491544 0.710390 0.010734 0.014373
3 0.572380 0.557356 0.010734 0.014373
3 0.653215 0.596051 0.010734 0.014373
3 0.734051 0.505373 0.010734 0.014373
3 0.814886 0.674780 0.010734 0.014373
3 0.895722 0.679051 0.010734 0.014373
3 0.976557 0.606153 0.010734 0.014373
2 0.087380 0.764271 0.010734 0.014373
2 0.155772 0.689644 0.010734 0.014373
2 0.224177 0.853153 0.010734 0.014373
2 0.292570 0.701559 0.010734 0.014373
2 0.360975 0.867763 0.010734 0.014373
2 0.429367 0.728390 0.010734 0.014373
2 0.497772 0.733695 0.010734 0.014373
2 0.566165 0.808915 0.010734 0.014373
2 0.634570 0.791881 0.010734 0.014373
2 0.702962 0.821220 0.010734 0.014373
2 0.771367 0.766458 0.010734 0.014373
2 0.839759 0.532983 0.010734 0.014373
2 0.908165 0.196763 0.010734 0.014373
2 0.976557 0.127305 0.010734 0.014373