5 0.096872 0.914250 0.011307 0.015179
5 0.177418 0.573569 0.011307 0.015179
5 0.257976 0.376618 0.011307 0.015179
5 0.338522 0.280503 0.011307 0.015179
5 0.419080 0.176550 0.011307 0.015179
5 0.499626 0.057283 0.011307 0.015179
5 0.580184 0.061831 0.011307 0.015179
5 0.660730 0.090928 0.011307 0.015179
5 0.741288 0.127913 0.011307 0.015179
5 0.821846 0.188918 0.011307 0.015179
5 0.902392 0.122530 0.011307 0.015179
5 0.982951 0.258867 0.011307 0.015179
7 0.096872 0.827930 0.011307 0.015179
7 0.165032 0.591559 0.011307 0.015179
7 0.233192 0.636141 0.011307 0.015179
7 0.301352 0.501985 0.011307 0.015179
7 0.369511 0.467351 0.011307 0.015179
7 0.437671 0.587010 0.011307 0.015179
7 0.505831 0.418918 0.011307 0.015179
7 0.573991 0.306261 0.011307 0.015179
7 0.642151 0.366431 0.011307 0.015179
7 0.710311 0.196175 0.011307 0.015179
7 0.778471 0.402871 0.011307 0.015179
7 0.846631 0.343535 0.011307 0.015179
7 0.914791 0.297487 0.011307 0.015179
7 0.982951 0.300213 0.011307 0.015179