1 0.108907 0.796968 0.014689 0.019693
1 0.195108 0.747257 0.014689 0.019693
1 0.281309 0.790324 0.014689 0.019693
1 0.367510 0.763629 0.014689 0.019693
1 0.453698 0.723492 0.014689 0.019693
1 0.539898 0.652947 0.014689 0.019693
1 0.626099 0.601789 0.014689 0.019693
1 0.712300 0.495894 0.014689 0.019693
1 0.798501 0.484872 0.014689 0.019693
1 0.884701 0.422572 0.014689 0.019693
1 0.970902 0.383118 0.014689 0.019693
0 0.108907 0.764838 0.014689 0.019693
0 0.180737 0.812760 0.014689 0.019693
0 0.252567 0.744804 0.014689 0.019693
0 0.324409 0.779574 0.014689 0.019693
0 0.396239 0.813203 0.014689 0.019693
0 0.468069 0.728143 0.014689 0.019693
0 0.539898 0.785894 0.014689 0.019693
0 0.611741 0.806303 0.014689 0.019693
0 0.683571 0.735281 0.014689 0.019693
0 0.755400 0.804719 0.014689 0.019693
0 0.827243 0.669659 0.014689 0.019693
0 0.899072 0.278671 0.014689 0.019693
0 0.970902 0.191107 0.014689 0.019693
4 0.108907 0.611465 0.014689 0.019693
4 0.216658 0.590307 0.014689 0.019693
4 0.324409 0.562504 0.014689 0.019693
4 0.432160 0.601499 0.014689 0.019693
4 0.539898 0.617445 0.014689 0.019693
4 0.647649 0.618160 0.014689 0.019693
4 0.755400 0.648705 0.014689 0.019693
4 0.863151 0.711090 0.014689 0.019693
4 0.970902 0.901141 0.014689 0.019693
5 0.108907 0.706218 0.014689 0.019693
5 0.180737 0.715213 0.014689 0.019693
5 0.252567 0.698569 0.014689 0.019693
5 0.324409 0.651124 0.014689 0.019693
5 0.396239 0.688041 0.014689 0.019693
5 0.468069 0.677819 0.014689 0.019693
5 0.539898 0.584787 0.014689 0.019693
5 0.611741 0.494191 0.014689 0.019693
5 0.683571 0.434872 0.014689 0.019693
5 0.755400 0.333816 0.014689 0.019693
5 0.827243 0.228177 0.014689 0.019693
5 0.899072 0.183646 0.014689 0.019693
5 0.970902 0.223969 0.014689 0.019693
3 0.108907 0.636405 0.014689 0.019693
3 0.216658 0.547104 0.014689 0.019693
3 0.324409 0.501346 0.014689 0.019693
3 0.432160 0.316968 0.014689 0.019693
3 0.539898 0.286422 0.014689 0.019693
3 0.647649 0.206661 0.014689 0.019693
3 0.755400 0.163118 0.014689 0.019693
3 0.863151 0.207036 0.014689 0.019693
3 0.970902 0.113458 0.014689 0.019693