2 0.141452 0.803863 0.016688 0.022393
2 0.234102 0.729897 0.016688 0.022393
2 0.326764 0.617043 0.016688 0.022393
2 0.419414 0.587966 0.016688 0.022393
2 0.512064 0.452786 0.016688 0.022393
2 0.604713 0.397624 0.016688 0.022393
2 0.697363 0.308821 0.016688 0.022393
2 0.790013 0.270462 0.016688 0.022393
2 0.882662 0.183897 0.016688 0.022393
2 0.975325 0.321795 0.016688 0.022393
6 0.141452 0.658017 0.016688 0.022393
6 0.210943 0.631043 0.016688 0.022393
6 0.280433 0.534479 0.016688 0.022393
6 0.349924 0.587453 0.016688 0.022393
6 0.419414 0.545726 0.016688 0.022393
6 0.488904 0.422427 0.016688 0.022393
6 0.558382 0.381162 0.016688 0.022393
6 0.627873 0.349949 0.016688 0.022393
6 0.697363 0.381726 0.016688 0.022393
6 0.766854 0.331504 0.016688 0.022393
6 0.836344 0.294342 0.016688 0.022393
6 0.905834 0.205573 0.016688 0.022393
6 0.975325 0.145145 0.016688 0.022393
3 0.141452 0.535897 0.016688 0.022393
3 0.210943 0.575966 0.016688 0.022393
3 0.280433 0.491778 0.016688 0.022393
3 0.349924 0.497504 0.016688 0.022393
3 0.419414 0.429932 0.016688 0.022393
3 0.488904 0.443504 0.016688 0.022393
3 0.558382 0.433812 0.016688 0.022393
3 0.627873 0.345538 0.016688 0.022393
3 0.697363 0.374821 0.016688 0.022393
3 0.766854 0.327368 0.016688 0.022393
3 0.836344 0.212051 0.016688 0.022393
3 0.905834 0.257624 0.016688 0.022393
3 0.975325 0.203111 0.016688 0.022393
0 0.141452 0.771145 0.016688 0.022393
0 0.260573 0.717607 0.016688 0.022393
0 0.379707 0.758718 0.016688 0.022393
0 0.498828 0.612171 0.016688 0.022393
0 0.617949 0.603573 0.016688 0.022393
0 0.737070 0.463453 0.016688 0.022393
0 0.856191 0.436496 0.016688 0.022393
0 0.975325 0.388667 0.016688 0.022393