4 0.087373 0.821636 0.013405 0.017949
4 0.156411 0.811619 0.013405 0.017949
4 0.225449 0.794975 0.013405 0.017949
4 0.294475 0.737280 0.013405 0.017949
4 0.363513 0.761890 0.013405 0.017949
4 0.432551 0.741008 0.013405 0.017949
4 0.501576 0.687314 0.013405 0.017949
4 0.570614 0.740364 0.013405 0.017949
4 0.639652 0.671873 0.013405 0.017949
4 0.708677 0.631924 0.013405 0.017949
4 0.777715 0.570822 0.013405 0.017949
4 0.846741 0.605381 0.013405 0.017949
4 0.915778 0.637703 0.013405 0.017949
4 0.984816 0.491161 0.013405 0.017949
6 0.087373 0.773822 0.013405 0.017949
6 0.168968 0.807619 0.013405 0.017949
6 0.250551 0.720636 0.013405 0.017949
6 0.332133 0.705297 0.013405 0.017949
6 0.413715 0.710008 0.013405 0.017949
6 0.495297 0.551212 0.013405 0.017949
6 0.576892 0.517992 0.013405 0.017949
6 0.658475 0.409822 0.013405 0.017949
6 0.740057 0.261415 0.013405 0.017949
6 0.821639 0.276975 0.013405 0.017949
6 0.903234 0.226381 0.013405 0.017949
6 0.984816 0.183144 0.013405 0.017949
0 0.087373 0.781008 0.013405 0.017949
0 0.266867 0.501449 0.013405 0.017949
0 0.446348 0.292449 0.013405 0.017949
0 0.625842 0.265263 0.013405 0.017949
0 0.805323 0.334517 0.013405 0.017949
0 0.984816 0.226364 0.013405 0.017949
3 0.087373 0.769042 0.013405 0.017949
3 0.199563 0.816280 0.013405 0.017949
3 0.311741 0.864483 0.013405 0.017949
3 0.423918 0.861398 0.013405 0.017949
3 0.536095 0.854364 0.013405 0.017949
3 0.648272 0.858754 0.013405 0.017949
3 0.760449 0.924958 0.013405 0.017949
3 0.872639 0.924958 0.013405 0.017949
3 0.984816 0.924958 0.013405 0.017949
1 0.087373 0.519822 0.013405 0.017949
1 0.168968 0.587161 0.013405 0.017949
1 0.250551 0.570754 0.013405 0.017949
1 0.332133 0.550653 0.013405 0.017949
1 0.413715 0.576449 0.013405 0.017949
1 0.495297 0.655161 0.013405 0.017949
1 0.576892 0.644805 0.013405 0.017949
1 0.658475 0.719144 0.013405 0.017949
1 0.740057 0.705364 0.013405 0.017949
1 0.821639 0.727686 0.013405 0.017949
1 0.903234 0.754890 0.013405 0.017949
1 0.984816 0.732636 0.013405 0.017949
2 0.087373 0.624246 0.013405 0.017949
2 0.187095 0.570619 0.013405 0.017949
2 0.286804 0.502110 0.013405 0.017949
2 0.386525 0.512924 0.013405 0.017949
2 0.486234 0.506720 0.013405 0.017949
2 0.585956 0.445381 0.013405 0.017949
2 0.685665 0.480941 0.013405 0.017949
2 0.785386 0.365059 0.013405 0.017949
2 0.885095 0.438703 0.013405 0.017949
2 0.984816 0.493331 0.013405 0.017949