1 0.087373 0.616059 0.013354 0.017881
1 0.162158 0.540127 0.013354 0.017881
1 0.236943 0.563178 0.013354 0.017881
1 0.311728 0.537229 0.013354 0.017881
1 0.386525 0.444788 0.013354 0.017881
1 0.461310 0.537347 0.013354 0.017881
1 0.536095 0.451331 0.013354 0.017881
1 0.610880 0.509788 0.013354 0.017881
1 0.685665 0.504008 0.013354 0.017881
1 0.760449 0.445669 0.013354 0.017881
1 0.835234 0.515144 0.013354 0.017881
1 0.910019 0.436551 0.013354 0.017881
1 0.984804 0.412992 0.013354 0.017881
0 0.087373 0.729907 0.013354 0.017881
0 0.151475 0.681517 0.013354 0.017881
0 0.215576 0.698619 0.013354 0.017881
0 0.279677 0.648076 0.013354 0.017881
0 0.343778 0.563110 0.013354 0.017881
0 0.407892 0.428856 0.013354 0.017881
0 0.471994 0.341720 0.013354 0.017881
0 0.536095 0.306822 0.013354 0.017881
0 0.600196 0.256466 0.013354 0.017881
0 0.664297 0.266195 0.013354 0.017881
0 0.728399 0.107907 0.013354 0.017881
0 0.792500 0.212025 0.013354 0.017881
0 0.856601 0.196534 0.013354 0.017881
0 0.920703 0.167839 0.013354 0.017881
0 0.984804 0.201347 0.013354 0.017881