5 0.113551 0.793722 0.013761 0.018450
5 0.199282 0.787215 0.013761 0.018450
5 0.285025 0.773842 0.013761 0.018450
5 0.370756 0.723126 0.013761 0.018450
5 0.456487 0.745579 0.013761 0.018450
5 0.542230 0.759072 0.013761 0.018450
5 0.627961 0.786840 0.013761 0.018450
5 0.713691 0.751303 0.013761 0.018450
5 0.799435 0.819974 0.013761 0.018450
5 0.885165 0.734864 0.013761 0.018450
5 0.970909 0.826891 0.013761 0.018450
3 0.113551 0.702240 0.013761 0.018450
3 0.185000 0.616346 0.013761 0.018450
3 0.256436 0.598697 0.013761 0.018450
3 0.327884 0.651235 0.013761 0.018450
3 0.399333 0.691985 0.013761 0.018450
3 0.470781 0.600315 0.013761 0.018450
3 0.542230 0.654216 0.013761 0.018450
3 0.613679 0.653552 0.013761 0.018450
3 0.685114 0.682053 0.013761 0.018450
3 0.756563 0.619787 0.013761 0.018450
3 0.828011 0.614847 0.013761 0.018450
3 0.899460 0.615290 0.013761 0.018450
3 0.970909 0.418356 0.013761 0.018450
4 0.113551 0.660315 0.013761 0.018450
4 0.199282 0.733143 0.013761 0.018450
4 0.285025 0.652359 0.013761 0.018450
4 0.370756 0.569412 0.013761 0.018450
4 0.456487 0.468867 0.013761 0.018450
4 0.542230 0.473910 0.013761 0.018450
4 0.627961 0.356431 0.013761 0.018450
4 0.713691 0.358390 0.013761 0.018450
4 0.799435 0.313927 0.013761 0.018450
4 0.885165 0.308646 0.013761 0.018450
4 0.970909 0.318424 0.013761 0.018450
2 0.113551 0.782905 0.013761 0.018450
2 0.199282 0.771661 0.013761 0.018450
2 0.285025 0.784455 0.013761 0.018450
2 0.370756 0.826107 0.013761 0.018450
2 0.456487 0.763262 0.013761 0.018450
2 0.542230 0.803433 0.013761 0.018450
2 0.627961 0.787368 0.013761 0.018450
2 0.713691 0.858646 0.013761 0.018450
2 0.799435 0.720026 0.013761 0.018450
2 0.885165 0.471218 0.013761 0.018450
2 0.970909 0.190656 0.013761 0.018450