5 0.105731 0.754327 0.013799 0.018501
5 0.163571 0.776388 0.013799 0.018501
5 0.221398 0.792658 0.013799 0.018501
5 0.279238 0.742726 0.013799 0.018501
5 0.337065 0.667564 0.013799 0.018501
5 0.394905 0.682760 0.013799 0.018501
5 0.452745 0.584549 0.013799 0.018501
5 0.510572 0.495077 0.013799 0.018501
5 0.568412 0.453492 0.013799 0.018501
5 0.626239 0.383339 0.013799 0.018501
5 0.684079 0.388807 0.013799 0.018501
5 0.741906 0.304651 0.013799 0.018501
5 0.799746 0.300716 0.013799 0.018501
5 0.857586 0.214463 0.013799 0.018501
5 0.915413 0.163969 0.013799 0.018501
5 0.973253 0.206371 0.013799 0.018501
4 0.105731 0.732351 0.013799 0.018501
4 0.229657 0.734821 0.013799 0.018501
4 0.353596 0.753833 0.013799 0.018501
4 0.477522 0.770119 0.013799 0.018501
4 0.601461 0.835332 0.013799 0.018501
4 0.725388 0.739659 0.013799 0.018501
4 0.849314 0.809779 0.013799 0.018501
4 0.973253 0.644157 0.013799 0.018501
7 0.105731 0.756440 0.013799 0.018501
7 0.159949 0.758160 0.013799 0.018501
7 0.214168 0.755247 0.013799 0.018501
7 0.268386 0.713118 0.013799 0.018501
7 0.322605 0.741005 0.013799 0.018501
7 0.376836 0.650937 0.013799 0.018501
7 0.431055 0.700835 0.013799 0.018501
7 0.485273 0.629233 0.013799 0.018501
7 0.539492 0.539387 0.013799 0.018501
7 0.593710 0.467087 0.013799 0.018501
7 0.647929 0.386882 0.013799 0.018501
7 0.702147 0.312436 0.013799 0.018501
7 0.756366 0.304412 0.013799 0.018501
7 0.810584 0.192334 0.013799 0.018501
7 0.864803 0.184208 0.013799 0.018501
7 0.919034 0.133492 0.013799 0.018501
7 0.973253 0.169216 0.013799 0.018501
0 0.105731 0.601329 0.013799 0.018501
0 0.172465 0.518756 0.013799 0.018501
0 0.239199 0.585094 0.013799 0.018501
0 0.305934 0.578978 0.013799 0.018501
0 0.372656 0.489881 0.013799 0.018501
0 0.439390 0.529830 0.013799 0.018501
0 0.506125 0.594821 0.013799 0.018501
0 0.572859 0.516508 0.013799 0.018501
0 0.639593 0.581073 0.013799 0.018501
0 0.706315 0.622828 0.013799 0.018501
0 0.773050 0.580630 0.013799 0.018501
0 0.839784 0.524208 0.013799 0.018501
0 0.906518 0.499727 0.013799 0.018501
0 0.973253 0.489881 0.013799 0.018501