6 0.082158 0.687737 0.011152 0.014932
6 0.181753 0.847364 0.011152 0.014932
6 0.281335 0.793585 0.011152 0.014932
6 0.380930 0.722059 0.011152 0.014932
6 0.480525 0.848754 0.011152 0.014932
6 0.580120 0.763805 0.011152 0.014932
6 0.679715 0.859805 0.011152 0.014932
6 0.779310 0.808314 0.011152 0.014932
6 0.878905 0.241347 0.011152 0.014932
6 0.978487 0.133703 0.011152 0.014932
0 0.082158 0.588992 0.011152 0.014932
0 0.163639 0.849093 0.011152 0.014932
0 0.245120 0.768517 0.011152 0.014932
0 0.326614 0.801771 0.011152 0.014932
0 0.408095 0.806771 0.011152 0.014932
0 0.489576 0.761924 0.011152 0.014932
0 0.571070 0.791636 0.011152 0.014932
0 0.652551 0.780924 0.011152 0.014932
0 0.734032 0.728992 0.011152 0.014932
0 0.815525 0.507415 0.011152 0.014932
0 0.897006 0.278347 0.011152 0.014932
0 0.978487 0.229229 0.011152 0.014932
1 0.082158 0.693771 0.011152 0.014932
1 0.151108 0.538686 0.011152 0.014932
1 0.220057 0.647008 0.011152 0.014932
1 0.289006 0.588178 0.011152 0.014932
1 0.357956 0.543517 0.011152 0.014932
1 0.426905 0.744534 0.011152 0.014932
1 0.495854 0.577297 0.011152 0.014932
1 0.564791 0.617178 0.011152 0.014932
1 0.633741 0.551263 0.011152 0.014932
1 0.702690 0.595771 0.011152 0.014932
1 0.771639 0.724042 0.011152 0.014932
1 0.840589 0.596161 0.011152 0.014932
1 0.909538 0.485890 0.011152 0.014932
1 0.978487 0.484059 0.011152 0.014932
7 0.082158 0.601246 0.011152 0.014932
7 0.146184 0.604178 0.011152 0.014932
7 0.210196 0.589720 0.011152 0.014932
7 0.274222 0.694568 0.011152 0.014932
7 0.338247 0.688585 0.011152 0.014932
7 0.402272 0.474364 0.011152 0.014932
7 0.466297 0.658890 0.011152 0.014932
7 0.530323 0.633958 0.011152 0.014932
7 0.594348 0.508941 0.011152 0.014932
7 0.658373 0.572381 0.011152 0.014932
7 0.722399 0.419534 0.011152 0.014932
7 0.786424 0.615008 0.011152 0.014932
7 0.850449 0.765822 0.011152 0.014932
7 0.914462 0.669720 0.011152 0.014932
7 0.978487 0.611144 0.011152 0.014932