7 0.087380 0.788847 0.015823 0.021186
7 0.168215 0.786254 0.015823 0.021186
7 0.249051 0.790559 0.015823 0.021186
7 0.329886 0.827576 0.015823 0.021186
7 0.410722 0.790576 0.015823 0.021186
7 0.491557 0.778864 0.015823 0.021186
7 0.572392 0.797492 0.015823 0.021186
7 0.653228 0.787169 0.015823 0.021186
7 0.734063 0.769288 0.015823 0.021186
7 0.814899 0.682153 0.015823 0.021186
7 0.895722 0.390712 0.015823 0.021186
7 0.976557 0.188610 0.015823 0.021186
0 0.087380 0.777864 0.015823 0.021186
0 0.150899 0.797780 0.015823 0.021186
0 0.214405 0.793475 0.015823 0.021186
0 0.277924 0.799102 0.015823 0.021186
0 0.341430 0.808746 0.015823 0.021186
0 0.404949 0.771373 0.015823 0.021186
0 0.468456 0.787102 0.015823 0.021186
0 0.531975 0.780576 0.015823 0.021186
0 0.595481 0.784203 0.015823 0.021186
0 0.659000 0.789763 0.015823 0.021186
0 0.722506 0.792627 0.015823 0.021186
0 0.786025 0.792627 0.015823 0.021186
0 0.849532 0.747661 0.015823 0.021186
0 0.913051 0.658407 0.015823 0.021186
0 0.976557 0.303356 0.015823 0.021186
4 0.087380 0.672492 0.015823 0.021186
4 0.150899 0.675034 0.015823 0.021186
4 0.214405 0.659356 0.015823 0.021186
4 0.277924 0.587458 0.015823 0.021186
4 0.341430 0.587153 0.015823 0.021186
4 0.404949 0.514373 0.015823 0.021186
4 0.468456 0.427441 0.015823 0.021186
4 0.531975 0.384288 0.015823 0.021186
4 0.595481 0.348695 0.015823 0.021186
4 0.659000 0.311881 0.015823 0.021186
4 0.722506 0.292627 0.015823 0.021186
4 0.786025 0.289593 0.015823 0.021186
4 0.849532 0.274203 0.015823 0.021186
4 0.913051 0.276475 0.015823 0.021186
4 0.976557 0.265814 0.015823 0.021186
3 0.087380 0.786881 0.015823 0.021186
3 0.155785 0.791525 0.015823 0.021186
3 0.224177 0.784339 0.015823 0.021186
3 0.292582 0.787492 0.015823 0.021186
3 0.360975 0.789763 0.015823 0.021186
3 0.429367 0.792627 0.015823 0.021186
3 0.497772 0.774729 0.015823 0.021186
3 0.566165 0.789288 0.015823 0.021186
3 0.634570 0.815932 0.015823 0.021186
3 0.702962 0.784034 0.015823 0.021186
3 0.771367 0.754492 0.015823 0.021186
3 0.839759 0.644322 0.015823 0.021186
3 0.908165 0.389797 0.015823 0.021186
3 0.976557 0.195898 0.015823 0.021186