6 0.117018 0.559932 0.012487 0.016763
6 0.202043 0.552232 0.012487 0.016763
6 0.287069 0.543203 0.012487 0.016763
6 0.372094 0.533475 0.012487 0.016763
6 0.457119 0.608177 0.012487 0.016763
6 0.542145 0.611363 0.012487 0.016763
6 0.627170 0.590273 0.012487 0.016763
6 0.712195 0.535741 0.012487 0.016763
6 0.797221 0.587973 0.012487 0.016763
6 0.882246 0.611244 0.012487 0.016763
6 0.967272 0.424872 0.012487 0.016763
5 0.117018 0.791857 0.012487 0.016763
5 0.223299 0.761550 0.012487 0.016763
5 0.329581 0.752198 0.012487 0.016763
5 0.435863 0.757513 0.012487 0.016763
5 0.542145 0.764378 0.012487 0.016763
5 0.648426 0.759847 0.012487 0.016763
5 0.754708 0.751039 0.012487 0.016763
5 0.860990 0.712913 0.012487 0.016763
5 0.967272 0.893646 0.012487 0.016763
1 0.117018 0.791840 0.012487 0.016763
1 0.223299 0.803799 0.012487 0.016763
1 0.329581 0.767240 0.012487 0.016763
1 0.435863 0.781925 0.012487 0.016763
1 0.542145 0.734753 0.012487 0.016763
1 0.648426 0.754344 0.012487 0.016763
1 0.754708 0.785980 0.012487 0.016763
1 0.860990 0.870477 0.012487 0.016763
1 0.967272 0.893646 0.012487 0.016763
2 0.117018 0.600818 0.012487 0.016763
2 0.194315 0.575196 0.012487 0.016763
2 0.271612 0.579148 0.012487 0.016763
2 0.348909 0.597121 0.012487 0.016763
2 0.426206 0.524940 0.012487 0.016763
2 0.503503 0.529779 0.012487 0.016763
2 0.580787 0.373032 0.012487 0.016763
2 0.658084 0.327359 0.012487 0.016763
2 0.735381 0.267053 0.012487 0.016763
2 0.812678 0.194617 0.012487 0.016763
2 0.889975 0.181567 0.012487 0.016763
2 0.967272 0.086559 0.012487 0.016763