1 0.094975 0.765085 0.015443 0.020678
1 0.192481 0.863678 0.015443 0.020678
1 0.290000 0.694017 0.015443 0.020678
1 0.387506 0.786814 0.015443 0.020678
1 0.485025 0.693220 0.015443 0.020678
1 0.582532 0.577017 0.015443 0.020678
1 0.680051 0.498712 0.015443 0.020678
1 0.777557 0.368085 0.015443 0.020678
1 0.875076 0.465797 0.015443 0.020678
1 0.972582 0.257780 0.015443 0.020678
4 0.094975 0.670678 0.015443 0.020678
4 0.174759 0.609017 0.015443 0.020678
4 0.254532 0.629034 0.015443 0.020678
4 0.334316 0.546712 0.015443 0.020678
4 0.414101 0.507983 0.015443 0.020678
4 0.493886 0.391508 0.015443 0.020678
4 0.573671 0.342153 0.015443 0.020678
4 0.653456 0.271254 0.015443 0.020678
4 0.733241 0.194136 0.015443 0.020678
4 0.813025 0.210424 0.015443 0.020678
4 0.892810 0.312983 0.015443 0.020678
4 0.972582 0.266797 0.015443 0.020678
5 0.094975 0.782068 0.015443 0.020678
5 0.241241 0.707424 0.015443 0.020678
5 0.387506 0.794797 0.015443 0.020678
5 0.533785 0.777068 0.015443 0.020678
5 0.680051 0.874305 0.015443 0.020678
5 0.826316 0.910373 0.015443 0.020678
5 0.972582 0.088407 0.015443 0.020678
3 0.094975 0.653644 0.015443 0.020678
3 0.192481 0.726559 0.015443 0.020678
3 0.290000 0.642678 0.015443 0.020678
3 0.387506 0.514271 0.015443 0.020678
3 0.485025 0.426492 0.015443 0.020678
3 0.582532 0.354254 0.015443 0.020678
3 0.680051 0.277186 0.015443 0.020678
3 0.777557 0.258695 0.015443 0.020678
3 0.875076 0.094814 0.015443 0.020678
3 0.972582 0.202746 0.015443 0.020678