2 0.090342 0.694407 0.015234 0.020373
2 0.149366 0.812746 0.015234 0.020373
2 0.208403 0.812864 0.015234 0.020373
2 0.267427 0.721186 0.015234 0.020373
2 0.326451 0.714186 0.015234 0.020373
2 0.385488 0.816492 0.015234 0.020373
2 0.444512 0.846712 0.015234 0.020373
2 0.503536 0.915458 0.015234 0.020373
2 0.562573 0.889559 0.015234 0.020373
2 0.621597 0.892356 0.015234 0.020373
2 0.680621 0.847559 0.015234 0.020373
2 0.739658 0.913864 0.015234 0.020373
2 0.798682 0.631475 0.015234 0.020373
2 0.857719 0.765051 0.015234 0.020373
2 0.916743 0.582644 0.015234 0.020373
2 0.975767 0.419203 0.015234 0.020373
7 0.090342 0.739814 0.015234 0.020373
7 0.149366 0.813153 0.015234 0.020373
7 0.208403 0.591424 0.015234 0.020373
7 0.267427 0.710525 0.015234 0.020373
7 0.326451 0.824780 0.015234 0.020373
7 0.385488 0.878051 0.015234 0.020373
7 0.444512 0.805763 0.015234 0.020373
7 0.503536 0.796017 0.015234 0.020373
7 0.562573 0.859322 0.015234 0.020373
7 0.621597 0.725949 0.015234 0.020373
7 0.680621 0.888661 0.015234 0.020373
7 0.739658 0.854068 0.015234 0.020373
7 0.798682 0.699678 0.015234 0.020373
7 0.857719 0.571763 0.015234 0.020373
7 0.916743 0.373898 0.015234 0.020373
7 0.975767 0.220441 0.015234 0.020373