5 0.132860 0.808453 0.019834 0.026615
5 0.253446 0.516111 0.019834 0.026615
5 0.374032 0.336453 0.019834 0.026615
5 0.494631 0.235308 0.019834 0.026615
5 0.615217 0.228778 0.019834 0.026615
5 0.735803 0.193923 0.019834 0.026615
5 0.856401 0.230385 0.019834 0.026615
5 0.976987 0.219786 0.019834 0.026615
2 0.132860 0.660624 0.019834 0.026615
2 0.226643 0.611940 0.019834 0.026615
2 0.320439 0.586145 0.019834 0.026615
2 0.414236 0.472624 0.019834 0.026615
2 0.508019 0.426162 0.019834 0.026615
2 0.601815 0.293034 0.019834 0.026615
2 0.695611 0.188128 0.019834 0.026615
2 0.789408 0.137017 0.019834 0.026615
2 0.883191 0.178436 0.019834 0.026615
2 0.976987 0.144350 0.019834 0.026615
6 0.132860 0.684282 0.019834 0.026615
6 0.238376 0.726128 0.019834 0.026615
6 0.343892 0.635393 0.019834 0.026615
6 0.449408 0.691530 0.019834 0.026615
6 0.554924 0.590402 0.019834 0.026615
6 0.660439 0.513274 0.019834 0.026615
6 0.765955 0.386624 0.019834 0.026615
6 0.871471 0.340197 0.019834 0.026615
6 0.976987 0.288607 0.019834 0.026615
1 0.132860 0.626385 0.019834 0.026615
1 0.253446 0.736009 0.019834 0.026615
1 0.374032 0.568846 0.019834 0.026615
1 0.494631 0.610128 0.019834 0.026615
1 0.615217 0.517735 0.019834 0.026615
1 0.735803 0.429752 0.019834 0.026615
1 0.856401 0.292709 0.019834 0.026615
1 0.976987 0.339205 0.019834 0.026615