2 0.123936 0.774205 0.018242 0.024479
2 0.217745 0.726410 0.018242 0.024479
2 0.311541 0.592308 0.018242 0.024479
2 0.405350 0.605316 0.018242 0.024479
2 0.499159 0.449436 0.018242 0.024479
2 0.592955 0.398718 0.018242 0.024479
2 0.686764 0.397504 0.018242 0.024479
2 0.780561 0.348137 0.018242 0.024479
2 0.874369 0.386085 0.018242 0.024479
2 0.968178 0.343026 0.018242 0.024479
7 0.123936 0.774889 0.018242 0.024479
7 0.194293 0.799761 0.018242 0.024479
7 0.264650 0.865846 0.018242 0.024479
7 0.334994 0.714872 0.018242 0.024479
7 0.405350 0.684650 0.018242 0.024479
7 0.475707 0.757983 0.018242 0.024479
7 0.546051 0.702120 0.018242 0.024479
7 0.616408 0.670325 0.018242 0.024479
7 0.686764 0.640103 0.018242 0.024479
7 0.757121 0.409897 0.018242 0.024479
7 0.827465 0.452803 0.018242 0.024479
7 0.897822 0.334256 0.018242 0.024479
7 0.968178 0.450274 0.018242 0.024479
1 0.123936 0.741897 0.018242 0.024479
1 0.184242 0.781556 0.018242 0.024479
1 0.244548 0.716051 0.018242 0.024479
1 0.304841 0.628855 0.018242 0.024479
1 0.365146 0.643282 0.018242 0.024479
1 0.425452 0.728462 0.018242 0.024479
1 0.485758 0.469179 0.018242 0.024479
1 0.546051 0.501966 0.018242 0.024479
1 0.606357 0.424496 0.018242 0.024479
1 0.666662 0.354957 0.018242 0.024479
1 0.726968 0.434684 0.018242 0.024479
1 0.787261 0.244650 0.018242 0.024479
1 0.847567 0.304444 0.018242 0.024479
1 0.907873 0.048718 0.018242 0.024479
1 0.968178 0.166154 0.018242 0.024479
0 0.123936 0.679162 0.018242 0.024479
0 0.200688 0.633966 0.018242 0.024479
0 0.277439 0.827880 0.018242 0.024479
0 0.354191 0.713675 0.018242 0.024479
0 0.430930 0.707658 0.018242 0.024479
0 0.507682 0.670376 0.018242 0.024479
0 0.584433 0.697128 0.018242 0.024479
0 0.661185 0.568872 0.018242 0.024479
0 0.737924 0.727983 0.018242 0.024479
0 0.814675 0.782564 0.018242 0.024479
0 0.891427 0.709556 0.018242 0.024479
0 0.968178 0.689556 0.018242 0.024479
4 0.123936 0.787453 0.018242 0.024479
4 0.229465 0.692581 0.018242 0.024479
4 0.334994 0.472359 0.018242 0.024479
4 0.440522 0.402068 0.018242 0.024479
4 0.546051 0.275282 0.018242 0.024479
4 0.651580 0.236991 0.018242 0.024479
4 0.757121 0.275436 0.018242 0.024479
4 0.862650 0.094427 0.018242 0.024479
4 0.968178 0.214171 0.018242 0.024479