5 0.087867 0.690076 0.010342 0.013847
5 0.162614 0.710568 0.010342 0.013847
5 0.237361 0.718415 0.010342 0.013847
5 0.312108 0.735686 0.010342 0.013847
5 0.386854 0.722212 0.010342 0.013847
5 0.461601 0.713941 0.010342 0.013847
5 0.536335 0.719161 0.010342 0.013847
5 0.611082 0.743585 0.010342 0.013847
5 0.685829 0.751754 0.010342 0.013847
5 0.760576 0.738331 0.010342 0.013847
5 0.835323 0.734839 0.010342 0.013847
5 0.910070 0.738331 0.010342 0.013847
5 0.984804 0.751398 0.010342 0.013847
0 0.087867 0.747805 0.010342 0.013847
0 0.156867 0.718398 0.010342 0.013847
0 0.225867 0.672653 0.010342 0.013847
0 0.294854 0.676568 0.010342 0.013847
0 0.363854 0.656093 0.010342 0.013847
0 0.432842 0.612686 0.010342 0.013847
0 0.501842 0.584975 0.010342 0.013847
0 0.570842 0.567110 0.010342 0.013847
0 0.639829 0.560720 0.010342 0.013847
0 0.708829 0.523924 0.010342 0.013847
0 0.777829 0.519127 0.010342 0.013847
0 0.846816 0.471517 0.010342 0.013847
0 0.915816 0.430144 0.010342 0.013847
0 0.984804 0.435720 0.010342 0.013847
7 0.087867 0.731992 0.010342 0.013847
7 0.187525 0.724619 0.010342 0.013847
7 0.287196 0.702076 0.010342 0.013847
7 0.386854 0.696653 0.010342 0.013847
7 0.486513 0.635517 0.010342 0.013847
7 0.586171 0.591195 0.010342 0.013847
7 0.685829 0.459381 0.010342 0.013847
7 0.785487 0.373347 0.010342 0.013847
7 0.885146 0.275432 0.010342 0.013847
7 0.984804 0.254500 0.010342 0.013847
4 0.087867 0.573212 0.010342 0.013847
4 0.169411 0.510517 0.010342 0.013847
4 0.250956 0.486636 0.010342 0.013847
4 0.332487 0.412042 0.010342 0.013847
4 0.414032 0.361975 0.010342 0.013847
4 0.495576 0.301483 0.010342 0.013847
4 0.577108 0.259483 0.010342 0.013847
4 0.658652 0.197703 0.010342 0.013847
4 0.740184 0.173347 0.010342 0.013847
4 0.821728 0.087483 0.010342 0.013847
4 0.903272 0.063280 0.010342 0.013847
4 0.984804 0.063280 0.010342 0.013847
2 0.087867 0.795127 0.010342 0.013847
2 0.187525 0.613297 0.010342 0.013847
2 0.287196 0.489992 0.010342 0.013847
2 0.386854 0.388229 0.010342 0.013847
2 0.486513 0.356551 0.010342 0.013847
2 0.586171 0.289805 0.010342 0.013847
2 0.685829 0.242059 0.010342 0.013847
2 0.785487 0.227466 0.010342 0.013847
2 0.885146 0.222602 0.010342 0.013847
2 0.984804 0.218161 0.010342 0.013847
1 0.087867 0.677415 0.010342 0.013847
1 0.177563 0.704941 0.010342 0.013847
1 0.267259 0.718483 0.010342 0.013847
1 0.356956 0.728992 0.010342 0.013847
1 0.446652 0.742771 0.010342 0.013847
1 0.536335 0.764415 0.010342 0.013847
1 0.626032 0.779483 0.010342 0.013847
1 0.715728 0.791856 0.010342 0.013847
1 0.805424 0.820025 0.010342 0.013847
1 0.895120 0.827297 0.010342 0.013847
1 0.984804 0.827703 0.010342 0.013847