3 0.106859 0.838782 0.017272 0.023186
3 0.186390 0.470707 0.017272 0.023186
3 0.265907 0.338578 0.017272 0.023186
3 0.345425 0.304455 0.017272 0.023186
3 0.424956 0.206925 0.017272 0.023186
3 0.504473 0.163348 0.017272 0.023186
3 0.583991 0.273518 0.017272 0.023186
3 0.663509 0.238884 0.017272 0.023186
3 0.743039 0.169923 0.017272 0.023186
3 0.822557 0.225579 0.017272 0.023186
3 0.902075 0.226618 0.017272 0.023186
3 0.981605 0.151644 0.017272 0.023186
6 0.106859 0.694744 0.017272 0.023186
6 0.216212 0.678765 0.017272 0.023186
6 0.325552 0.669974 0.017272 0.023186
6 0.434892 0.697998 0.017272 0.023186
6 0.544232 0.635426 0.017272 0.023186
6 0.653572 0.541031 0.017272 0.023186
6 0.762912 0.553722 0.017272 0.023186
6 0.872253 0.572905 0.017272 0.023186
6 0.981605 0.607487 0.017272 0.023186
5 0.106859 0.600843 0.017272 0.023186
5 0.216212 0.529617 0.017272 0.023186
5 0.325552 0.555392 0.017272 0.023186
5 0.434892 0.512308 0.017272 0.023186
5 0.544232 0.552632 0.017272 0.023186
5 0.653572 0.436840 0.017272 0.023186
5 0.762912 0.471763 0.017272 0.023186
5 0.872253 0.412683 0.017272 0.023186
5 0.981605 0.383995 0.017272 0.023186
2 0.106859 0.806005 0.017272 0.023186
2 0.231821 0.547913 0.017272 0.023186
2 0.356796 0.437215 0.017272 0.023186
2 0.481758 0.394421 0.017272 0.023186
2 0.606720 0.314847 0.017272 0.023186
2 0.731681 0.305273 0.017272 0.023186
2 0.856643 0.233773 0.017272 0.023186
2 0.981605 0.262087 0.017272 0.023186