3 0.130427 0.578897 0.016497 0.022137
3 0.224669 0.633872 0.016497 0.022137
3 0.318911 0.687530 0.016497 0.022137
3 0.413140 0.789359 0.016497 0.022137
3 0.507382 0.820744 0.016497 0.022137
3 0.601624 0.729872 0.016497 0.022137
3 0.695866 0.801547 0.016497 0.022137
3 0.790108 0.761632 0.016497 0.022137
3 0.884338 0.881342 0.016497 0.022137
3 0.978580 0.776949 0.016497 0.022137
7 0.130427 0.852675 0.016497 0.022137
7 0.224669 0.720487 0.016497 0.022137
7 0.318911 0.642863 0.016497 0.022137
7 0.413140 0.628026 0.016497 0.022137
7 0.507382 0.424385 0.016497 0.022137
7 0.601624 0.470983 0.016497 0.022137
7 0.695866 0.513581 0.016497 0.022137
7 0.790108 0.286231 0.016497 0.022137
7 0.884338 0.171085 0.016497 0.022137
7 0.978580 0.331718 0.016497 0.022137
4 0.130427 0.666744 0.016497 0.022137
4 0.224669 0.712487 0.016497 0.022137
4 0.318911 0.881342 0.016497 0.022137
4 0.413140 0.881342 0.016497 0.022137
4 0.507382 0.881342 0.016497 0.022137
4 0.601624 0.853838 0.016497 0.022137
4 0.695866 0.881342 0.016497 0.022137
4 0.790108 0.881342 0.016497 0.022137
4 0.884338 0.881342 0.016497 0.022137
4 0.978580 0.881342 0.016497 0.022137
1 0.130427 0.676966 0.016497 0.022137
1 0.215242 0.523034 0.016497 0.022137
1 0.300057 0.547376 0.016497 0.022137
1 0.384873 0.454470 0.016497 0.022137
1 0.469688 0.282248 0.016497 0.022137
1 0.554503 0.366521 0.016497 0.022137
1 0.639318 0.262333 0.016497 0.022137
1 0.724134 0.260487 0.016497 0.022137
1 0.808949 0.231359 0.016497 0.022137
1 0.893764 0.175564 0.016497 0.022137
1 0.978580 0.153940 0.016497 0.022137