2 0.089911 0.775593 0.013139 0.017593
2 0.216570 0.766271 0.013139 0.017593
2 0.343241 0.771983 0.013139 0.017593
2 0.469899 0.780593 0.013139 0.017593
2 0.596570 0.770458 0.013139 0.017593
2 0.723228 0.782051 0.013139 0.017593
2 0.849899 0.734627 0.013139 0.017593
2 0.976557 0.367085 0.013139 0.017593
4 0.089911 0.769085 0.013139 0.017593
4 0.200734 0.766542 0.013139 0.017593
4 0.311570 0.693017 0.013139 0.017593
4 0.422405 0.634288 0.013139 0.017593
4 0.533228 0.527729 0.013139 0.017593
4 0.644063 0.465678 0.013139 0.017593
4 0.754899 0.364542 0.013139 0.017593
4 0.865734 0.356898 0.013139 0.017593
4 0.976557 0.339271 0.013139 0.017593
0 0.089911 0.780746 0.013139 0.017593
0 0.200734 0.753237 0.013139 0.017593
0 0.311570 0.785034 0.013139 0.017593
0 0.422405 0.790051 0.013139 0.017593
0 0.533228 0.767864 0.013139 0.017593
0 0.644063 0.794203 0.013139 0.017593
0 0.754899 0.761441 0.013139 0.017593
0 0.865734 0.630475 0.013139 0.017593
0 0.976557 0.173220 0.013139 0.017593
1 0.089911 0.761458 0.013139 0.017593
1 0.188430 0.791441 0.013139 0.017593
1 0.286937 0.780661 0.013139 0.017593
1 0.385456 0.776678 0.013139 0.017593
1 0.483975 0.790797 0.013139 0.017593
1 0.582494 0.768644 0.013139 0.017593
1 0.681013 0.769898 0.013139 0.017593
1 0.779532 0.758085 0.013139 0.017593
1 0.878038 0.554153 0.013139 0.017593
1 0.976557 0.178153 0.013139 0.017593