4 0.091616 0.730551 0.011394 0.015237
4 0.171984 0.820669 0.011394 0.015237
4 0.252364 0.778754 0.011394 0.015237
4 0.332744 0.769856 0.011394 0.015237
4 0.413124 0.813500 0.011394 0.015237
4 0.493504 0.797212 0.011394 0.015237
4 0.573885 0.796568 0.011394 0.015237
4 0.654265 0.809008 0.011394 0.015237
4 0.734632 0.748195 0.011394 0.015237
4 0.815013 0.694093 0.011394 0.015237
4 0.895393 0.413263 0.011394 0.015237
4 0.975773 0.240127 0.011394 0.015237
5 0.091616 0.709992 0.011394 0.015237
5 0.171984 0.692127 0.011394 0.015237
5 0.252364 0.741839 0.011394 0.015237
5 0.332744 0.732127 0.011394 0.015237
5 0.413124 0.677873 0.011394 0.015237
5 0.493504 0.682127 0.011394 0.015237
5 0.573885 0.776449 0.011394 0.015237
5 0.654265 0.784076 0.011394 0.015237
5 0.734632 0.695703 0.011394 0.015237
5 0.815013 0.701246 0.011394 0.015237
5 0.895393 0.723653 0.011394 0.015237
5 0.975773 0.416941 0.011394 0.015237