4 0.091610 0.794678 0.013663 0.018271
4 0.180025 0.758831 0.013663 0.018271
4 0.268441 0.792373 0.013663 0.018271
4 0.356857 0.798593 0.013663 0.018271
4 0.445272 0.794932 0.013663 0.018271
4 0.533688 0.832542 0.013663 0.018271
4 0.622104 0.826610 0.013663 0.018271
4 0.710520 0.795458 0.013663 0.018271
4 0.798935 0.821898 0.013663 0.018271
4 0.887351 0.744153 0.013663 0.018271
4 0.975767 0.346508 0.013663 0.018271
3 0.091610 0.780746 0.013663 0.018271
3 0.165285 0.693983 0.013663 0.018271
3 0.238973 0.752644 0.013663 0.018271
3 0.312649 0.707729 0.013663 0.018271
3 0.386324 0.702339 0.013663 0.018271
3 0.460013 0.755475 0.013663 0.018271
3 0.533688 0.614898 0.013663 0.018271
3 0.607364 0.600102 0.013663 0.018271
3 0.681052 0.543085 0.013663 0.018271
3 0.754728 0.393407 0.013663 0.018271
3 0.828403 0.390390 0.013663 0.018271
3 0.902091 0.342915 0.013663 0.018271
3 0.975767 0.310831 0.013663 0.018271
2 0.091610 0.700695 0.013663 0.018271
2 0.217921 0.759627 0.013663 0.018271
2 0.344221 0.683780 0.013663 0.018271
2 0.470532 0.586305 0.013663 0.018271
2 0.596844 0.570373 0.013663 0.018271
2 0.723156 0.357373 0.013663 0.018271
2 0.849455 0.265712 0.013663 0.018271
2 0.975767 0.211797 0.013663 0.018271
1 0.091610 0.769881 0.013663 0.018271
1 0.238973 0.746356 0.013663 0.018271
1 0.386324 0.540966 0.013663 0.018271
1 0.533688 0.587814 0.013663 0.018271
1 0.681052 0.313169 0.013663 0.018271
1 0.828403 0.252068 0.013663 0.018271
1 0.975767 0.244949 0.013663 0.018271
0 0.091610 0.669508 0.013663 0.018271
0 0.217921 0.617898 0.013663 0.018271
0 0.344221 0.554271 0.013663 0.018271
0 0.470532 0.421814 0.013663 0.018271
0 0.596844 0.391373 0.013663 0.018271
0 0.723156 0.279881 0.013663 0.018271
0 0.849455 0.320458 0.013663 0.018271
0 0.975767 0.347932 0.013663 0.018271