5 0.127758 0.603265 0.021860 0.029333
5 0.211809 0.598957 0.021860 0.029333
5 0.295847 0.610513 0.021860 0.029333
5 0.379885 0.617316 0.021860 0.029333
5 0.463924 0.603709 0.021860 0.029333
5 0.547962 0.612547 0.021860 0.029333
5 0.632013 0.623573 0.021860 0.029333
5 0.716051 0.605966 0.021860 0.029333
5 0.800089 0.605214 0.021860 0.029333
5 0.884127 0.517521 0.021860 0.029333
5 0.968178 0.090598 0.021860 0.029333
0 0.127758 0.704957 0.021860 0.029333
0 0.192408 0.697043 0.021860 0.029333
0 0.257057 0.698154 0.021860 0.029333
0 0.321707 0.640786 0.021860 0.029333
0 0.386344 0.610496 0.021860 0.029333
0 0.450994 0.563385 0.021860 0.029333
0 0.515643 0.508325 0.021860 0.029333
0 0.580293 0.442940 0.021860 0.029333
0 0.644943 0.359829 0.021860 0.029333
0 0.709580 0.283607 0.021860 0.029333
0 0.774229 0.275179 0.021860 0.029333
0 0.838879 0.231214 0.021860 0.029333
0 0.903529 0.204803 0.021860 0.029333
0 0.968178 0.197573 0.021860 0.029333
6 0.127758 0.749060 0.021860 0.029333
6 0.232815 0.708462 0.021860 0.029333
6 0.337860 0.723641 0.021860 0.029333
6 0.442917 0.691231 0.021860 0.029333
6 0.547962 0.647453 0.021860 0.029333
6 0.653019 0.576632 0.021860 0.029333
6 0.758076 0.493915 0.021860 0.029333
6 0.863121 0.418410 0.021860 0.029333
6 0.968178 0.389692 0.021860 0.029333
7 0.127758 0.671043 0.021860 0.029333
7 0.232815 0.674496 0.021860 0.029333
7 0.337860 0.658940 0.021860 0.029333
7 0.442917 0.662786 0.021860 0.029333
7 0.547962 0.687692 0.021860 0.029333
7 0.653019 0.681846 0.021860 0.029333
7 0.758076 0.649846 0.021860 0.029333
7 0.863121 0.617504 0.021860 0.029333
7 0.968178 0.230598 0.021860 0.029333
3 0.127758 0.778051 0.021860 0.029333
3 0.192408 0.758239 0.021860 0.029333
3 0.257057 0.761248 0.021860 0.029333
3 0.321707 0.765026 0.021860 0.029333
3 0.386344 0.788496 0.021860 0.029333
3 0.450994 0.769402 0.021860 0.029333
3 0.515643 0.752085 0.021860 0.029333
3 0.580293 0.767863 0.021860 0.029333
3 0.644943 0.752701 0.021860 0.029333
3 0.709580 0.772274 0.021860 0.029333
3 0.774229 0.718752 0.021860 0.029333
3 0.838879 0.645863 0.021860 0.029333
3 0.903529 0.434667 0.021860 0.029333
3 0.968178 0.219299 0.021860 0.029333
4 0.127758 0.732667 0.021860 0.029333
4 0.204166 0.713248 0.021860 0.029333
4 0.280561 0.713162 0.021860 0.029333
4 0.356968 0.723641 0.021860 0.029333
4 0.433363 0.720615 0.021860 0.029333
4 0.509771 0.725692 0.021860 0.029333
4 0.586166 0.728462 0.021860 0.029333
4 0.662573 0.722991 0.021860 0.029333
4 0.738968 0.710000 0.021860 0.029333
4 0.815376 0.722581 0.021860 0.029333
4 0.891771 0.736513 0.021860 0.029333
4 0.968178 0.751316 0.021860 0.029333