3 0.130306 0.734479 0.023516 0.031556
3 0.185962 0.737846 0.023516 0.031556
3 0.241631 0.720855 0.023516 0.031556
3 0.297287 0.741043 0.023516 0.031556
3 0.352955 0.719128 0.023516 0.031556
3 0.408611 0.723316 0.023516 0.031556
3 0.464280 0.714632 0.023516 0.031556
3 0.519936 0.741744 0.023516 0.031556
3 0.575605 0.718291 0.023516 0.031556
3 0.631261 0.713145 0.023516 0.031556
3 0.686917 0.739504 0.023516 0.031556
3 0.742586 0.727077 0.023516 0.031556
3 0.798242 0.713538 0.023516 0.031556
3 0.853911 0.739521 0.023516 0.031556
3 0.909567 0.763368 0.023516 0.031556
3 0.965236 0.821761 0.023516 0.031556
5 0.130306 0.760923 0.023516 0.031556
5 0.179414 0.760718 0.023516 0.031556
5 0.228535 0.780923 0.023516 0.031556
5 0.277643 0.755692 0.023516 0.031556
5 0.326764 0.757453 0.023516 0.031556
5 0.375873 0.759778 0.023516 0.031556
5 0.424981 0.758410 0.023516 0.031556
5 0.474102 0.764222 0.023516 0.031556
5 0.523210 0.756410 0.023516 0.031556
5 0.572331 0.788068 0.023516 0.031556
5 0.621439 0.762256 0.023516 0.031556
5 0.670548 0.759299 0.023516 0.031556
5 0.719669 0.728632 0.023516 0.031556
5 0.768777 0.741231 0.023516 0.031556
5 0.817898 0.720479 0.023516 0.031556
5 0.867006 0.624068 0.023516 0.031556
5 0.916115 0.465590 0.023516 0.031556
5 0.965236 0.223761 0.023516 0.031556
0 0.130306 0.599094 0.023516 0.031556
0 0.185962 0.588085 0.023516 0.031556
0 0.241631 0.605197 0.023516 0.031556
0 0.297287 0.579419 0.023516 0.031556
0 0.352955 0.576735 0.023516 0.031556
0 0.408611 0.575299 0.023516 0.031556
0 0.464280 0.591436 0.023516 0.031556
0 0.519936 0.593778 0.023516 0.031556
0 0.575605 0.590889 0.023516 0.031556
0 0.631261 0.572650 0.023516 0.031556
0 0.686917 0.607145 0.023516 0.031556
0 0.742586 0.581744 0.023516 0.031556
0 0.798242 0.593607 0.023516 0.031556
0 0.853911 0.583043 0.023516 0.031556
0 0.909567 0.557726 0.023516 0.031556
0 0.965236 0.445094 0.023516 0.031556
2 0.130306 0.763795 0.023516 0.031556
2 0.213796 0.744615 0.023516 0.031556
2 0.297287 0.788872 0.023516 0.031556
2 0.380790 0.763179 0.023516 0.031556
2 0.464280 0.756308 0.023516 0.031556
2 0.547771 0.754479 0.023516 0.031556
2 0.631261 0.760650 0.023516 0.031556
2 0.714752 0.741812 0.023516 0.031556
2 0.798242 0.693761 0.023516 0.031556
2 0.881745 0.402137 0.023516 0.031556
2 0.965236 0.164051 0.023516 0.031556