3 0.107001 0.594286 0.019161 0.025646
3 0.193621 0.585323 0.019161 0.025646
3 0.280241 0.530714 0.019161 0.025646
3 0.366874 0.444796 0.019161 0.025646
3 0.453494 0.363929 0.019161 0.025646
3 0.540114 0.252653 0.019161 0.025646
3 0.626747 0.228010 0.019161 0.025646
3 0.713367 0.228759 0.019161 0.025646
3 0.800000 0.199762 0.019161 0.025646
3 0.886620 0.230476 0.019161 0.025646
3 0.973240 0.160238 0.019161 0.025646
2 0.107001 0.809983 0.019161 0.025646
2 0.185743 0.743844 0.019161 0.025646
2 0.264498 0.868282 0.019161 0.025646
2 0.343240 0.833486 0.019161 0.025646
2 0.421995 0.763980 0.019161 0.025646
2 0.500750 0.823622 0.019161 0.025646
2 0.579492 0.741037 0.019161 0.025646
2 0.658247 0.747109 0.019161 0.025646
2 0.736989 0.796156 0.019161 0.025646
2 0.815743 0.716803 0.019161 0.025646
2 0.894498 0.605221 0.019161 0.025646
2 0.973240 0.332279 0.019161 0.025646
4 0.107001 0.818759 0.019161 0.025646
4 0.215273 0.882041 0.019161 0.025646
4 0.323558 0.856803 0.019161 0.025646
4 0.431842 0.783078 0.019161 0.025646
4 0.540114 0.864949 0.019161 0.025646
4 0.648399 0.826769 0.019161 0.025646
4 0.756684 0.807568 0.019161 0.025646
4 0.864968 0.803776 0.019161 0.025646
4 0.973240 0.549031 0.019161 0.025646
6 0.107001 0.772007 0.019161 0.025646
6 0.185743 0.795119 0.019161 0.025646
6 0.264498 0.797755 0.019161 0.025646
6 0.343240 0.851463 0.019161 0.025646
6 0.421995 0.858146 0.019161 0.025646
6 0.500750 0.746429 0.019161 0.025646
6 0.579492 0.798367 0.019161 0.025646
6 0.658247 0.798673 0.019161 0.025646
6 0.736989 0.813759 0.019161 0.025646
6 0.815743 0.763418 0.019161 0.025646
6 0.894498 0.807313 0.019161 0.025646
6 0.973240 0.635833 0.019161 0.025646
5 0.107001 0.631310 0.019161 0.025646
5 0.185743 0.643197 0.019161 0.025646
5 0.264498 0.621327 0.019161 0.025646
5 0.343240 0.724796 0.019161 0.025646
5 0.421995 0.624082 0.019161 0.025646
5 0.500750 0.621037 0.019161 0.025646
5 0.579492 0.667347 0.019161 0.025646
5 0.658247 0.612551 0.019161 0.025646
5 0.736989 0.650306 0.019161 0.025646
5 0.815743 0.617143 0.019161 0.025646
5 0.894498 0.563759 0.019161 0.025646
5 0.973240 0.114592 0.019161 0.025646