6 0.091171 0.544653 0.015532 0.020797
6 0.164956 0.536788 0.015532 0.020797
6 0.238741 0.560059 0.015532 0.020797
6 0.312525 0.568737 0.015532 0.020797
6 0.386297 0.549805 0.015532 0.020797
6 0.460082 0.561975 0.015532 0.020797
6 0.533867 0.575280 0.015532 0.020797
6 0.607652 0.551636 0.015532 0.020797
6 0.681437 0.538907 0.015532 0.020797
6 0.755209 0.560551 0.015532 0.020797
6 0.828994 0.578008 0.015532 0.020797
6 0.902778 0.606059 0.015532 0.020797
6 0.976563 0.748720 0.015532 0.020797
0 0.091171 0.718703 0.015532 0.020797
0 0.159285 0.713398 0.015532 0.020797
0 0.227386 0.708500 0.015532 0.020797
0 0.295500 0.686059 0.015532 0.020797
0 0.363601 0.676415 0.015532 0.020797
0 0.431703 0.623720 0.015532 0.020797
0 0.499816 0.589924 0.015532 0.020797
0 0.567918 0.513195 0.015532 0.020797
0 0.636032 0.429992 0.015532 0.020797
0 0.704133 0.356059 0.015532 0.020797
0 0.772234 0.280873 0.015532 0.020797
0 0.840348 0.240924 0.015532 0.020797
0 0.908449 0.189975 0.015532 0.020797
0 0.976563 0.177127 0.015532 0.020797
4 0.091171 0.702568 0.015532 0.020797
4 0.164956 0.696669 0.015532 0.020797
4 0.238741 0.685907 0.015532 0.020797
4 0.312525 0.659500 0.015532 0.020797
4 0.386297 0.639669 0.015532 0.020797
4 0.460082 0.566110 0.015532 0.020797
4 0.533867 0.533347 0.015532 0.020797
4 0.607652 0.455500 0.015532 0.020797
4 0.681437 0.399805 0.015532 0.020797
4 0.755209 0.354517 0.015532 0.020797
4 0.828994 0.336483 0.015532 0.020797
4 0.902778 0.303263 0.015532 0.020797
4 0.976563 0.276907 0.015532 0.020797
3 0.091171 0.708381 0.015532 0.020797
3 0.189551 0.718025 0.015532 0.020797
3 0.287930 0.707263 0.015532 0.020797
3 0.386297 0.669873 0.015532 0.020797
3 0.484677 0.633195 0.015532 0.020797
3 0.583057 0.537890 0.015532 0.020797
3 0.681437 0.500686 0.015532 0.020797
3 0.779804 0.424483 0.015532 0.020797
3 0.878184 0.358653 0.015532 0.020797
3 0.976563 0.341381 0.015532 0.020797
7 0.091171 0.799297 0.015532 0.020797
7 0.164956 0.790873 0.015532 0.020797
7 0.238741 0.783924 0.015532 0.020797
7 0.312525 0.773246 0.015532 0.020797
7 0.386297 0.791280 0.015532 0.020797
7 0.460082 0.777873 0.015532 0.020797
7 0.533867 0.783195 0.015532 0.020797
7 0.607652 0.793551 0.015532 0.020797
7 0.681437 0.776449 0.015532 0.020797
7 0.755209 0.794653 0.015532 0.020797
7 0.828994 0.693398 0.015532 0.020797
7 0.902778 0.498449 0.015532 0.020797
7 0.976563 0.182331 0.015532 0.020797