4 0.122662 0.782376 0.020178 0.027077
4 0.263580 0.790889 0.020178 0.027077
4 0.404497 0.764120 0.020178 0.027077
4 0.545414 0.785470 0.020178 0.027077
4 0.686331 0.779829 0.020178 0.027077
4 0.827261 0.620803 0.020178 0.027077
4 0.968178 0.194376 0.020178 0.027077
6 0.122662 0.761915 0.020178 0.027077
6 0.216611 0.793333 0.020178 0.027077
6 0.310561 0.779043 0.020178 0.027077
6 0.404497 0.773470 0.020178 0.027077
6 0.498446 0.775436 0.020178 0.027077
6 0.592395 0.768308 0.020178 0.027077
6 0.686331 0.782359 0.020178 0.027077
6 0.780280 0.691590 0.020178 0.027077
6 0.874229 0.425966 0.020178 0.027077
6 0.968178 0.189162 0.020178 0.027077