7 0.147510 0.683325 0.015987 0.021453
7 0.205484 0.687154 0.015987 0.021453
7 0.263459 0.680453 0.015987 0.021453
7 0.321433 0.695530 0.015987 0.021453
7 0.379408 0.689855 0.015987 0.021453
7 0.437382 0.666077 0.015987 0.021453
7 0.495357 0.682060 0.015987 0.021453
7 0.553331 0.689085 0.015987 0.021453
7 0.611306 0.684915 0.015987 0.021453
7 0.669280 0.691444 0.015987 0.021453
7 0.727242 0.677889 0.015987 0.021453
7 0.785217 0.660077 0.015987 0.021453
7 0.843191 0.661855 0.015987 0.021453
7 0.901166 0.643718 0.015987 0.021453
7 0.959140 0.478897 0.015987 0.021453
5 0.147510 0.539855 0.015987 0.021453
5 0.228669 0.527957 0.015987 0.021453
5 0.309828 0.541991 0.015987 0.021453
5 0.391000 0.547479 0.015987 0.021453
5 0.472159 0.553684 0.015987 0.021453
5 0.553331 0.541137 0.015987 0.021453
5 0.634490 0.526590 0.015987 0.021453
5 0.715650 0.535085 0.015987 0.021453
5 0.796822 0.533684 0.015987 0.021453
5 0.877981 0.549872 0.015987 0.021453
5 0.959140 0.716436 0.015987 0.021453