7 0.132854 0.792479 0.017146 0.023009
7 0.271592 0.739094 0.017146 0.023009
7 0.410318 0.702786 0.017146 0.023009
7 0.549045 0.779402 0.017146 0.023009
7 0.687783 0.861487 0.017146 0.023009
7 0.826510 0.723077 0.017146 0.023009
7 0.965236 0.328222 0.017146 0.023009
3 0.132854 0.769265 0.017146 0.023009
3 0.202229 0.746855 0.017146 0.023009
3 0.271592 0.753299 0.017146 0.023009
3 0.340955 0.679812 0.017146 0.023009
3 0.410318 0.849385 0.017146 0.023009
3 0.479682 0.739573 0.017146 0.023009
3 0.549045 0.622923 0.017146 0.023009
3 0.618408 0.720393 0.017146 0.023009
3 0.687783 0.852308 0.017146 0.023009
3 0.757146 0.576821 0.017146 0.023009
3 0.826510 0.631385 0.017146 0.023009
3 0.895873 0.361162 0.017146 0.023009
3 0.965236 0.141077 0.017146 0.023009