6 0.091610 0.782712 0.016451 0.022000
6 0.154766 0.807712 0.016451 0.022000
6 0.217921 0.788458 0.016451 0.022000
6 0.281065 0.786068 0.016451 0.022000
6 0.344221 0.783288 0.016451 0.022000
6 0.407376 0.780932 0.016451 0.022000
6 0.470532 0.769424 0.016451 0.022000
6 0.533688 0.806220 0.016451 0.022000
6 0.596844 0.794746 0.016451 0.022000
6 0.660000 0.778000 0.016451 0.022000
6 0.723156 0.768508 0.016451 0.022000
6 0.786312 0.749288 0.016451 0.022000
6 0.849455 0.681407 0.016451 0.022000
6 0.912611 0.512051 0.016451 0.022000
6 0.975767 0.220339 0.016451 0.022000
3 0.091610 0.767729 0.016451 0.022000
3 0.146869 0.770797 0.016451 0.022000
3 0.202129 0.794203 0.016451 0.022000
3 0.257389 0.764542 0.016451 0.022000
3 0.312649 0.797864 0.016451 0.022000
3 0.367909 0.781407 0.016451 0.022000
3 0.423169 0.787068 0.016451 0.022000
3 0.478428 0.774627 0.016451 0.022000
3 0.533688 0.784220 0.016451 0.022000
3 0.588948 0.777763 0.016451 0.022000
3 0.644208 0.799780 0.016451 0.022000
3 0.699468 0.759966 0.016451 0.022000
3 0.754728 0.738068 0.016451 0.022000
3 0.809987 0.713966 0.016451 0.022000
3 0.865247 0.572508 0.016451 0.022000
3 0.920507 0.341475 0.016451 0.022000
3 0.975767 0.192339 0.016451 0.022000
4 0.091610 0.784051 0.016451 0.022000
4 0.189848 0.760119 0.016451 0.022000
4 0.288086 0.791475 0.016451 0.022000
4 0.386324 0.796542 0.016451 0.022000
4 0.484563 0.802678 0.016451 0.022000
4 0.582814 0.801881 0.016451 0.022000
4 0.681052 0.769017 0.016451 0.022000
4 0.779290 0.784305 0.016451 0.022000
4 0.877529 0.772237 0.016451 0.022000
4 0.975767 0.616780 0.016451 0.022000
7 0.091610 0.734322 0.016451 0.022000
7 0.202129 0.748475 0.016451 0.022000
7 0.312649 0.766424 0.016451 0.022000
7 0.423169 0.736593 0.016451 0.022000
7 0.533688 0.773390 0.016451 0.022000
7 0.644208 0.735254 0.016451 0.022000
7 0.754728 0.748966 0.016451 0.022000
7 0.865247 0.715288 0.016451 0.022000
7 0.975767 0.403627 0.016451 0.022000
2 0.091610 0.656373 0.016451 0.022000
2 0.159620 0.625356 0.016451 0.022000
2 0.227630 0.653831 0.016451 0.022000
2 0.295640 0.644780 0.016451 0.022000
2 0.363663 0.630119 0.016451 0.022000
2 0.431673 0.638915 0.016451 0.022000
2 0.499683 0.646458 0.016451 0.022000
2 0.567693 0.639119 0.016451 0.022000
2 0.635703 0.627678 0.016451 0.022000
2 0.703714 0.642864 0.016451 0.022000
2 0.771736 0.641797 0.016451 0.022000
2 0.839747 0.621220 0.016451 0.022000
2 0.907757 0.545186 0.016451 0.022000
2 0.975767 0.224153 0.016451 0.022000