2 0.146904 0.784786 0.019694 0.026427
2 0.209389 0.724821 0.019694 0.026427
2 0.271873 0.781880 0.019694 0.026427
2 0.334344 0.837778 0.019694 0.026427
2 0.396828 0.707350 0.019694 0.026427
2 0.459312 0.754256 0.019694 0.026427
2 0.521783 0.725624 0.019694 0.026427
2 0.584268 0.822667 0.019694 0.026427
2 0.646752 0.778188 0.019694 0.026427
2 0.709223 0.717658 0.019694 0.026427
2 0.771707 0.727983 0.019694 0.026427
2 0.834191 0.554137 0.019694 0.026427
2 0.896662 0.323641 0.019694 0.026427
2 0.959146 0.226034 0.019694 0.026427
3 0.146904 0.606085 0.019694 0.026427
3 0.214599 0.555145 0.019694 0.026427
3 0.282280 0.544957 0.019694 0.026427
3 0.349975 0.624632 0.019694 0.026427
3 0.417656 0.644393 0.019694 0.026427
3 0.485338 0.641282 0.019694 0.026427
3 0.553032 0.654274 0.019694 0.026427
3 0.620713 0.618701 0.019694 0.026427
3 0.688408 0.618239 0.019694 0.026427
3 0.756089 0.600513 0.019694 0.026427
3 0.823771 0.607846 0.019694 0.026427
3 0.891465 0.596496 0.019694 0.026427
3 0.959146 0.393043 0.019694 0.026427
7 0.146904 0.764359 0.019694 0.026427
7 0.214599 0.710274 0.019694 0.026427
7 0.282280 0.715385 0.019694 0.026427
7 0.349975 0.775778 0.019694 0.026427
7 0.417656 0.757128 0.019694 0.026427
7 0.485338 0.707368 0.019694 0.026427
7 0.553032 0.746342 0.019694 0.026427
7 0.620713 0.709692 0.019694 0.026427
7 0.688408 0.670855 0.019694 0.026427
7 0.756089 0.720957 0.019694 0.026427
7 0.823771 0.646684 0.019694 0.026427
7 0.891465 0.442291 0.019694 0.026427
7 0.959146 0.215248 0.019694 0.026427
0 0.146904 0.742410 0.019694 0.026427
0 0.248433 0.645231 0.019694 0.026427
0 0.349975 0.621316 0.019694 0.026427
0 0.451503 0.578615 0.019694 0.026427
0 0.553032 0.477094 0.019694 0.026427
0 0.654561 0.435538 0.019694 0.026427
0 0.756089 0.394632 0.019694 0.026427
0 0.857618 0.330222 0.019694 0.026427
0 0.959146 0.282581 0.019694 0.026427
1 0.146904 0.512103 0.019694 0.026427
1 0.248433 0.563504 0.019694 0.026427
1 0.349975 0.543863 0.019694 0.026427
1 0.451503 0.502752 0.019694 0.026427
1 0.553032 0.505521 0.019694 0.026427
1 0.654561 0.526615 0.019694 0.026427
1 0.756089 0.527726 0.019694 0.026427
1 0.857618 0.465761 0.019694 0.026427
1 0.959146 0.485607 0.019694 0.026427
4 0.146904 0.787470 0.019694 0.026427
4 0.237159 0.711692 0.019694 0.026427
4 0.327401 0.689726 0.019694 0.026427
4 0.417656 0.715350 0.019694 0.026427
4 0.507898 0.716923 0.019694 0.026427
4 0.598153 0.728650 0.019694 0.026427
4 0.688408 0.737248 0.019694 0.026427
4 0.778650 0.675778 0.019694 0.026427
4 0.868904 0.553556 0.019694 0.026427
4 0.959146 0.230359 0.019694 0.026427