4 0.102078 0.899345 0.014346 0.019201
4 0.189435 0.806981 0.014346 0.019201
4 0.276804 0.712049 0.014346 0.019201
4 0.364161 0.770842 0.014346 0.019201
4 0.451531 0.819821 0.014346 0.019201
4 0.538888 0.794515 0.014346 0.019201
4 0.626258 0.807747 0.014346 0.019201
4 0.713615 0.698104 0.014346 0.019201
4 0.800985 0.641811 0.014346 0.019201
4 0.888342 0.402474 0.014346 0.019201
4 0.975712 0.202951 0.014346 0.019201
6 0.102078 0.729787 0.014346 0.019201
6 0.181493 0.776794 0.014346 0.019201
6 0.260921 0.562798 0.014346 0.019201
6 0.340337 0.656930 0.014346 0.019201
6 0.419752 0.365944 0.014346 0.019201
6 0.499180 0.458546 0.014346 0.019201
6 0.578596 0.131131 0.014346 0.019201
6 0.658024 0.200434 0.014346 0.019201
6 0.737440 0.170536 0.014346 0.019201
6 0.816868 0.119311 0.014346 0.019201
6 0.896283 0.083648 0.014346 0.019201
6 0.975712 0.039107 0.014346 0.019201
0 0.102078 0.750740 0.014346 0.019201
0 0.181493 0.591182 0.014346 0.019201
0 0.260921 0.657440 0.014346 0.019201
0 0.340337 0.798495 0.014346 0.019201
0 0.419752 0.811471 0.014346 0.019201
0 0.499180 0.711607 0.014346 0.019201
0 0.578596 0.718206 0.014346 0.019201
0 0.658024 0.723274 0.014346 0.019201
0 0.737440 0.627866 0.014346 0.019201
0 0.816868 0.742236 0.014346 0.019201
0 0.896283 0.794906 0.014346 0.019201
0 0.975712 0.899345 0.014346 0.019201
1 0.102078 0.415553 0.014346 0.019201
1 0.156677 0.613648 0.014346 0.019201
1 0.211277 0.547151 0.014346 0.019201
1 0.265877 0.497338 0.014346 0.019201
1 0.320476 0.594685 0.014346 0.019201
1 0.375089 0.484464 0.014346 0.019201
1 0.429689 0.585944 0.014346 0.019201
1 0.484288 0.449226 0.014346 0.019201
1 0.538888 0.654090 0.014346 0.019201
1 0.593488 0.626488 0.014346 0.019201
1 0.648088 0.644141 0.014346 0.019201
1 0.702700 0.481250 0.014346 0.019201
1 0.757300 0.656318 0.014346 0.019201
1 0.811900 0.521658 0.014346 0.019201
1 0.866499 0.616998 0.014346 0.019201
1 0.921099 0.478529 0.014346 0.019201
1 0.975712 0.427151 0.014346 0.019201
3 0.102078 0.781437 0.014346 0.019201
3 0.181493 0.817798 0.014346 0.019201
3 0.260921 0.754855 0.014346 0.019201
3 0.340337 0.843631 0.014346 0.019201
3 0.419752 0.755893 0.014346 0.019201
3 0.499180 0.880774 0.014346 0.019201
3 0.578596 0.781437 0.014346 0.019201
3 0.658024 0.796794 0.014346 0.019201
3 0.737440 0.884379 0.014346 0.019201
3 0.816868 0.871182 0.014346 0.019201
3 0.896283 0.550723 0.014346 0.019201
3 0.975712 0.229345 0.014346 0.019201