4 0.106995 0.700502 0.018640 0.024949
4 0.179193 0.681199 0.018640 0.024949
4 0.251379 0.626981 0.018640 0.024949
4 0.323564 0.414328 0.018640 0.024949
4 0.395750 0.468801 0.018640 0.024949
4 0.467935 0.416828 0.018640 0.024949
4 0.540121 0.318070 0.018640 0.024949
4 0.612306 0.244906 0.018640 0.024949
4 0.684504 0.121896 0.018640 0.024949
4 0.756690 0.181777 0.018640 0.024949
4 0.828875 0.143036 0.018640 0.024949
4 0.901061 0.088342 0.018640 0.024949
4 0.973247 0.065485 0.018640 0.024949
3 0.106995 0.769736 0.018640 0.024949
3 0.164746 0.762662 0.018640 0.024949
3 0.222497 0.828410 0.018640 0.024949
3 0.280248 0.791114 0.018640 0.024949
3 0.337999 0.722730 0.018640 0.024949
3 0.395750 0.687474 0.018640 0.024949
3 0.453501 0.791403 0.018640 0.024949
3 0.511252 0.793597 0.018640 0.024949
3 0.569003 0.835519 0.018640 0.024949
3 0.626753 0.833376 0.018640 0.024949
3 0.684504 0.763597 0.018640 0.024949
3 0.742243 0.758971 0.018640 0.024949
3 0.799994 0.659328 0.018640 0.024949
3 0.857745 0.513971 0.018640 0.024949
3 0.915496 0.228155 0.018640 0.024949
3 0.973247 0.192185 0.018640 0.024949
2 0.106995 0.768291 0.018640 0.024949
2 0.173640 0.749923 0.018640 0.024949
2 0.240273 0.721590 0.018640 0.024949
2 0.306906 0.811573 0.018640 0.024949
2 0.373539 0.772032 0.018640 0.024949
2 0.440172 0.840485 0.018640 0.024949
2 0.506804 0.818376 0.018640 0.024949
2 0.573437 0.728393 0.018640 0.024949
2 0.640070 0.825910 0.018640 0.024949
2 0.706715 0.818019 0.018640 0.024949
2 0.773348 0.741097 0.018640 0.024949
2 0.839981 0.715774 0.018640 0.024949
2 0.906614 0.484243 0.018640 0.024949
2 0.973247 0.201692 0.018640 0.024949
6 0.106995 0.570995 0.018640 0.024949
6 0.193628 0.595213 0.018640 0.024949
6 0.280248 0.563155 0.018640 0.024949
6 0.366881 0.577543 0.018640 0.024949
6 0.453501 0.561386 0.018640 0.024949
6 0.540121 0.620434 0.018640 0.024949
6 0.626753 0.620111 0.018640 0.024949
6 0.713374 0.619872 0.018640 0.024949
6 0.799994 0.555060 0.018640 0.024949
6 0.886626 0.602185 0.018640 0.024949
6 0.973247 0.565978 0.018640 0.024949