1 0.091610 0.757458 0.013485 0.018034
1 0.202129 0.740508 0.013485 0.018034
1 0.312649 0.765203 0.013485 0.018034
1 0.423169 0.739237 0.013485 0.018034
1 0.533688 0.652915 0.013485 0.018034
1 0.644208 0.600559 0.013485 0.018034
1 0.754728 0.524966 0.013485 0.018034
1 0.865247 0.422458 0.013485 0.018034
1 0.975767 0.372847 0.013485 0.018034
2 0.091610 0.791068 0.013485 0.018034
2 0.189848 0.802169 0.013485 0.018034
2 0.288086 0.792220 0.013485 0.018034
2 0.386324 0.792288 0.013485 0.018034
2 0.484563 0.809136 0.013485 0.018034
2 0.582801 0.771881 0.013485 0.018034
2 0.681052 0.794271 0.013485 0.018034
2 0.779290 0.742644 0.013485 0.018034
2 0.877529 0.491136 0.013485 0.018034
2 0.975767 0.180271 0.013485 0.018034
7 0.091610 0.785458 0.013485 0.018034
7 0.202129 0.779390 0.013485 0.018034
7 0.312649 0.794458 0.013485 0.018034
7 0.423169 0.806102 0.013485 0.018034
7 0.533688 0.784102 0.013485 0.018034
7 0.644208 0.779203 0.013485 0.018034
7 0.754728 0.724746 0.013485 0.018034
7 0.865247 0.534153 0.013485 0.018034
7 0.975767 0.164898 0.013485 0.018034
6 0.091610 0.656085 0.013485 0.018034
6 0.202129 0.666661 0.013485 0.018034
6 0.312649 0.631864 0.013485 0.018034
6 0.423169 0.609814 0.013485 0.018034
6 0.533688 0.565407 0.013485 0.018034
6 0.644208 0.489000 0.013485 0.018034
6 0.754728 0.400847 0.013485 0.018034
6 0.865247 0.353644 0.013485 0.018034
6 0.975767 0.368475 0.013485 0.018034