4 0.102078 0.756709 0.014371 0.019235
4 0.199142 0.779566 0.014371 0.019235
4 0.296220 0.771607 0.014371 0.019235
4 0.393285 0.760655 0.014371 0.019235
4 0.490362 0.777985 0.014371 0.019235
4 0.587427 0.762474 0.014371 0.019235
4 0.684504 0.785536 0.014371 0.019235
4 0.781569 0.749090 0.014371 0.019235
4 0.878647 0.709974 0.014371 0.019235
4 0.975712 0.276114 0.014371 0.019235
7 0.102078 0.682117 0.014371 0.019235
7 0.199142 0.719753 0.014371 0.019235
7 0.296220 0.705910 0.014371 0.019235
7 0.393285 0.715332 0.014371 0.019235
7 0.490362 0.706539 0.014371 0.019235
7 0.587427 0.702917 0.014371 0.019235
7 0.684504 0.691148 0.014371 0.019235
7 0.781569 0.701964 0.014371 0.019235
7 0.878647 0.730400 0.014371 0.019235
7 0.975712 0.810060 0.014371 0.019235
0 0.102078 0.770587 0.014371 0.019235
0 0.199142 0.763801 0.014371 0.019235
0 0.296220 0.813495 0.014371 0.019235
0 0.393285 0.781233 0.014371 0.019235
0 0.490362 0.779838 0.014371 0.019235
0 0.587427 0.779039 0.014371 0.019235
0 0.684504 0.739481 0.014371 0.019235
0 0.781569 0.691879 0.014371 0.019235
0 0.878647 0.371964 0.014371 0.019235
0 0.975712 0.163563 0.014371 0.019235
5 0.102078 0.660570 0.014371 0.019235
5 0.199142 0.659413 0.014371 0.019235
5 0.296220 0.655876 0.014371 0.019235
5 0.393285 0.675604 0.014371 0.019235
5 0.490362 0.652134 0.014371 0.019235
5 0.587427 0.647032 0.014371 0.019235
5 0.684504 0.656097 0.014371 0.019235
5 0.781569 0.651981 0.014371 0.019235
5 0.878647 0.684141 0.014371 0.019235
5 0.975712 0.820706 0.014371 0.019235
2 0.102078 0.524175 0.014371 0.019235
2 0.189447 0.535910 0.014371 0.019235
2 0.276804 0.522985 0.014371 0.019235
2 0.364174 0.556029 0.014371 0.019235
2 0.451531 0.528597 0.014371 0.019235
2 0.538901 0.549277 0.014371 0.019235
2 0.626258 0.545944 0.014371 0.019235
2 0.713628 0.547457 0.014371 0.019235
2 0.800985 0.532781 0.014371 0.019235
2 0.888355 0.487491 0.014371 0.019235
2 0.975712 0.150247 0.014371 0.019235