5 0.130299 0.665598 0.022637 0.030376
5 0.224376 0.557718 0.022637 0.030376
5 0.318452 0.642094 0.022637 0.030376
5 0.412529 0.523855 0.022637 0.030376
5 0.506605 0.452487 0.022637 0.030376
5 0.600682 0.284453 0.022637 0.030376
5 0.694758 0.204709 0.022637 0.030376
5 0.788834 0.202009 0.022637 0.030376
5 0.882911 0.320009 0.022637 0.030376
5 0.976987 0.119239 0.022637 0.030376
4 0.130299 0.783513 0.022637 0.030376
4 0.214975 0.532282 0.022637 0.030376
4 0.299637 0.402145 0.022637 0.030376
4 0.384312 0.411308 0.022637 0.030376
4 0.468975 0.284863 0.022637 0.030376
4 0.553650 0.159991 0.022637 0.030376
4 0.638312 0.271513 0.022637 0.030376
4 0.722987 0.212812 0.022637 0.030376
4 0.807650 0.163530 0.022637 0.030376
4 0.892325 0.092299 0.022637 0.030376
4 0.976987 0.194350 0.022637 0.030376
0 0.130299 0.708145 0.022637 0.030376
0 0.236146 0.594197 0.022637 0.030376
0 0.341981 0.644932 0.022637 0.030376
0 0.447815 0.469650 0.022637 0.030376
0 0.553650 0.374487 0.022637 0.030376
0 0.659484 0.249889 0.022637 0.030376
0 0.765318 0.225803 0.022637 0.030376
0 0.871153 0.169393 0.022637 0.030376
0 0.976987 0.300487 0.022637 0.030376
1 0.130299 0.761632 0.022637 0.030376
1 0.251255 0.612658 0.022637 0.030376
1 0.372210 0.517103 0.022637 0.030376
1 0.493166 0.476658 0.022637 0.030376
1 0.614121 0.336077 0.022637 0.030376
1 0.735076 0.245974 0.022637 0.030376
1 0.856032 0.311872 0.022637 0.030376
1 0.976987 0.092299 0.022637 0.030376
7 0.130299 0.703393 0.022637 0.030376
7 0.251255 0.531068 0.022637 0.030376
7 0.372210 0.386197 0.022637 0.030376
7 0.493166 0.395735 0.022637 0.030376
7 0.614121 0.222880 0.022637 0.030376
7 0.735076 0.104932 0.022637 0.030376
7 0.856032 0.279632 0.022637 0.030376
7 0.976987 0.305342 0.022637 0.030376
6 0.130299 0.787615 0.022637 0.030376
6 0.236146 0.536009 0.022637 0.030376
6 0.341981 0.359718 0.022637 0.030376
6 0.447815 0.234778 0.022637 0.030376
6 0.553650 0.386983 0.022637 0.030376
6 0.659484 0.314436 0.022637 0.030376
6 0.765318 0.246863 0.022637 0.030376
6 0.871153 0.092299 0.022637 0.030376
6 0.976987 0.246675 0.022637 0.030376