5 0.104397 0.801403 0.015495 0.020765
5 0.162887 0.629804 0.015495 0.020765
5 0.221364 0.479277 0.015495 0.020765
5 0.279841 0.399107 0.015495 0.020765
5 0.338319 0.288648 0.015495 0.020765
5 0.396796 0.322406 0.015495 0.020765
5 0.455286 0.175077 0.015495 0.020765
5 0.513763 0.191913 0.015495 0.020765
5 0.572240 0.187611 0.015495 0.020765
5 0.630717 0.161930 0.015495 0.020765
5 0.689194 0.183631 0.015495 0.020765
5 0.747684 0.144175 0.015495 0.020765
5 0.806161 0.167815 0.015495 0.020765
5 0.864638 0.166777 0.015495 0.020765
5 0.923115 0.143206 0.015495 0.020765
5 0.981593 0.190383 0.015495 0.020765
3 0.104397 0.715519 0.015495 0.020765
3 0.201872 0.727389 0.015495 0.020765
3 0.299334 0.721488 0.015495 0.020765
3 0.396796 0.775315 0.015495 0.020765
3 0.494270 0.864022 0.015495 0.020765
3 0.591732 0.834991 0.015495 0.020765
3 0.689194 0.881250 0.015495 0.020765
3 0.786669 0.909294 0.015495 0.020765
3 0.884131 0.909294 0.015495 0.020765
3 0.981593 0.909294 0.015495 0.020765
6 0.104397 0.666386 0.015495 0.020765
6 0.177506 0.629940 0.015495 0.020765
6 0.250603 0.602406 0.015495 0.020765
6 0.323699 0.490723 0.015495 0.020765
6 0.396796 0.462662 0.015495 0.020765
6 0.469905 0.370400 0.015495 0.020765
6 0.543001 0.284634 0.015495 0.020765
6 0.616098 0.261760 0.015495 0.020765
6 0.689194 0.219923 0.015495 0.020765
6 0.762303 0.149362 0.015495 0.020765
6 0.835400 0.154498 0.015495 0.020765
6 0.908496 0.157270 0.015495 0.020765
6 0.981593 0.200315 0.015495 0.020765
4 0.104397 0.839430 0.015495 0.020765
4 0.167062 0.708478 0.015495 0.020765
4 0.229714 0.528767 0.015495 0.020765
4 0.292367 0.503665 0.015495 0.020765
4 0.355032 0.335349 0.015495 0.020765
4 0.417684 0.400315 0.015495 0.020765
4 0.480336 0.300553 0.015495 0.020765
4 0.543001 0.300672 0.015495 0.020765
4 0.605654 0.332900 0.015495 0.020765
4 0.668319 0.315145 0.015495 0.020765
4 0.730971 0.217015 0.015495 0.020765
4 0.793623 0.265468 0.015495 0.020765
4 0.856288 0.244549 0.015495 0.020765
4 0.918940 0.220689 0.015495 0.020765
4 0.981593 0.234566 0.015495 0.020765
2 0.104397 0.791437 0.015495 0.020765
2 0.167062 0.721386 0.015495 0.020765
2 0.229714 0.644855 0.015495 0.020765
2 0.292367 0.536675 0.015495 0.020765
2 0.355032 0.413478 0.015495 0.020765
2 0.417684 0.460740 0.015495 0.020765
2 0.480336 0.334855 0.015495 0.020765
2 0.543001 0.349719 0.015495 0.020765
2 0.605654 0.278682 0.015495 0.020765
2 0.668319 0.184226 0.015495 0.020765
2 0.730971 0.345995 0.015495 0.020765
2 0.793623 0.216811 0.015495 0.020765
2 0.856288 0.170502 0.015495 0.020765
2 0.918940 0.206879 0.015495 0.020765
2 0.981593 0.263716 0.015495 0.020765