6 0.115755 0.762223 0.013464 0.018075
6 0.193166 0.691917 0.013464 0.018075
6 0.270577 0.705664 0.013464 0.018075
6 0.347989 0.621422 0.013464 0.018075
6 0.425400 0.618663 0.013464 0.018075
6 0.502811 0.651712 0.013464 0.018075
6 0.580222 0.445290 0.013464 0.018075
6 0.657633 0.396704 0.013464 0.018075
6 0.735044 0.292172 0.013464 0.018075
6 0.812456 0.323790 0.013464 0.018075
6 0.889867 0.311882 0.013464 0.018075
6 0.967278 0.219344 0.013464 0.018075
3 0.115755 0.621814 0.013464 0.018075
3 0.181250 0.808969 0.013464 0.018075
3 0.246758 0.875528 0.013464 0.018075
3 0.312253 0.755494 0.013464 0.018075
3 0.377760 0.760111 0.013464 0.018075
3 0.443255 0.737589 0.013464 0.018075
3 0.508763 0.622598 0.013464 0.018075
3 0.574258 0.593058 0.013464 0.018075
3 0.639765 0.484199 0.013464 0.018075
3 0.705260 0.571951 0.013464 0.018075
3 0.770768 0.464881 0.013464 0.018075
3 0.836275 0.359736 0.013464 0.018075
3 0.901770 0.350451 0.013464 0.018075
3 0.967278 0.491593 0.013464 0.018075
1 0.115755 0.817266 0.013464 0.018075
1 0.210362 0.774761 0.013464 0.018075
1 0.304981 0.804540 0.013464 0.018075
1 0.399588 0.791865 0.013464 0.018075
1 0.494207 0.757436 0.013464 0.018075
1 0.588813 0.721048 0.013464 0.018075
1 0.683433 0.807896 0.013464 0.018075
1 0.778052 0.533859 0.013464 0.018075
1 0.872659 0.408237 0.013464 0.018075
1 0.967278 0.118169 0.013464 0.018075
5 0.115755 0.622990 0.013464 0.018075
5 0.176567 0.812615 0.013464 0.018075
5 0.237392 0.693228 0.013464 0.018075
5 0.298217 0.679889 0.013464 0.018075
5 0.359042 0.525596 0.013464 0.018075
5 0.419867 0.561508 0.013464 0.018075
5 0.480692 0.610383 0.013464 0.018075
5 0.541516 0.429940 0.013464 0.018075
5 0.602329 0.428015 0.013464 0.018075
5 0.663154 0.423058 0.013464 0.018075
5 0.723978 0.377641 0.013464 0.018075
5 0.784803 0.379157 0.013464 0.018075
5 0.845628 0.315733 0.013464 0.018075
5 0.906453 0.231882 0.013464 0.018075
5 0.967278 0.331678 0.013464 0.018075