1 0.093709 0.813254 0.014025 0.018780
1 0.162076 0.638729 0.014025 0.018780
1 0.230443 0.499915 0.014025 0.018780
1 0.298810 0.394508 0.014025 0.018780
1 0.367190 0.370034 0.014025 0.018780
1 0.435557 0.214559 0.014025 0.018780
1 0.503924 0.297356 0.014025 0.018780
1 0.572291 0.236271 0.014025 0.018780
1 0.640671 0.201407 0.014025 0.018780
1 0.709038 0.239017 0.014025 0.018780
1 0.777405 0.224220 0.014025 0.018780
1 0.845772 0.190763 0.014025 0.018780
1 0.914139 0.153186 0.014025 0.018780
1 0.982519 0.179136 0.014025 0.018780
5 0.093709 0.808576 0.014025 0.018780
5 0.241835 0.442593 0.014025 0.018780
5 0.389975 0.279492 0.014025 0.018780
5 0.538114 0.247763 0.014025 0.018780
5 0.686241 0.213949 0.014025 0.018780
5 0.834380 0.182475 0.014025 0.018780
5 0.982519 0.196508 0.014025 0.018780
3 0.093709 0.852661 0.014025 0.018780
3 0.174506 0.868390 0.014025 0.018780
3 0.255304 0.846695 0.014025 0.018780
3 0.336101 0.817475 0.014025 0.018780
3 0.416911 0.766034 0.014025 0.018780
3 0.497709 0.861119 0.014025 0.018780
3 0.578506 0.813949 0.014025 0.018780
3 0.659316 0.862017 0.014025 0.018780
3 0.740114 0.843932 0.014025 0.018780
3 0.820911 0.812814 0.014025 0.018780
3 0.901709 0.912559 0.014025 0.018780
3 0.982519 0.837288 0.014025 0.018780
7 0.093709 0.767983 0.014025 0.018780
7 0.271468 0.352780 0.014025 0.018780
7 0.449228 0.199102 0.014025 0.018780
7 0.626987 0.136542 0.014025 0.018780
7 0.804747 0.257864 0.014025 0.018780
7 0.982519 0.141966 0.014025 0.018780