5 0.129038 0.660111 0.016115 0.021624
5 0.233561 0.595137 0.016115 0.021624
5 0.338083 0.611701 0.016115 0.021624
5 0.442618 0.579462 0.016115 0.021624
5 0.547140 0.448675 0.016115 0.021624
5 0.651662 0.385769 0.016115 0.021624
5 0.756185 0.319632 0.016115 0.021624
5 0.860707 0.251103 0.016115 0.021624
5 0.965242 0.138316 0.016115 0.021624
1 0.129038 0.610744 0.016115 0.021624
1 0.233561 0.653120 0.016115 0.021624
1 0.338083 0.639615 0.016115 0.021624
1 0.442618 0.640487 0.016115 0.021624
1 0.547140 0.728350 0.016115 0.021624
1 0.651662 0.663923 0.016115 0.021624
1 0.756185 0.651103 0.016115 0.021624
1 0.860707 0.630470 0.016115 0.021624
1 0.965242 0.760145 0.016115 0.021624
0 0.129038 0.640983 0.016115 0.021624
0 0.268401 0.611205 0.016115 0.021624
0 0.407764 0.649957 0.016115 0.021624
0 0.547140 0.545393 0.016115 0.021624
0 0.686503 0.341222 0.016115 0.021624
0 0.825866 0.324504 0.016115 0.021624
0 0.965242 0.199496 0.016115 0.021624
6 0.129038 0.642145 0.016115 0.021624
6 0.268401 0.581427 0.016115 0.021624
6 0.407764 0.518829 0.016115 0.021624
6 0.547140 0.414094 0.016115 0.021624
6 0.686503 0.305393 0.016115 0.021624
6 0.825866 0.253598 0.016115 0.021624
6 0.965242 0.252436 0.016115 0.021624