0 0.094975 0.737576 0.013418 0.017966
0 0.204671 0.712000 0.013418 0.017966
0 0.314380 0.778339 0.013418 0.017966
0 0.424076 0.819864 0.013418 0.017966
0 0.533772 0.564271 0.013418 0.017966
0 0.643481 0.540712 0.013418 0.017966
0 0.753177 0.208339 0.013418 0.017966
0 0.862886 0.286542 0.013418 0.017966
0 0.972582 0.212729 0.013418 0.017966
4 0.094975 0.748407 0.013418 0.017966
4 0.220342 0.807169 0.013418 0.017966
4 0.345722 0.733864 0.013418 0.017966
4 0.471089 0.906610 0.013418 0.017966
4 0.596468 0.660881 0.013418 0.017966
4 0.721835 0.780102 0.013418 0.017966
4 0.847215 0.458085 0.013418 0.017966
4 0.972582 0.109034 0.013418 0.017966
1 0.094975 0.898729 0.013418 0.017966
1 0.157658 0.883424 0.013418 0.017966
1 0.220342 0.845288 0.013418 0.017966
1 0.283025 0.710068 0.013418 0.017966
1 0.345722 0.791441 0.013418 0.017966
1 0.408405 0.743661 0.013418 0.017966
1 0.471089 0.868915 0.013418 0.017966
1 0.533772 0.830525 0.013418 0.017966
1 0.596468 0.811610 0.013418 0.017966
1 0.659152 0.785508 0.013418 0.017966
1 0.721835 0.822424 0.013418 0.017966
1 0.784532 0.859322 0.013418 0.017966
1 0.847215 0.822576 0.013418 0.017966
1 0.909899 0.910373 0.013418 0.017966
1 0.972582 0.910373 0.013418 0.017966
7 0.094975 0.464492 0.013418 0.017966
7 0.174747 0.651017 0.013418 0.017966
7 0.254532 0.611780 0.013418 0.017966
7 0.334316 0.601966 0.013418 0.017966
7 0.414101 0.469356 0.013418 0.017966
7 0.493886 0.442627 0.013418 0.017966
7 0.573671 0.463407 0.013418 0.017966
7 0.653456 0.504763 0.013418 0.017966
7 0.733241 0.489729 0.013418 0.017966
7 0.813025 0.256153 0.013418 0.017966
7 0.892797 0.292814 0.013418 0.017966
7 0.972582 0.310508 0.013418 0.017966