5 0.087380 0.701678 0.009899 0.013254
5 0.156418 0.681034 0.009899 0.013254
5 0.225443 0.656220 0.009899 0.013254
5 0.294481 0.721797 0.009899 0.013254
5 0.363519 0.800271 0.009899 0.013254
5 0.432544 0.657492 0.009899 0.013254
5 0.501582 0.615542 0.009899 0.013254
5 0.570608 0.597661 0.009899 0.013254
5 0.639646 0.480305 0.009899 0.013254
5 0.708684 0.440712 0.009899 0.013254
5 0.777709 0.358932 0.009899 0.013254
5 0.846747 0.426458 0.009899 0.013254
5 0.915785 0.276847 0.009899 0.013254
5 0.984810 0.324814 0.009899 0.013254
4 0.087380 0.783593 0.009899 0.013254
4 0.187089 0.767576 0.009899 0.013254
4 0.286810 0.703288 0.009899 0.013254
4 0.386519 0.767000 0.009899 0.013254
4 0.486241 0.671746 0.009899 0.013254
4 0.585949 0.674847 0.009899 0.013254
4 0.685671 0.504458 0.009899 0.013254
4 0.785380 0.400559 0.009899 0.013254
4 0.885101 0.351644 0.009899 0.013254
4 0.984810 0.262458 0.009899 0.013254
3 0.087380 0.780898 0.009899 0.013254
3 0.147203 0.843000 0.009899 0.013254
3 0.207038 0.787203 0.009899 0.013254
3 0.266861 0.772797 0.009899 0.013254
3 0.326696 0.764678 0.009899 0.013254
3 0.386519 0.742525 0.009899 0.013254
3 0.446354 0.678051 0.009899 0.013254
3 0.506177 0.697915 0.009899 0.013254
3 0.566013 0.674847 0.009899 0.013254
3 0.625835 0.600746 0.009899 0.013254
3 0.685671 0.680966 0.009899 0.013254
3 0.745494 0.667898 0.009899 0.013254
3 0.805329 0.621169 0.009899 0.013254
3 0.865152 0.594576 0.009899 0.013254
3 0.924987 0.589542 0.009899 0.013254
3 0.984810 0.532000 0.009899 0.013254
6 0.087380 0.705695 0.009899 0.013254
6 0.177127 0.777610 0.009899 0.013254
6 0.266861 0.795949 0.009899 0.013254
6 0.356608 0.724153 0.009899 0.013254
6 0.446354 0.678966 0.009899 0.013254
6 0.536101 0.661424 0.009899 0.013254
6 0.625835 0.612034 0.009899 0.013254
6 0.715582 0.471119 0.009899 0.013254
6 0.805329 0.404661 0.009899 0.013254
6 0.895063 0.316712 0.009899 0.013254
6 0.984810 0.375712 0.009899 0.013254