7 0.134025 0.675915 0.017631 0.023658
7 0.226051 0.680017 0.017631 0.023658
7 0.318076 0.669641 0.017631 0.023658
7 0.410089 0.622718 0.017631 0.023658
7 0.502115 0.559846 0.017631 0.023658
7 0.594140 0.473487 0.017631 0.023658
7 0.686166 0.422000 0.017631 0.023658
7 0.778178 0.293179 0.017631 0.023658
7 0.870204 0.291966 0.017631 0.023658
7 0.962229 0.254462 0.017631 0.023658
2 0.134025 0.672769 0.017631 0.023658
2 0.237554 0.674410 0.017631 0.023658
2 0.341083 0.688034 0.017631 0.023658
2 0.444599 0.682906 0.017631 0.023658
2 0.548127 0.684957 0.017631 0.023658
2 0.651656 0.649812 0.017631 0.023658
2 0.755172 0.671949 0.017631 0.023658
2 0.858701 0.671231 0.017631 0.023658
2 0.962229 0.880479 0.017631 0.023658
5 0.134025 0.772342 0.017631 0.023658
5 0.237554 0.755761 0.017631 0.023658
5 0.341083 0.743453 0.017631 0.023658
5 0.444599 0.770906 0.017631 0.023658
5 0.548127 0.748154 0.017631 0.023658
5 0.651656 0.776581 0.017631 0.023658
5 0.755172 0.744513 0.017631 0.023658
5 0.858701 0.630462 0.017631 0.023658
5 0.962229 0.221299 0.017631 0.023658
3 0.134025 0.655538 0.017631 0.023658
3 0.237554 0.654376 0.017631 0.023658
3 0.341083 0.650410 0.017631 0.023658
3 0.444599 0.588786 0.017631 0.023658
3 0.548127 0.533077 0.017631 0.023658
3 0.651656 0.437521 0.017631 0.023658
3 0.755172 0.360769 0.017631 0.023658
3 0.858701 0.292103 0.017631 0.023658
3 0.962229 0.261795 0.017631 0.023658