4 0.094975 0.735034 0.013671 0.018305
4 0.182734 0.788593 0.013671 0.018305
4 0.270494 0.805424 0.013671 0.018305
4 0.358253 0.751000 0.013671 0.018305
4 0.446013 0.883339 0.013671 0.018305
4 0.533772 0.806593 0.013671 0.018305
4 0.621544 0.797271 0.013671 0.018305
4 0.709304 0.776017 0.013671 0.018305
4 0.797063 0.731169 0.013671 0.018305
4 0.884823 0.500746 0.013671 0.018305
4 0.972582 0.159458 0.013671 0.018305
0 0.094975 0.574305 0.013671 0.018305
0 0.204671 0.616390 0.013671 0.018305
0 0.314380 0.559576 0.013671 0.018305
0 0.424076 0.398424 0.013671 0.018305
0 0.533772 0.270322 0.013671 0.018305
0 0.643481 0.189441 0.013671 0.018305
0 0.753177 0.167627 0.013671 0.018305
0 0.862886 0.213644 0.013671 0.018305
0 0.972582 0.172881 0.013671 0.018305
6 0.094975 0.731949 0.013671 0.018305
6 0.241241 0.730644 0.013671 0.018305
6 0.387506 0.482407 0.013671 0.018305
6 0.533772 0.469712 0.013671 0.018305
6 0.680051 0.299593 0.013671 0.018305
6 0.826316 0.278729 0.013671 0.018305
6 0.972582 0.254898 0.013671 0.018305