4 0.087380 0.820322 0.013139 0.017593
4 0.161468 0.797831 0.013139 0.017593
4 0.235570 0.825559 0.013139 0.017593
4 0.309671 0.816508 0.013139 0.017593
4 0.383772 0.827915 0.013139 0.017593
4 0.457873 0.787542 0.013139 0.017593
4 0.531962 0.802831 0.013139 0.017593
4 0.606063 0.831746 0.013139 0.017593
4 0.680165 0.791847 0.013139 0.017593
4 0.754266 0.860068 0.013139 0.017593
4 0.828354 0.785254 0.013139 0.017593
4 0.902456 0.733610 0.013139 0.017593
4 0.976557 0.446831 0.013139 0.017593
1 0.087380 0.878085 0.013139 0.017593
1 0.235570 0.830949 0.013139 0.017593
1 0.383772 0.753932 0.013139 0.017593
1 0.531962 0.874169 0.013139 0.017593
1 0.680165 0.826237 0.013139 0.017593
1 0.828354 0.689864 0.013139 0.017593
1 0.976557 0.186136 0.013139 0.017593
7 0.087380 0.774305 0.013139 0.017593
7 0.186177 0.706949 0.013139 0.017593
7 0.284975 0.749966 0.013139 0.017593
7 0.383772 0.780407 0.013139 0.017593
7 0.482570 0.720034 0.013139 0.017593
7 0.581367 0.775814 0.013139 0.017593
7 0.680165 0.800407 0.013139 0.017593
7 0.778962 0.779559 0.013139 0.017593
7 0.877759 0.775881 0.013139 0.017593
7 0.976557 0.450797 0.013139 0.017593
3 0.087380 0.756254 0.013139 0.017593
3 0.168215 0.674119 0.013139 0.017593
3 0.249051 0.692288 0.013139 0.017593
3 0.329873 0.680695 0.013139 0.017593
3 0.410709 0.437576 0.013139 0.017593
3 0.491544 0.437644 0.013139 0.017593
3 0.572380 0.365288 0.013139 0.017593
3 0.653215 0.239085 0.013139 0.017593
3 0.734051 0.283831 0.013139 0.017593
3 0.814886 0.139644 0.013139 0.017593
3 0.895722 0.162288 0.013139 0.017593
3 0.976557 0.146169 0.013139 0.017593
2 0.087380 0.801763 0.013139 0.017593
2 0.176291 0.746593 0.013139 0.017593
2 0.265215 0.765034 0.013139 0.017593
2 0.354127 0.724017 0.013139 0.017593
2 0.443051 0.624220 0.013139 0.017593
2 0.531962 0.507661 0.013139 0.017593
2 0.620886 0.472288 0.013139 0.017593
2 0.709797 0.344356 0.013139 0.017593
2 0.798722 0.329881 0.013139 0.017593
2 0.887633 0.311119 0.013139 0.017593
2 0.976557 0.338712 0.013139 0.017593