3 0.129032 0.802120 0.019822 0.026598
3 0.188968 0.801179 0.019822 0.026598
3 0.248904 0.803094 0.019822 0.026598
3 0.308854 0.855846 0.019822 0.026598
3 0.368790 0.731812 0.019822 0.026598
3 0.428726 0.745726 0.019822 0.026598
3 0.488662 0.767709 0.019822 0.026598
3 0.548599 0.674171 0.019822 0.026598
3 0.608535 0.717932 0.019822 0.026598
3 0.668484 0.721504 0.019822 0.026598
3 0.728420 0.724718 0.019822 0.026598
3 0.788357 0.764821 0.019822 0.026598
3 0.848293 0.639162 0.019822 0.026598
3 0.908229 0.483726 0.019822 0.026598
3 0.968166 0.359949 0.019822 0.026598
2 0.129032 0.572889 0.019822 0.026598
2 0.188968 0.691436 0.019822 0.026598
2 0.248904 0.770137 0.019822 0.026598
2 0.308854 0.715214 0.019822 0.026598
2 0.368790 0.824308 0.019822 0.026598
2 0.428726 0.751248 0.019822 0.026598
2 0.488662 0.691077 0.019822 0.026598
2 0.548599 0.697043 0.019822 0.026598
2 0.608535 0.850000 0.019822 0.026598
2 0.668484 0.671966 0.019822 0.026598
2 0.728420 0.732188 0.019822 0.026598
2 0.788357 0.753983 0.019822 0.026598
2 0.848293 0.508325 0.019822 0.026598
2 0.908229 0.208034 0.019822 0.026598
2 0.968166 0.182718 0.019822 0.026598
0 0.129032 0.522650 0.019822 0.026598
0 0.198955 0.591966 0.019822 0.026598
0 0.268892 0.574496 0.019822 0.026598
0 0.338815 0.501470 0.019822 0.026598
0 0.408739 0.687077 0.019822 0.026598
0 0.478675 0.589966 0.019822 0.026598
0 0.548599 0.552872 0.019822 0.026598
0 0.618535 0.661692 0.019822 0.026598
0 0.688459 0.698906 0.019822 0.026598
0 0.758382 0.625402 0.019822 0.026598
0 0.828318 0.667504 0.019822 0.026598
0 0.898242 0.380308 0.019822 0.026598
0 0.968166 0.048718 0.019822 0.026598
7 0.129032 0.876718 0.019822 0.026598
7 0.212943 0.751641 0.019822 0.026598
7 0.296854 0.741111 0.019822 0.026598
7 0.380777 0.666581 0.019822 0.026598
7 0.464688 0.611060 0.019822 0.026598
7 0.548599 0.736051 0.019822 0.026598
7 0.632510 0.370889 0.019822 0.026598
7 0.716433 0.486821 0.019822 0.026598
7 0.800344 0.386034 0.019822 0.026598
7 0.884255 0.340068 0.019822 0.026598
7 0.968166 0.221333 0.019822 0.026598
1 0.129032 0.552462 0.019822 0.026598
1 0.205312 0.698650 0.019822 0.026598
1 0.281605 0.625265 0.019822 0.026598
1 0.357885 0.603573 0.019822 0.026598
1 0.434178 0.598684 0.019822 0.026598
1 0.510459 0.688786 0.019822 0.026598
1 0.586739 0.622530 0.019822 0.026598
1 0.663032 0.464957 0.019822 0.026598
1 0.739312 0.421521 0.019822 0.026598
1 0.815605 0.292974 0.019822 0.026598
1 0.891885 0.357179 0.019822 0.026598
1 0.968166 0.247709 0.019822 0.026598