3 0.110673 0.622981 0.018299 0.024566
3 0.197500 0.653492 0.018299 0.024566
3 0.284327 0.777291 0.018299 0.024566
3 0.371168 0.730767 0.018299 0.024566
3 0.457995 0.748671 0.018299 0.024566
3 0.544822 0.849847 0.018299 0.024566
3 0.631662 0.817530 0.018299 0.024566
3 0.718490 0.820733 0.018299 0.024566
3 0.805317 0.893407 0.018299 0.024566
3 0.892145 0.892777 0.018299 0.024566
3 0.978985 0.904719 0.018299 0.024566
2 0.110673 0.734072 0.018299 0.024566
2 0.177462 0.689182 0.018299 0.024566
2 0.244251 0.650204 0.018299 0.024566
2 0.311053 0.674259 0.018299 0.024566
2 0.377843 0.569199 0.018299 0.024566
2 0.444632 0.546388 0.018299 0.024566
2 0.511434 0.387206 0.018299 0.024566
2 0.578223 0.356337 0.018299 0.024566
2 0.645013 0.287922 0.018299 0.024566
2 0.711815 0.242538 0.018299 0.024566
2 0.778604 0.228228 0.018299 0.024566
2 0.845393 0.194821 0.018299 0.024566
2 0.912183 0.233612 0.018299 0.024566
2 0.978985 0.176627 0.018299 0.024566